[SCALE]
1.0

[BORDER] 
63 79
58 79
58 77
39 77
39 79
36 79
36 74
34 74
34 70
30 70
30 71
29 71
29 73
30 73
30 76
29 76
29 77
28 77
28 73
25 73
25 71
22 71
22 78
24 78
24 79
20 79
20 76
17 76
17 77
16 77
16 79
5 79
5 70
6 70
6 68
11 68
11 70
10 70
10 76
14 76
14 64
2 64
2 63
3 63
3 58
2 58
2 54
4 54
4 53
6 53
6 54
8 54
8 50
9 50
9 52
10 52
10 54
13 54
13 53
14 53
14 54
16 54
16 50
17 50
17 53
19 53
19 54
22 54
22 53
24 53
24 51
26 51
26 50
27 50
27 46
26 46
26 45
22 45
22 46
20 46
20 43
19 43
19 38
18 38
18 33
19 33
19 22
13 22
13 24
4 24
4 30
2 30
2 25
3 25
3 22
4 22
4 15
2 15
2 14
3 14
3 11
2 11
2 7
3 7
3 5
4 5
4 3
5 3
5 2
6 2
6 3
11 3
11 2
12 2
12 6
11 6
11 11
15 11
15 16
14 16
14 17
13 17
13 19
18 19
18 18
20 18
20 16
19 16
19 12
20 12
20 9
18 9
18 8
19 8
19 4
18 4
18 3
19 3
19 2
28 2
28 5
29 5
29 10
30 10
30 11
34 11
34 10
36 10
36 8
39 8
39 9
40 9
40 10
43 10
43 8
46 8
46 10
49 10
49 9
50 9
50 5
52 5
52 3
56 3
56 4
55 4
55 5
60 5
60 8
62 8
62 13
61 13
61 14
54 14
54 15
50 15
50 14
47 14
47 15
42 15
42 14
39 14
39 15
35 15
35 14
30 14
30 15
28 15
28 18
29 18
29 26
30 26
30 27
34 27
34 26
35 26
35 24
34 24
34 21
36 21
36 19
40 19
40 24
39 24
39 27
51 27
51 19
59 19
59 20
56 20
56 29
62 29
62 31
34 31
34 30
30 30
30 35
35 35
35 37
39 37
39 38
42 38
42 36
46 36
46 37
47 37
47 38
50 38
50 37
53 37
53 36
54 36
54 37
63 37
63 39
62 39
62 42
61 42
61 45
62 45
62 46
54 46
54 50
57 50
57 52
58 52
58 53
60 53
60 55
59 55
59 58
61 58
61 59
60 59
60 60
62 60
62 62
61 62
61 61
55 61
55 62
50 62
50 57
51 57
51 50
52 50
52 49
51 49
51 46
47 46
47 43
38 43
38 45
36 45
36 46
34 46
34 45
31 45
31 46
30 46
30 50
31 50
31 51
34 51
34 53
40 53
40 50
41 50
41 53
46 53
46 62
45 62
45 60
44 60
44 59
41 59
41 62
40 62
40 59
34 59
34 62
30 62
30 63
28 63
28 66
30 66
30 67
34 67
34 66
53 66
53 65
60 65
60 66
61 66
61 69
63 69
63 75
65 75
65 78
63 78

[OBSTACLE] 
21 58
21 61
20 61
20 63
22 63
22 64
24 64
24 63
25 63
25 62
24 62
24 61
25 61
25 59
23 59
23 58

[OBSTACLE] 
13 57
13 59
12 59
12 60
13 60
13 61
15 61
15 62
17 62
17 57
16 57
16 58
15 58
15 57

[OBSTACLE] 
5 58
5 62
8 62
8 61
10 61
10 59
7 59
7 58

[OBSTACLE] 
5 16
5 20
9 20
9 16
