[SCALE]
1.0

[BORDER] 
304 162
264 162
264 161
261 161
261 149
264 149
264 145
261 145
261 143
263 143
263 140
257 140
257 143
256 143
256 146
246 146
246 143
242 143
242 146
239 146
239 142
216 142
216 141
215 141
215 140
209 140
209 143
210 143
210 145
208 145
208 149
206 149
206 150
205 150
205 151
204 151
204 152
203 152
203 153
202 153
202 154
201 154
201 155
200 155
200 156
199 156
199 157
198 157
198 159
194 159
194 162
182 162
182 159
178 159
178 162
176 162
176 160
173 160
173 166
174 166
174 167
175 167
175 190
177 190
177 181
179 181
179 193
176 193
176 192
173 192
173 198
176 198
176 197
178 197
178 199
177 199
177 202
183 202
183 199
182 199
182 197
184 197
184 196
194 196
194 199
198 199
198 196
210 196
210 199
213 199
213 200
227 200
227 199
229 199
229 200
243 200
243 209
240 209
240 213
243 213
243 215
241 215
241 218
243 218
243 220
241 220
241 223
243 223
243 225
240 225
240 229
243 229
243 239
242 239
242 241
240 241
240 242
216 242
216 241
214 241
214 229
216 229
216 225
213 225
213 211
216 211
216 207
212 207
212 210
198 210
198 207
194 207
194 210
182 210
182 207
183 207
183 204
177 204
177 207
178 207
178 209
176 209
176 208
173 208
173 210
171 210
171 208
168 208
168 210
166 210
166 207
167 207
167 204
161 204
161 207
162 207
162 209
160 209
160 211
158 211
158 207
154 207
154 211
141 211
141 207
137 207
137 211
124 211
124 207
120 207
120 211
109 211
109 207
105 207
105 211
100 211
100 210
84 210
84 211
68 211
68 181
71 181
71 177
70 177
70 165
72 165
72 161
69 161
69 149
72 149
72 150
75 150
75 144
72 144
72 145
70 145
70 143
66 143
66 145
65 145
65 146
54 146
54 143
53 143
53 103
54 103
54 100
66 100
66 103
70 103
70 100
72 100
72 102
75 102
75 96
74 96
74 91
73 91
73 84
72 84
72 82
74 82
74 77
73 77
73 68
72 68
72 65
69 65
69 64
74 64
74 58
73 58
73 51
72 51
72 47
68 47
68 50
62 50
62 49
58 49
58 50
54 50
54 47
50 47
50 50
46 50
46 49
42 49
42 50
38 50
38 47
34 47
34 50
24 50
24 47
21 47
21 37
24 37
24 33
21 33
21 21
24 21
24 17
21 17
21 5
24 5
24 3
35 3
35 17
32 17
32 21
35 21
35 34
32 34
32 38
36 38
36 35
50 35
50 38
54 38
54 35
111 35
111 38
112 38
112 41
113 41
113 42
119 42
119 39
117 39
117 37
120 37
120 33
117 33
117 21
120 21
120 18
145 18
145 21
141 21
141 33
144 33
144 37
147 37
147 38
141 38
141 50
147 50
147 51
144 51
144 55
148 55
148 52
162 52
162 55
166 55
166 52
178 52
178 55
177 55
177 58
183 58
183 55
182 55
182 53
184 53
184 54
187 54
187 52
189 52
189 54
192 54
192 52
194 52
194 55
193 55
193 58
199 58
199 55
198 55
198 53
200 53
200 51
274 51
274 54
278 54
278 52
288 52
288 55
291 55
291 65
288 65
288 69
291 69
291 81
288 81
288 85
290 85
290 97
288 97
288 101
291 101
291 113
288 113
288 112
285 112
285 118
288 118
288 117
290 117
290 119
292 119
292 121
306 121
306 119
307 119
307 129
304 129
304 133
307 133
307 135
305 135
305 138
307 138
307 140
305 140
305 143
307 143
307 145
304 145
304 149
307 149
307 161
304 161

[OBSTACLE] 
97 124
97 127
98 127
98 129
96 129
96 132
93 132
93 145
96 145
96 146
86 146
86 143
82 143
82 146
80 146
80 144
77 144
77 150
80 150
80 148
82 148
82 151
83 151
83 161
80 161
80 165
83 165
83 177
80 177
80 181
83 181
83 195
80 195
80 199
84 199
84 196
98 196
98 199
102 199
102 195
105 195
105 199
109 199
109 195
120 195
120 199
124 199
124 195
137 195
137 199
141 199
141 195
154 195
154 199
158 199
158 195
162 195
162 198
163 198
163 199
161 199
161 202
167 202
167 199
165 199
165 198
166 198
166 197
168 197
168 198
171 198
171 192
168 192
168 193
166 193
166 191
165 191
165 181
167 181
167 190
169 190
169 167
170 167
170 166
171 166
171 160
168 160
168 162
166 162
166 159
163 159
163 158
162 158
162 157
161 157
161 156
160 156
160 155
159 155
159 154
158 154
158 153
157 153
157 152
156 152
156 151
155 151
155 150
153 150
153 151
152 151
152 152
151 152
151 153
150 153
150 154
149 154
149 149
152 149
152 145
149 145
149 133
152 133
152 129
149 129
149 127
151 127
151 124
145 124
145 125
144 125
144 126
121 126
121 128
124 128
124 130
118 130
118 127
114 127
114 130
108 130
108 127
105 127
105 130
102 130
102 127
103 127
103 124

[OBSTACLE] 
274 145
274 149
278 149
278 145

[OBSTACLE] 
290 145
290 149
294 149
294 145

[OBSTACLE] 
193 60
193 63
194 63
194 65
192 65
192 64
189 64
189 70
192 70
192 69
194 69
194 71
195 71
195 81
193 81
193 72
191 72
191 95
190 95
190 96
189 96
189 102
192 102
192 100
194 100
194 103
198 103
198 105
199 105
199 106
200 106
200 107
201 107
201 108
202 108
202 109
203 109
203 110
204 110
204 111
205 111
205 112
206 112
206 113
208 113
208 117
211 117
211 129
208 129
208 133
211 133
211 135
209 135
209 138
215 138
215 137
216 137
216 136
239 136
239 132
242 132
242 135
246 135
246 132
256 132
256 135
257 135
257 138
263 138
263 135
262 135
262 133
264 133
264 129
261 129
261 119
262 119
262 121
276 121
276 119
278 119
278 116
280 116
280 118
283 118
283 112
280 112
280 114
278 114
278 111
277 111
277 101
280 101
280 97
277 97
277 85
280 85
280 81
277 81
277 69
280 69
280 65
278 65
278 63
274 63
274 67
198 67
198 63
199 63
199 60

[OBSTACLE] 
179 129
179 131
178 131
178 137
185 137
185 131
183 131
183 130
182 130
182 129

[OBSTACLE] 
82 129
82 133
86 133
86 129

[OBSTACLE] 
274 129
274 133
278 133
278 129

[OBSTACLE] 
66 129
66 133
70 133
70 129

[OBSTACLE] 
290 129
290 133
294 133
294 129

[OBSTACLE] 
113 44
113 45
112 45
112 48
115 48
115 49
112 49
112 50
110 50
110 49
106 49
106 50
102 50
102 47
98 47
98 50
94 50
94 49
90 49
90 50
84 50
84 47
80 47
80 51
79 51
79 62
78 62
78 64
83 64
83 65
80 65
80 68
79 68
79 80
78 80
78 82
80 82
80 84
79 84
79 95
78 95
78 96
77 96
77 102
80 102
80 101
82 101
82 103
86 103
86 100
96 100
96 101
93 101
93 114
96 114
96 117
99 117
99 119
97 119
97 122
103 122
103 119
101 119
101 117
104 117
104 116
105 116
105 119
108 119
108 116
114 116
114 119
118 119
118 116
124 116
124 118
121 118
121 120
144 120
144 121
145 121
145 122
151 122
151 119
150 119
150 117
152 117
152 113
149 113
149 109
150 109
150 110
151 110
151 111
152 111
152 112
153 112
153 113
155 113
155 112
156 112
156 111
157 111
157 110
158 110
158 109
159 109
159 108
160 108
160 107
161 107
161 106
162 106
162 105
163 105
163 104
162 104
162 103
166 103
166 100
178 100
178 103
182 103
182 100
184 100
184 102
187 102
187 96
186 96
186 95
185 95
185 72
183 72
183 81
181 81
181 69
184 69
184 70
187 70
187 64
184 64
184 65
182 65
182 63
183 63
183 60
177 60
177 63
178 63
178 65
176 65
176 68
119 68
119 65
117 65
117 53
120 53
120 49
117 49
117 47
119 47
119 44

[OBSTACLE] 
66 113
66 117
70 117
70 113

[OBSTACLE] 
82 113
82 117
86 117
86 113

[OBSTACLE] 
130 49
130 53
134 53
134 49

[OBSTACLE] 
130 33
130 37
134 37
134 33
