[SCALE]
0.01

[BORDER]
1450.26130676 36.5343004465
1451.74951553 85.4838013649
1452.8336525 90.230602026
1454.97236252 95.0366973877
1457.77082443 99.0175008774
1475.48913956 115.99509716
1479.72021103 118.673801422
1484.77487564 120.603895187
1489.71118927 121.427202225
1807.45067596 110.533702374
1816.61777496 106.297898293
1817.45376587 105.381095409
1878.60069275 105.433404446
1880.8914184599998 436.387300491
1883.7392807 444.368982315
1889.4952774 451.508903503
1896.6886520399999 455.984783173
1915.75222015 460.265779495
1920.6890106199999 505.87191581699994
1924.9500274700001 514.141893387
1932.4768066400002 520.838880539
1941.18747711 524.109315872
1942.06199646 524.10159111
1942.4987793 558.342695236
1936.7204666100001 560.011291504
1930.28945923 564.297199249
1925.05569458 570.8190917969999
1922.26428986 578.026390076
1917.20466614 658.509206772
1895.09887695 662.589979172
1887.50038147 667.057991028
1881.42414093 674.41649437
1878.47423553 682.723712921
1879.5680999799997 822.5672721860001
1859.4871521000002 835.74256897
1855.04341125 840.777111053
1851.84421539 847.297859192
1850.5819320699998 853.8954734800001
1856.5689086900002 930.443191528
1858.10089111 935.559558868
1860.8869552600001 940.6149864199999
1864.3936157199998 944.641685486
1875.95119476 953.2746315
1876.3454437299997 1037.57810593
1876.97048187 1041.4349556
1878.28464508 1045.4460144
1880.06210327 1048.92349243
1888.7668609599998 1060.90183258
1891.98646545 1063.98906708
1896.00334167 1066.65821075
1900.1014709500002 1068.4311866799999
1918.16062927 1072.66330719
1918.1144714399998 1116.264534
1913.5824203500001 1120.15161514
1910.3254318200002 1124.46804047
1907.8828811600001 1129.78038788
1906.72664642 1135.06650925
1906.7363739000002 1173.53658676
1888.1052017199997 1181.34288788
1882.05814362 1186.5847587599999
1877.6117324800002 1194.01597977
1875.8514404300001 1201.82285309
1880.9816360500001 1255.29327393
1882.87754059 1260.8431816099999
1886.26003265 1266.20616913
1890.45181274 1270.30820847
1918.1974410999999 1286.97891235
1917.6528930700001 1319.81077194
1911.0078811600001 1324.00827408
1906.7817688000002 1328.4160614
1903.49330902 1334.14211273
1901.81617737 1340.01502991
1899.3724823 1409.62600708
1887.7435684200002 1415.95106125
1882.91053772 1420.5854415899998
1879.18643951 1426.79595947
1877.3754119900002 1433.2428932199998
1876.1169433599998 1599.03888702
1856.9185257000001 1632.62825012
1855.65986633 1635.7288360599998
1854.7590255700002 1639.2288208
1854.36420441 1642.54932404
1854.7346115100001 1666.93077087
1855.34725189 1670.6205367999999
1856.59503937 1674.46498871
1858.26702118 1677.8123855600002
1876.70993805 1704.0519714399998
1878.21178436 1857.6595306400002
1878.31401825 1859.13829803
1878.51905823 1860.72673798
1878.79562378 1862.18395233
1886.3904952999999 1892.3101425199998
1887.91007996 1895.8845138499998
1890.1292800899998 1899.44782257
1891.11213684 1900.58612823
1219.6620941200001 1895.65105438
1210.9174728399998 1898.96717072
1203.38630676 1905.73806763
1199.16181564 1914.08138275
1198.09808731 1924.8020172099998
1197.24159241 1925.54988861
1196.56581879 1922.8719711299998
1194.5957183799999 1918.50852966
1192.09280014 1914.8557663
1176.93061829 1899.44896698
1172.5104332 1896.53739929
1167.17939377 1894.46029663
1161.9544982900002 1893.61381531
1064.93759155 1898.50196838
1058.22248459 1900.82168579
1051.94482803 1905.25550842
1047.5123405499999 1910.81008911
1040.17572403 1928.60031128
1030.62047958 1928.60202789
1026.13658905 1910.05897522
1021.5370178200001 1902.93445587
1014.2934799200001 1897.2951889
1006.25677109 1894.58332062
811.2907409669999 1896.6588974000001
805.216121674 1898.2801437399999
799.284887314 1901.6056060800001
794.731092453 1905.9448242199999
782.363080978 1925.7062912
775.483417511 1925.71907043
769.33298111 1908.2107543900001
764.6407127379999 1901.9969940199999
757.758808136 1897.13554382
750.3322124480001 1894.78931427
566.375780106 1895.3552246099998
529.949617386 1880.14278412
525.349092484 1879.17137146
520.2711105349999 1879.06684875
515.638685226 1879.84676361
477.414894104 1893.97945404
234.231710434 1893.96934509
231.196498871 1894.34185028
227.990198135 1895.14102936
225.13370513900003 1896.23756409
213.38720321700004 1902.4843215899998
196.709799767 1902.17704773
192.587697506 1898.4739303600002
188.814401627 1896.13552094
184.35529470400002 1894.3664550800002
180.00479936600001 1893.4818267800001
105.79500198400001 1891.73965454
107.382297516 1809.5165252699999
106.63429498699999 1804.98886108
104.94929552100001 1800.32653809
102.63199806200001 1796.36898041
89.50669765469999 1781.18000031
85.8691990376 1743.7631607099997
97.9646027088 1736.83280945
102.867996693 1731.78424835
106.457996368 1725.0719070399998
107.935202122 1718.19171906
102.19169855100002 1634.0513229399999
106.996202469 1621.56505585
107.61510133700001 1619.38667297
108.067905903 1616.9839858999999
108.284294605 1614.7319793699999
108.89840126000001 1500.96721649
116.61330461499999 1499.04565811
123.473095894 1494.68307495
129.018294811 1487.8537178
131.879198551 1480.2446365399999
133.133804798 1446.6259002699999
132.402694225 1441.89891815
130.658698082 1437.03365326
128.221702576 1432.92016983
107.746696472 1409.83419418
108.114302158 1350.43115616
123.945105076 1328.18069458
126.19539499300001 1322.41306305
127.033901215 1315.77310562
126.288795471 1309.62934494
108.052194118 1262.1872901899999
109.74509716 1204.50716019
109.47459936099999 1201.52282715
108.799004555 1198.35481644
107.82690048200001 1195.51639557
84.1382980347 1146.45738602
84.7093999386 1114.46819305
93.0748999119 1110.85128784
98.6464977264 1106.19039536
102.989196777 1099.6425628700001
105.11549711199999 1092.69809723
108.980798721 644.934892654
108.075594902 640.131521225
106.11120462400001 635.230016708
103.451502323 631.133890152
91.682100296 619.011688232
88.36100101470001 616.5623188019999
84.389102459 614.540815353
80.45859932900001 613.297986984
66.260099411 611.271905899
64.6184027195 488.37060928299996
82.9995989799 488.464403152
92.06420183179999 484.837913513
99.6830999851 477.505493164
103.654098511 468.588209152
108.353102207 327.701592445
144.721901417 313.972091675
151.422297955 308.200311661
156.092703342 299.842405319
157.496905327 291.110396385
151.941001415 262.331104279
156.903195381 258.010005951
160.212504864 253.47909927400002
162.615501881 247.90999889399998
163.641297817 242.39358902
162.57979869800002 215.640592575
161.202299595 210.38250923200002
158.526396751 205.15089034999997
155.06800413099998 200.955700874
107.956302166 164.031994343
109.29069519000001 125.683200359
428.984689713 128.584504128
431.60009384200004 128.332805634
434.383916855 127.76579856900001
436.893987656 126.97249651
460.46490669300005 116.690397263
465.38410186799996 112.88100481000001
469.531393051 107.584095001
472.049379349 101.894700527
473.420190811 93.8645005226
504.39729690600007 93.0047988892
524.539804459 102.92969942100001
529.932689667 112.141597271
534.569120407 116.741096973
540.692996979 120.260798931
547.003221512 121.951603889
824.239730835 122.496604919
833.495044708 118.652498722
835.991001129 116.13689661
876.8948554990001 116.13039970400001
899.57447052 133.54460000999998
901.6095161439999 134.817194939
903.9305686949999 135.975694656
906.1737060549999 136.83780431699998
961.302185059 152.145898342
962.806224823 152.46540308000002
964.4445419309999 152.70949602099998
965.968322754 152.841997147
1090.31600952 156.02170229
1094.03209686 155.55870533
1097.92995453 154.465401173
1101.34811401 152.926003933
1152.4986267099998 119.937002659
1283.66641998 116.210198402
1286.7124557500001 119.20939683900001
1295.94497681 122.94429540600001
1382.85427094 122.17789888399999
1390.22531509 119.76280212399999
1397.03350067 114.856600761
1401.65643692 108.62929821
1409.9070549 84.6054017544
1410.38131714 82.7925980091
1410.74676514 80.7955980301
1410.94551086 78.9206981659
1412.2991561899998 34.1435998678

[OBSTACLE]
1473.0504035899999 373.432803154
1472.55868912 373.44679832500003
1472.0255851699999 373.47240448
1471.53024673 373.506093025
1437.91437149 376.46470069900005
1432.72781372 378.09410095199996
1427.63395309 381.017398834
1423.61459732 384.667897224
1406.65922165 408.563518524
1341.09706879 400.83432197600007
1332.58342743 402.81701088000005
1326.58309937 406.705188751
1300.65050125 401.967287064
1293.1982994100001 402.844810486
1285.76917648 406.11920356800005
1280.09271622 411.02929115300003
1274.4716644300001 420.00150680499996
996.604442596 424.21522140499997
987.8790855409999 427.779388428
980.484580994 434.813499451
976.4896392820001 443.34769249
973.170375824 494.12980079700003
932.2506904600001 494.744491577
932.655715942 442.942810059
928.8780212400001 433.678102493
921.237945557 425.988578796
911.996459961 422.151088715
762.508678436 422.36881256099997
755.884981155 424.23791885400004
749.533176422 428.120088577
744.848394394 433.16330909699997
720.372200012 480.76300621
719.316005707 483.631086349
718.5613155359999 486.843585968
718.229818344 489.878511429
718.697977066 525.37112236
684.910297394 542.441797256
683.4478855130001 543.310117722
681.931018829 544.356393814
680.592107773 545.422077179
658.815288544 565.3333187100001
618.9688205719999 512.0125770569999
618.830108643 473.555898666
618.092823029 469.35558319100005
616.540002823 465.02041816700006
614.446687698 461.311912537
588.038921356 428.908586502
583.671712875 425.478601456
578.252887726 422.89738655100007
572.83911705 421.66738510100004
329.826688766 421.12622260999996
324.476909637 422.30000495900003
319.105291367 424.79090690600003
314.752602577 428.116607666
305.626797676 438.94882202099996
303.39820385 442.82560348500004
301.771402359 447.37648963899994
301.037192345 451.78861617999996
304.98020649 742.736291885
307.634305954 750.377082825
312.966609001 757.317686081
319.66400146499996 761.850690842
331.693410873 765.2353763579999
359.429192543 792.468214035
358.313894272 813.036346436
309.620594978 833.399581909
303.827190399 838.237094879
299.384093285 845.086669922
297.328901291 852.347278595
303.77380847899997 1124.04069901
306.794595718 1132.02199936
312.743902206 1139.08672333
320.09301185600003 1143.42088699
347.508692741 1148.83117676
347.34930992100004 1180.85956573
332.458400726 1181.1264991799999
326.488804817 1182.7404022199999
320.65379619600003 1186.00521088
316.155409813 1190.2486801100001
302.284598351 1211.9638443
300.58119297 1216.11375809
299.56829547899997 1220.85409164
299.426603317 1225.3370285
308.951997757 1289.52112198
312.358403206 1296.484375
318.153190613 1302.54983902
324.956488609 1306.2707900999999
346.449398994 1310.46600342
340.944004059 1473.1218337999999
317.883205414 1484.89255905
312.92450428 1489.40792084
309.038901329 1495.53041458
307.064509392 1501.9370079
302.118802071 1654.6499252299998
305.389809608 1663.6850357099997
312.308597565 1671.46167755
320.904994011 1675.7621765100002
383.177804947 1681.00624084
387.639403343 1743.6887741100002
391.74129962899997 1752.2562027
399.27620887800003 1759.2586517299999
408.119392395 1762.7227783199999
561.178302765 1762.40692139
568.831300735 1768.38378906
569.3065166470001 1772.60360718
573.959922791 1781.17465973
582.12018013 1787.88375854
591.430187225 1790.79246521
627.687692642 1787.7944946300001
631.263685226 1786.96041107
634.954500198 1785.5045318599998
638.137292862 1783.6721420300003
659.7865104680001 1766.55540466
834.9676132200001 1762.89081573
839.665031433 1761.8770599400002
844.4415092470001 1759.83390808
848.420810699 1757.13539124
862.163066864 1743.33114624
864.866733551 1739.28565979
866.890907288 1734.43183899
867.8627014159999 1729.66403961
867.969036102 1714.60151672
953.190326691 1715.4386520399999
961.714076996 1747.07393646
966.401958466 1754.00371552
973.6405372620001 1759.44328308
981.5998077390001 1762.018013
1276.72052383 1756.5107345600002
1280.90848923 1755.71041107
1285.2223396299999 1754.09202576
1288.90314102 1751.9399642900003
1312.3600959799999 1732.21359253
1314.81380463 1729.43611145
1316.99380875 1726.0768890400002
1318.53113174 1722.70374298
1318.6167717 1722.40524292
1402.414608 1721.26121521
1431.25429153 1753.37715149
1435.49976349 1756.4708709699999
1440.6828880300002 1758.78772736
1445.81813812 1759.8880767800001
1556.7193985 1760.0845336900002
1556.83488846 1776.62982941
1560.65769196 1785.74237823
1568.24235916 1793.29566956
1577.37026215 1797.08099365
1608.10470581 1797.16892242
1617.29774475 1793.39542389
1624.93686676 1785.80970764
1628.77464294 1776.64222717
1629.6493530300002 1561.31286621
1625.9973525999999 1552.2347450299999
1618.6258316 1544.61708069
1609.6700668299998 1540.66896439
1550.61836243 1538.98010254
1551.0371208200002 1505.67617416
1612.81604767 1504.6388626100002
1621.9865799000002 1500.6327629099999
1629.48627472 1492.8028106699999
1633.09383392 1483.46643448
1628.83300781 1322.22309113
1624.97329712 1313.32969666
1617.4955367999999 1305.95750809
1608.54854584 1302.22463608
1472.40104675 1300.55990219
1466.94688797 1301.72185898
1461.47403717 1304.2454719500001
1457.05060959 1307.6368331899998
1452.04401016 1313.64555359
1156.53028488 1310.23406982
1156.5723419199999 888.8465881349999
1249.19939041 887.448596954
1246.6016769399998 1043.50690842
1247.1121788 1047.2681999200001
1248.2707977300001 1051.20191574
1249.88012314 1054.6385765100001
1278.80344391 1097.88799286
1283.2585334799999 1101.96390152
1288.9834404 1105.0959587099999
1294.81296539 1106.6495895399999
1330.65671921 1107.37724304
1333.69283676 1110.40096283
1342.95301437 1114.18981552
1577.0316124 1112.63875961
1581.02760315 1111.9594574
1585.16969681 1110.53981781
1588.7407302899999 1108.62646103
1617.44670868 1086.64150238
1619.3906784100002 1084.79099274
1621.26102448 1082.58256912
1622.7619171099998 1080.36909103
1637.5597000100001 1052.55737305
1638.66233826 1049.67937469
1639.4628524800003 1046.44622803
1639.8305892900003 1043.38359833
1638.99288177 818.574428558
1635.73741913 810.049438477
1631.1033248899998 804.8273086549999
1629.0878295900002 753.922319412
1625.95462799 746.006393433
1619.91844177 739.042806625
1612.5259399400002 734.817409515
1600.36354065 732.580280304
1598.78940582 700.18157959
1637.5703811600001 630.1884174349999
1638.76876831 627.146816254
1639.62535858 623.718118668
1639.9978637699999 620.466279984
1638.05656433 504.110097885
1658.69045258 483.31432342499994
1661.72447205 478.37171554599996
1663.6936187700003 472.421312332
1664.20764923 466.648101807
1664.10331726 465.919208527
1668.21079254 458.54859352100004
1669.34947968 448.633003235
1652.2851944 389.22419548
1647.7521896399999 382.579994202
1640.8407211299998 377.291989326
1633.24508667 374.654507637
1591.77188873 374.01950359299997
1587.84952164 374.583697319
1583.7565422100001 375.854611397
1580.19838333 377.615308762
1541.8547630300002 404.872608185
1526.1105537400001 406.222820282
1507.82833099 389.619493484
1507.18984604 388.704204559
1504.36706543 385.797810555
1492.7738189699999 377.196788788
1489.17484283 375.338506699
1485.01119614 373.982000351
1481.00376129 373.363494873
