[SCALE]
0.01

[BORDER]
-708.1119 1109.2027
-704.8358000000001 1113.201
-704.8358000000001 1113.201
-700.2261 1116.5431999999998
-700.2261 1116.5431999999998
-695.4091 1118.4136
-695.4091 1118.4136
-692.2011 1118.7791
-692.2011 1118.7791
-675.2955 1159.9247
-675.2955 1159.9247
-677.6392000000001 1162.9277
-677.6392000000001 1162.9277
-679.9464 1168.5841
-679.9464 1168.5841
-680.4829 1173.3606
-680.4829 1173.3606
-866.3316 1270.4608
-866.3316 1270.4608
-870.0381 1273.7684
-870.0381 1273.7684
-873.1062 1278.3006
-873.1062 1278.3006
-874.8003000000001 1282.9719
-874.8003000000001 1282.9719
-877.4632 1309.3197
-877.4632 1309.3197
-875.0914 1317.0439
-875.0914 1317.0439
-869.3668 1323.888
-869.3668 1323.888
-862.1835000000001 1327.5876
-862.1835000000001 1327.5876
-861.2040999999999 1327.6631
-861.2040999999999 1327.6631
-795.1224 1466.2079
-795.1224 1466.2079
-823.9554999999999 1480.0286
-823.9554999999999 1480.0286
-824.6141 1479.6328
-824.6141 1479.6328
-836.4665 1479.4158
-836.4665 1479.4158
-845.8344999999999 1484.5886
-845.8344999999999 1484.5886
-854.8908000000001 1499.5787
-854.8908000000001 1499.5787
-870.7978 1507.879
-870.7978 1507.879
-872.8199 1504.1078
-872.8199 1504.1078
-880.0727999999999 1498.7591
-880.0727999999999 1498.7591
-889.8514 1496.8559
-889.8514 1496.8559
-898.5823999999999 1499.0949
-898.5823999999999 1499.0949
-930.0153 1525.2663
-930.0153 1525.2663
-944.4144 1530.1035000000002
-944.4144 1530.1035000000002
-947.25 1528.6969
-947.25 1528.6969
-955.1201000000001 1527.8629
-955.1201000000001 1527.8629
-962.0708000000001 1529.6324
-962.0708000000001 1529.6324
-967.5003 1533.3799000000001
-967.5003 1533.3799000000001
-999.1977999999999 1485.8314
-999.1977999999999 1485.8314
-1005.5899000000001 1481.4560999999999
-1005.5899000000001 1481.4560999999999
-1013.9395999999999 1479.6093
-1013.9395999999999 1479.6093
-1021.5818 1480.8815
-1021.5818 1480.8815
-1043.3291000000002 1494.1428
-1043.3291000000002 1494.1428
-1076.5351 1447.1589
-1076.5351 1447.1589
-1082.9359 1442.9837
-1082.9359 1442.9837
-1091.2013 1441.3044
-1091.2013 1441.3044
-1098.7222 1442.6499
-1098.7222 1442.6499
-1169.9441 1486.7587
-1169.9441 1486.7587
-1174.7964 1494.1374
-1174.7964 1494.1374
-1176.2269999999999 1503.7914
-1176.2269999999999 1503.7914
-1173.7234 1512.26
-1173.7234 1512.26
-1110.1521 1584.4458
-1110.1521 1584.4458
-1157.8701 1611.6589999999999
-1157.8701 1611.6589999999999
-1161.4451000000001 1615.0894999999998
-1161.4451000000001 1615.0894999999998
-1164.3412 1619.7133999999999
-1164.3412 1619.7133999999999
-1165.8668 1624.4236999999998
-1165.8668 1624.4236999999998
-1170.9443999999999 1700.1729
-1170.9443999999999 1700.1729
-1165.999 1709.9561
-1165.999 1709.9561
-1155.7573 1716.4887
-1155.7573 1716.4887
-1152.9873 1716.5794999999998
-1152.9873 1716.5794999999998
-1153.7113 1724.1633
-1153.7113 1724.1633
-1153.6122 1726.8154
-1153.6122 1726.8154
-1153.1183 1729.6961
-1153.1183 1729.6961
-1152.3265000000001 1732.2331
-1152.3265000000001 1732.2331
-1138.5908 1761.7757000000001
-1138.5908 1761.7757000000001
-1135.0830999999998 1765.9031
-1135.0830999999998 1765.9031
-1130.1476 1769.2595000000001
-1130.1476 1769.2595000000001
-1125.0192 1771.0045
-1125.0192 1771.0045
-1118.4437 1771.3914
-1118.4437 1771.3914
-1115.0124 1777.5828000000001
-1115.0124 1777.5828000000001
-1111.0732 1779.9034
-1111.0732 1779.9034
-1088.5976 1818.5508
-1088.5976 1818.5508
-1090.2865 1822.0058000000001
-1090.2865 1822.0058000000001
-1090.9546 1830.3495000000003
-1090.9546 1830.3495000000003
-1088.7513999999999 1837.6055000000001
-1088.7513999999999 1837.6055000000001
-1081.7845 1846.4082
-1081.7845 1846.4082
-1081.0349999999999 1848.2402
-1081.0349999999999 1848.2402
-1068.5663 1861.7408
-1068.5663 1861.7408
-1063.5239000000001 1864.0681
-1063.5239000000001 1864.0681
-1054.6791 1886.2139
-1054.6791 1886.2139
-1058.5165 1888.2078
-1058.5165 1888.2078
-1064.2511000000002 1886.2412
-1064.2511000000002 1886.2412
-1068.3464000000001 1885.7277
-1068.3464000000001 1885.7277
-1072.8745999999999 1886.0949
-1072.8745999999999 1886.0949
-1076.8312999999998 1887.2603000000001
-1076.8312999999998 1887.2603000000001
-1140.4278 1921.3401999999999
-1140.4278 1921.3401999999999
-1145.2348000000002 1926.8522
-1145.2348000000002 1926.8522
-1148.0433 1934.4171
-1148.0433 1934.4171
-1147.9985 1941.7290999999998
-1147.9985 1941.7290999999998
-1127.0967 1995.9821000000002
-1127.0967 1995.9821000000002
-1119.2457 2002.6012
-1119.2457 2002.6012
-1108.0996 2004.8359999999998
-1108.0996 2004.8359999999998
-1098.304 2001.7553
-1098.304 2001.7553
-1096.9682 2000.3597
-1096.9682 2000.3597
-1088.9367 2002.4098
-1088.9367 2002.4098
-1078.1452 1999.0639999999999
-1078.1452 1999.0639999999999
-1069.8897 1989.6432999999997
-1069.8897 1989.6432999999997
-1067.9892 1978.506
-1067.9892 1978.506
-1072.1612 1968.1081
-1072.1612 1968.1081
-1053.9642000000001 1960.8526000000002
-1053.9642000000001 1960.8526000000002
-1056.0497 1965.9651000000001
-1056.0497 1965.9651000000001
-1055.7586000000001 1975.3417
-1055.7586000000001 1975.3417
-1052.069 1982.9906
-1052.069 1982.9906
-994.4758999999999 2031.7916
-994.4758999999999 2031.7916
-991.8172000000001 2033.4126999999999
-991.8172000000001 2033.4126999999999
-988.6512 2034.7222
-988.6512 2034.7222
-985.6261 2035.4526
-985.6261 2035.4526
-977.4513000000001 2036.1211999999998
-977.4513000000001 2036.1211999999998
-950.5795 2095.3238
-950.5795 2095.3238
-949.0805 2097.6848
-949.0805 2097.6848
-947.0849 2100.0286
-947.0849 2100.0286
-944.9925000000001 2101.8856
-944.9925000000001 2101.8856
-933.0128 2109.8406
-933.0128 2109.8406
-908.1902 2166.1214999999997
-908.1902 2166.1214999999997
-898.6799 2208.5487000000003
-898.6799 2208.5487000000003
-978.9445000000001 2247.1685
-978.9445000000001 2247.1685
-995.1864 2245.0527
-995.1864 2245.0527
-1000.1606 2245.6508
-1000.1606 2245.6508
-1005.308 2247.6406
-1005.308 2247.6406
-1009.3906999999999 2250.5432
-1009.3906999999999 2250.5432
-1011.5154 2253.0474000000004
-1011.5154 2253.0474000000004
-1030.4741 2248.4528999999998
-1030.4741 2248.4528999999998
-1036.3647 2248.7778
-1036.3647 2248.7778
-1042.4766 2250.9948
-1042.4766 2250.9948
-1047.2044 2254.5204
-1047.2044 2254.5204
-1059.0643 2270.5404000000003
-1059.0643 2270.5404000000003
-1060.3101000000001 2281.1063
-1060.3101000000001 2281.1063
-1058.5166 2285.3182
-1058.5166 2285.3182
-1243.2133000000001 2376.1555000000003
-1243.2133000000001 2376.1555000000003
-1245.2261999999998 2377.4657
-1245.2261999999998 2377.4657
-1247.2523 2379.1619
-1247.2523 2379.1619
-1248.8958 2380.9121999999998
-1248.8958 2380.9121999999998
-1253.2436 2386.8253
-1253.2436 2386.8253
-1324.3232 2417.2146000000002
-1324.3232 2417.2146000000002
-1336.5108 2391.9908
-1336.5108 2391.9908
-1342.1272 2386.8246
-1342.1272 2386.8246
-1349.9908 2383.8049
-1349.9908 2383.8049
-1357.6225000000002 2383.8845
-1357.6225000000002 2383.8845
-1431.9435 2414.217
-1431.9435 2414.217
-1433.6916999999999 2415.1411
-1433.6916999999999 2415.1411
-1435.5054 2416.3426
-1435.5054 2416.3426
-1437.0381 2417.5918
-1437.0381 2417.5918
-1469.3681 2449.7437
-1469.3681 2449.7437
-1472.4263 2456.8999000000003
-1472.4263 2456.8999000000003
-1472.5941 2465.4885
-1472.5941 2465.4885
-1469.819 2472.7574
-1469.819 2472.7574
-1465.288 2477.6315
-1465.288 2477.6315
-1525.6877 2503.7989
-1525.6877 2503.7989
-1527.4685 2502.5163
-1527.4685 2502.5163
-1534.7264 2500.6351
-1534.7264 2500.6351
-1542.9453 2501.601
-1542.9453 2501.601
-1549.5701999999999 2505.1145
-1549.5701999999999 2505.1145
-1564.317 2522.1841
-1564.317 2522.1841
-1586.0526 2531.5163
-1586.0526 2531.5163
-1594.6125 2527.5939000000003
-1594.6125 2527.5939000000003
-1601.0096 2526.8835
-1601.0096 2526.8835
-1607.9542 2528.3528
-1607.9542 2528.3528
-1613.5168 2531.5947
-1613.5168 2531.5947
-1624.5645 2544.0911
-1624.5645 2544.0911
-1624.8075 2544.6048
-1624.8075 2544.6048
-1627.4426999999998 2543.9825
-1627.4426999999998 2543.9825
-1632.2588 2543.915
-1632.2588 2543.915
-1636.5414 2544.8
-1636.5414 2544.8
-1718.7432999999999 2581.6646
-1718.7432999999999 2581.6646
-1724.215 2587.4762
-1724.215 2587.4762
-1726.9692 2594.7631
-1726.9692 2594.7631
-1745.0211 2606.1819
-1745.0211 2606.1819
-1746.1444000000001 2605.8056
-1746.1444000000001 2605.8056
-1764.8679000000002 2613.8936000000003
-1764.8679000000002 2613.8936000000003
-1766.2368000000001 2614.6152
-1766.2368000000001 2614.6152
-1767.6777000000002 2615.5234
-1767.6777000000002 2615.5234
-1768.9204 2616.4483
-1768.9204 2616.4483
-1770.7233999999999 2618.0209
-1770.7233999999999 2618.0209
-1773.8586000000003 2615.4689000000003
-1773.8586000000003 2615.4689000000003
-1784.4138999999998 2613.2712
-1784.4138999999998 2613.2712
-1790.6223 2615.0076
-1790.6223 2615.0076
-1806.0131999999999 2594.2729
-1806.0131999999999 2594.2729
-1808.5359 2591.8807
-1808.5359 2591.8807
-1811.4624 2589.9404
-1811.4624 2589.9404
-1811.0876 2587.5656
-1811.0876 2587.5656
-1815.7999 2567.9864
-1815.7999 2567.9864
-1820.4798 2561.5524
-1820.4798 2561.5524
-1824.31 2559.208
-1824.31 2559.208
-1824.5806000000002 2555.8755
-1824.5806000000002 2555.8755
-1827.8020999999999 2548.8273
-1827.8020999999999 2548.8273
-1832.7242999999999 2543.8157
-1832.7242999999999 2543.8157
-1843.7424 2538.5379000000003
-1843.7424 2538.5379000000003
-1777.5282 2520.6059
-1777.5282 2520.6059
-1772.6987000000001 2517.6780999999996
-1772.6987000000001 2517.6780999999996
-1768.4778000000001 2513.104
-1768.4778000000001 2513.104
-1768.3910999999998 2512.931
-1768.3910999999998 2512.931
-1765.6168 2511.4968
-1765.6168 2511.4968
-1759.4923999999999 2503.1853
-1759.4923999999999 2503.1853
-1757.8538 2493.9935
-1757.8538 2493.9935
-1760.4662999999998 2484.983
-1760.4662999999998 2484.983
-1763.0006999999998 2475.9477
-1763.0006999999998 2475.9477
-1772.694 2467.9647
-1772.694 2467.9647
-1786.5991000000001 2466.8421
-1786.5991000000001 2466.8421
-1789.8526 2468.7388
-1789.8526 2468.7388
-1803.7693000000002 2469.5242
-1803.7693000000002 2469.5242
-1808.0209 2470.7304
-1808.0209 2470.7304
-1812.3008 2473.0493
-1812.3008 2473.0493
-1815.6341000000002 2475.9533
-1815.6341000000002 2475.9533
-1818.1009 2479.3085
-1818.1009 2479.3085
-1865.2285 2488.2034999999996
-1865.2285 2488.2034999999996
-1869.4639 2477.9634
-1869.4639 2477.9634
-1873.2286 2473.3729
-1873.2286 2473.3729
-1877.2162999999998 2470.7073
-1877.2162999999998 2470.7073
-1877.9191999999998 2469.0104
-1877.9191999999998 2469.0104
-1884.1311 2462.7985
-1884.1311 2462.7985
-1891.482 2459.7536999999998
-1891.482 2459.7536999999998
-1908.189 2459.7536999999998
-1908.189 2459.7536999999998
-1907.2645000000002 2445.5917
-1907.2645000000002 2445.5917
-1908.6689 2439.7161
-1908.6689 2439.7161
-1912.0601000000001 2433.9861
-1912.0601000000001 2433.9861
-1916.5335 2429.9285
-1916.5335 2429.9285
-1925.9342 2425.5374
-1925.9342 2425.5374
-1926.2476 2422.2342000000003
-1926.2476 2422.2342000000003
-1928.056 2417.1173
-1928.056 2417.1173
-1930.7758 2413.0092
-1930.7758 2413.0092
-1951.3079 2394.2284999999997
-1951.3079 2394.2284999999997
-1960.4479000000001 2391.6526
-1960.4479000000001 2391.6526
-1970.6173 2393.6240000000003
-1970.6173 2393.6240000000003
-1970.3715 2384.1748
-1970.3715 2384.1748
-1971.174 2379.9553
-1971.174 2379.9553
-1973.0243 2375.6015
-1973.0243 2375.6015
-1975.5064999999997 2372.0942
-1975.5064999999997 2372.0942
-1988.8995000000002 2359.8435
-1988.8995000000002 2359.8435
-1998.099 2357.2765
-1998.099 2357.2765
-2008.4586000000002 2359.3405000000002
-2008.4586000000002 2359.3405000000002
-2015.9712 2365.2359
-2015.9712 2365.2359
-2022.1975 2378.5749
-2022.1975 2378.5749
-2023.0388999999998 2384.4447
-2023.0388999999998 2384.4447
-2022.0493999999999 2390.9058999999997
-2022.0493999999999 2390.9058999999997
-2019.4894000000002 2396.2552
-2019.4894000000002 2396.2552
-2012.7119 2403.6670999999997
-2012.7119 2403.6670999999997
-2014.6816999999999 2404.2359
-2014.6816999999999 2404.2359
-2020.2776 2407.9245
-2020.2776 2407.9245
-2024.1306000000002 2412.6281
-2024.1306000000002 2412.6281
-2027.9751999999999 2422.1263
-2027.9751999999999 2422.1263
-2027.7307 2430.5176
-2027.7307 2430.5176
-2023.757 2438.8957
-2023.757 2438.8957
-2017.4144 2444.3942
-2017.4144 2444.3942
-1989.0397 2453.1876
-1989.0397 2453.1876
-1976.1783 2447.5268
-1976.1783 2447.5268
-1961.0363 2472.8303
-1961.0363 2472.8303
-1962.2141 2479.5750000000003
-1962.2141 2479.5750000000003
-1960.3793 2486.9882000000002
-1960.3793 2486.9882000000002
-1965.2465 2489.7556999999997
-1965.2465 2489.7556999999997
-1970.1314 2496.035
-1970.1314 2496.035
-1972.8605000000002 2505.9539999999997
-1972.8605000000002 2505.9539999999997
-1980.1026 2515.3918
-1980.1026 2515.3918
-1981.0386999999998 2527.1898
-1981.0386999999998 2527.1898
-1974.7869999999998 2538.7386
-1974.7869999999998 2538.7386
-1964.3965999999998 2544.4052
-1964.3965999999998 2544.4052
-1930.8217 2541.8466
-1930.8217 2541.8466
-1922.8852 2537.2233
-1922.8852 2537.2233
-1917.2197 2528.7963
-1917.2197 2528.7963
-1916.0025999999998 2520.1902
-1916.0025999999998 2520.1902
-1915.8458 2521.8965000000003
-1915.8458 2521.8965000000003
-1913.3007 2527.7689
-1913.3007 2527.7689
-1908.6132 2533.0463
-1908.6132 2533.0463
-1907.2617999999998 2533.8328
-1907.2617999999998 2533.8328
-1903.2871 2541.8792
-1903.2871 2541.8792
-1895.0845000000002 2548.1561
-1895.0845000000002 2548.1561
-1887.4317999999998 2549.6625000000004
-1887.4317999999998 2549.6625000000004
-1917.3594 2562.638
-1917.3594 2562.638
-1920.3268999999998 2564.6112
-1920.3268999999998 2564.6112
-1923.1579 2567.3265
-1923.1579 2567.3265
-1925.2531999999999 2570.2089
-1925.2531999999999 2570.2089
-1941.0392000000002 2602.8167
-1941.0392000000002 2602.8167
-1940.8183000000001 2612.4703
-1940.8183000000001 2612.4703
-1940.6438 2612.7923
-1940.6438 2612.7923
-1997.786 2644.2624
-1997.786 2644.2624
-1999.3872 2645.3586
-1999.3872 2645.3586
-2001.0238000000002 2646.7296
-2001.0238000000002 2646.7296
-2002.3836 2648.1136
-2002.3836 2648.1136
-2017.2938 2666.5663
-2017.2938 2666.5663
-2019.1645999999998 2670.1926
-2019.1645999999998 2670.1926
-2020.3763 2674.5204999999996
-2020.3763 2674.5204999999996
-2020.6599 2678.5938
-2020.6599 2678.5938
-2017.4187 2702.6486999999997
-2017.4187 2702.6486999999997
-2013.7906999999998 2709.2154
-2013.7906999999998 2709.2154
-2009.2514 2713.002
-2009.2514 2713.002
-2013.4606 2717.3172
-2013.4606 2717.3172
-2018.8959 2717.2851
-2018.8959 2717.2851
-2024.0479 2718.6504
-2024.0479 2718.6504
-2050.7142000000003 2734.0593
-2050.7142000000003 2734.0593
-2052.7454 2735.6082
-2052.7454 2735.6082
-2054.7451 2737.5827
-2054.7451 2737.5827
-2056.3191 2739.5931
-2056.3191 2739.5931
-2058.1177000000002 2742.6158
-2058.1177000000002 2742.6158
-2058.4584 2742.4302000000002
-2058.4584 2742.4302000000002
-2069.1257 2742.1583
-2069.1257 2742.1583
-2072.1713 2743.6213
-2072.1713 2743.6213
-2091.3914 2731.9063
-2091.3914 2731.9063
-2099.0255 2730.6340999999998
-2099.0255 2730.6340999999998
-2107.3692 2732.4745
-2107.3692 2732.4745
-2113.7606 2736.8417999999997
-2113.7606 2736.8417999999997
-2126.0836999999997 2755.2848
-2126.0836999999997 2755.2848
-2127.6713999999997 2762.8688
-2127.6713999999997 2762.8688
-2126.1711999999998 2771.289
-2126.1711999999998 2771.289
-2122.8021 2776.6754
-2122.8021 2776.6754
-2123.9597 2779.5283
-2123.9597 2779.5283
-2124.1474 2787.6095
-2124.1474 2787.6095
-2123.9528 2788.1613
-2123.9528 2788.1613
-2138.2256 2805.7445000000002
-2138.2256 2805.7445000000002
-2138.2297000000003 2806.5157
-2138.2297000000003 2806.5157
-2160.9462 2790.0018
-2160.9462 2790.0018
-2165.6959 2788.1335
-2165.6959 2788.1335
-2171.2779 2787.4551
-2171.2779 2787.4551
-2176.3372 2788.1315
-2176.3372 2788.1315
-2247.9109000000003 2817.2808
-2247.9109000000003 2817.2808
-2250.6087 2815.6673
-2250.6087 2815.6673
-2257.8199 2814.1459
-2257.8199 2814.1459
-2264.4514 2814.9665
-2264.4514 2814.9665
-2408.1396999999997 2885.1163
-2408.1396999999997 2885.1163
-2413.3288000000002 2890.8678
-2413.3288000000002 2890.8678
-2416.2728 2898.8967
-2416.2728 2898.8967
-2416.0315 2906.6398
-2416.0315 2906.6398
-2414.4814 2910.1699
-2414.4814 2910.1699
-2414.6393 2910.2588
-2414.6393 2910.2588
-2434.0303 2878.8740000000003
-2434.0303 2878.8740000000003
-2435.8236 2876.7165
-2435.8236 2876.7165
-2438.1108999999997 2874.6394999999998
-2438.1108999999997 2874.6394999999998
-2440.4343999999996 2873.06
-2440.4343999999996 2873.06
-2461.3388 2862.7866999999997
-2461.3388 2862.7866999999997
-2465.8757 2861.7477999999996
-2465.8757 2861.7477999999996
-2471.0016 2861.7815
-2471.0016 2861.7815
-2475.5244000000002 2862.8799
-2475.5244000000002 2862.8799
-2529.6387 2890.3616
-2529.6387 2890.3616
-2532.5478 2892.5844
-2532.5478 2892.5844
-2535.2537 2895.5729
-2535.2537 2895.5729
-2537.1782 2898.6898
-2537.1782 2898.6898
-2548.4865 2927.8024
-2548.4865 2927.8024
-2562.1143 2934.6828
-2562.1143 2934.6828
-2565.441 2937.3774000000003
-2565.441 2937.3774000000003
-2568.3932 2941.0524
-2568.3932 2941.0524
-2570.3071 2944.8812
-2570.3071 2944.8812
-2579.4207 2980.5246
-2579.4207 2980.5246
-2599.1138 2989.6949
-2599.1138 2989.6949
-2605.0222000000003 2986.8563000000004
-2605.0222000000003 2986.8563000000004
-2606.0807 2986.7394999999997
-2606.0807 2986.7394999999997
-2603.2803999999996 2981.5608
-2603.2803999999996 2981.5608
-2605.5643 2967.9951
-2605.5643 2967.9951
-2616.8596000000002 2957.6501
-2616.8596000000002 2957.6501
-2630.5729 2956.5639
-2630.5729 2956.5639
-2644.387 2965.6824
-2644.387 2965.6824
-2648.3837000000003 2980.145
-2648.3837000000003 2980.145
-2641.1258 2995.242
-2641.1258 2995.242
-2631.2096 2999.4921
-2631.2096 2999.4921
-2638.9112999999998 3009.2826
-2638.9112999999998 3009.2826
-2688.062 3034.8498
-2688.062 3034.8498
-2691.7066 3032.8349
-2691.7066 3032.8349
-2698.4541 3031.4979000000003
-2698.4541 3031.4979000000003
-2704.6541 3032.2072
-2704.6541 3032.2072
-2741.3266 3048.7356
-2741.3266 3048.7356
-2741.8224999999998 3045.3961
-2741.8224999999998 3045.3961
-2758.9347 3009.6115999999997
-2758.9347 3009.6115999999997
-2762.9532 3005.2230999999997
-2762.9532 3005.2230999999997
-2765.2711 3003.8523999999998
-2765.2711 3003.8523999999998
-2735.7465 2990.6099
-2735.7465 2990.6099
-2730.2538 2984.7457
-2730.2538 2984.7457
-2727.1597 2976.4308
-2727.1597 2976.4308
-2727.4827 2968.4027
-2727.4827 2968.4027
-2750.3366 2919.4351
-2750.3366 2919.4351
-2754.1532 2915.1106
-2754.1532 2915.1106
-2759.5346 2911.7269
-2759.5346 2911.7269
-2765.0859 2910.1614
-2765.0859 2910.1614
-2769.4215 2910.2114
-2769.4215 2910.2114
-2807.6974 2817.9343
-2807.6974 2817.9343
-2810.6824 2813.9366
-2810.6824 2813.9366
-2814.951 2810.4759999999997
-2814.951 2810.4759999999997
-2819.4781 2808.3825
-2819.4781 2808.3825
-2821.453 2808.0128
-2821.453 2808.0128
-2834.6292 2775.8046
-2834.6292 2775.8046
-2836.535 2772.8025
-2836.535 2772.8025
-2839.1834 2769.9193
-2839.1834 2769.9193
-2842.0141999999996 2767.7654
-2842.0141999999996 2767.7654
-2870.3534999999997 2753.2612
-2870.3534999999997 2753.2612
-2876.7249 2752.2758
-2876.7249 2752.2758
-2883.7367 2753.4518
-2883.7367 2753.4518
-2889.4388 2756.4627
-2889.4388 2756.4627
-2896.4818999999998 2763.7947
-2896.4818999999998 2763.7947
-2897.2663000000002 2762.7086
-2897.2663000000002 2762.7086
-2900.2968 2759.8482
-2900.2968 2759.8482
-2903.4866 2757.8132
-2903.4866 2757.8132
-2906.4484 2756.6327
-2906.4484 2756.6327
-2935.7529 2687.609
-2935.7529 2687.609
-2937.1612 2685.2518
-2937.1612 2685.2518
-2939.0497 2682.8956000000003
-2939.0497 2682.8956000000003
-2941.0406 2681.0099999999998
-2941.0406 2681.0099999999998
-2956.4515 2669.9762
-2956.4515 2669.9762
-2982.3631 2606.9904
-2982.3631 2606.9904
-2987.4765 2602.8849
-2987.4765 2602.8849
-3006.021 2556.817
-3006.021 2556.817
-3002.4605 2551.999
-3002.4605 2551.999
-3000.2477 2545.3453
-3000.2477 2545.3453
-3000.2112 2538.9858
-3000.2112 2538.9858
-3003.083 2530.0081999999998
-3003.083 2530.0081999999998
-2996.6951000000004 2521.5663
-2996.6951000000004 2521.5663
-2994.6849 2516.4629999999997
-2994.6849 2516.4629999999997
-2994.6507 2516.1313
-2994.6507 2516.1313
-2993.8506 2514.962
-2993.8506 2514.962
-2994.1339 2511.1155
-2994.1339 2511.1155
-2994.0654 2510.4503
-2994.0654 2510.4503
-2994.2714 2509.2499
-2994.2714 2509.2499
-2998.4169 2452.9717
-2998.4169 2452.9717
-3006.9994 2442.9809
-3006.9994 2442.9809
-3018.1299 2440.4347000000002
-3018.1299 2440.4347000000002
-3028.0715 2418.2347
-3028.0715 2418.2347
-3014.4468 2409.6145
-3014.4468 2409.6145
-3008.6664 2409.1736
-3008.6664 2409.1736
-2970.0748 2391.142
-2970.0748 2391.142
-2969.5794 2390.6737
-2969.5794 2390.6737
-2969.2917 2390.6801
-2969.2917 2390.6801
-2960.6951 2386.4435
-2960.6951 2386.4435
-2955.8066 2381.3286000000003
-2955.8066 2381.3286000000003
-2952.6764 2374.178
-2952.6764 2374.178
-2952.2346 2367.1164
-2952.2346 2367.1164
-2956.1953 2353.7303
-2956.1953 2353.7303
-2964.6702 2348.619
-2964.6702 2348.619
-2967.6196999999997 2328.7313999999997
-2967.6196999999997 2328.7313999999997
-2968.9587 2325.0022
-2968.9587 2325.0022
-2971.2102 2321.2644999999998
-2971.2102 2321.2644999999998
-2971.2922 2321.1747
-2971.2922 2321.1747
-2974.9396 2300.9295
-2974.9396 2300.9295
-2979.2401 2294.2346000000002
-2979.2401 2294.2346000000002
-2986.4553 2289.223
-2986.4553 2289.223
-2993.2203 2287.7498
-2993.2203 2287.7498
-3007.8488 2260.6499
-3007.8488 2260.6499
-3005.276 2260.3068
-3005.276 2260.3068
-2998.7753000000002 2256.7679
-2998.7753000000002 2256.7679
-2993.4743000000003 2250.5546
-2993.4743000000003 2250.5546
-2991.0032 2243.5788
-2991.0032 2243.5788
-2992.3480999999997 2190.7358
-2992.3480999999997 2190.7358
-2992.6787999999997 2188.4238
-2992.6787999999997 2188.4238
-2993.3367 2185.9381
-2993.3367 2185.9381
-2994.1941 2183.7632
-2994.1941 2183.7632
-3013.6674 2147.4518
-3013.6674 2147.4518
-3012.7029 2142.9847
-3012.7029 2142.9847
-3013.0607 2136.9622
-3013.0607 2136.9622
-3013.2393 2136.4434
-3013.2393 2136.4434
-2967.1563 2118.4654
-2967.1563 2118.4654
-2960.6974 2111.0543
-2960.6974 2111.0543
-2958.1661 2100.4756
-2958.1661 2100.4756
-2960.5711 2090.943
-2960.5711 2090.943
-2991.8833 2055.8941999999997
-2991.8833 2055.8941999999997
-2999.3975 2052.4169
-2999.3975 2052.4169
-3008.5402 2052.1864
-3008.5402 2052.1864
-3015.3768 2054.9416
-3015.3768 2054.9416
-3021.3873 2052.6022000000003
-3021.3873 2052.6022000000003
-3037.9274 2010.7347
-3037.9274 2010.7347
-3038.9296999999997 2008.8276
-3038.9296999999997 2008.8276
-3040.2497 2006.8624
-3040.2497 2006.8624
-3041.632 2005.2173
-3041.632 2005.2173
-3069.8813 1978.1164
-3069.8813 1978.1164
-3077.4894 1975.225
-3077.4894 1975.225
-3086.4717 1975.5690000000002
-3086.4717 1975.5690000000002
-3093.8375 1979.0351999999998
-3093.8375 1979.0351999999998
-3097.1007 1982.6858000000002
-3097.1007 1982.6858000000002
-3098.7588 1977.9854
-3098.7588 1977.9854
-3098.7102 1977.9464999999998
-3098.7102 1977.9464999999998
-3094.7596 1969.774
-3094.7596 1969.774
-3094.7197 1959.7401000000002
-3094.7197 1959.7401000000002
-3098.6046 1951.5370999999998
-3098.6046 1951.5370999999998
-3107.5285999999996 1944.2875000000001
-3107.5285999999996 1944.2875000000001
-3107.0379 1942.5352
-3107.0379 1942.5352
-3107.1167 1936.2006000000001
-3107.1167 1936.2006000000001
-3108.8034000000002 1930.7062999999998
-3108.8034000000002 1930.7062999999998
-3112.7073 1924.7900000000002
-3112.7073 1924.7900000000002
-3110.334 1923.7100000000003
-3110.334 1923.7100000000003
-3080.9425 1922.0128
-3080.9425 1922.0128
-3077.4554 1921.1723
-3077.4554 1921.1723
-3073.8411 1919.578
-3073.8411 1919.578
-3070.867 1917.5674999999999
-3070.867 1917.5674999999999
-3059.3314 1906.3042
-3059.3314 1906.3042
-3003.4566999999997 1888.3496
-3003.4566999999997 1888.3496
-3001.5601 1894.1606
-3001.5601 1894.1606
-2996.2586 1900.2714999999998
-2996.2586 1900.2714999999998
-2988.2419 1904.2142
-2988.2419 1904.2142
-2980.1652 1904.6827
-2980.1652 1904.6827
-2891.1161 1873.0642
-2891.1161 1873.0642
-2885.6884 1868.5909
-2885.6884 1868.5909
-2881.7426 1861.9084
-2881.7426 1861.9084
-2880.4473000000003 1854.9931000000001
-2880.4473000000003 1854.9931000000001
-2882.7864999999997 1840.7741
-2882.7864999999997 1840.7741
-2882.732 1840.7509
-2882.732 1840.7509
-2877.2199 1835.2152
-2877.2199 1835.2152
-2875.6293 1831.4270000000001
-2875.6293 1831.4270000000001
-2596.6122 1719.2726
-2596.6122 1719.2726
-2590.8144 1713.4523000000002
-2590.8144 1713.4523000000002
-2588.8812000000003 1708.5888
-2588.8812000000003 1708.5888
-2559.4547 1695.2287999999999
-2559.4547 1695.2287999999999
-2537.7788 1744.0386
-2537.7788 1744.0386
-2534.9263 1747.7758999999999
-2534.9263 1747.7758999999999
-2530.9138000000003 1751.0529999999999
-2530.9138000000003 1751.0529999999999
-2526.6777 1753.1027000000001
-2526.6777 1753.1027000000001
-2509.7366 1756.8274999999999
-2509.7366 1756.8274999999999
-2504.5814 1756.6205
-2504.5814 1756.6205
-2499.1451 1754.9587
-2499.1451 1754.9587
-2494.7547 1752.2469999999998
-2494.7547 1752.2469999999998
-2480.7421999999997 1737.531
-2480.7421999999997 1737.531
-2478.4656999999997 1733.7389000000003
-2478.4656999999997 1733.7389000000003
-2476.9320000000002 1729.1171
-2476.9320000000002 1729.1171
-2476.4895 1724.7184
-2476.4895 1724.7184
-2478.632 1706.9339
-2478.632 1706.9339
-2480.5655 1702.562
-2480.5655 1702.562
-2477.3450000000003 1702.7964000000002
-2477.3450000000003 1702.7964000000002
-2427.5711 1686.2877999999998
-2427.5711 1686.2877999999998
-2419.303 1705.9180000000001
-2419.303 1705.9180000000001
-2414.6889 1710.9898999999998
-2414.6889 1710.9898999999998
-2408.0267 1714.5699
-2408.0267 1714.5699
-2404.3382 1715.1408
-2404.3382 1715.1408
-2400.1887 1729.2055
-2400.1887 1729.2055
-2396.4579 1734.5459
-2396.4579 1734.5459
-2390.6871 1738.8256999999999
-2390.6871 1738.8256999999999
-2384.4918 1740.8455
-2384.4918 1740.8455
-2366.6223 1740.7056999999998
-2366.6223 1740.7056999999998
-2363.2002 1740.0782
-2363.2002 1740.0782
-2359.6092 1738.7475
-2359.6092 1738.7475
-2356.6045 1736.9936
-2356.6045 1736.9936
-2283.4 1675.0958
-2283.4 1675.0958
-2280.8129 1669.9248999999998
-2280.8129 1669.9248999999998
-2270.0587 1666.6536
-2270.0587 1666.6536
-2265.3248000000003 1663.5815999999998
-2265.3248000000003 1663.5815999999998
-2261.247 1658.8837999999998
-2261.247 1658.8837999999998
-2258.8705999999997 1653.7619
-2258.8705999999997 1653.7619
-2258.7033 1652.6839
-2258.7033 1652.6839
-2237.3258 1645.3980999999999
-2237.3258 1645.3980999999999
-2236.5148 1662.8649
-2236.5148 1662.8649
-2235.9906 1665.6342
-2235.9906 1665.6342
-2234.9909000000002 1668.5741
-2234.9909000000002 1668.5741
-2233.7147 1671.0942
-2233.7147 1671.0942
-2223.5215 1685.6849
-2223.5215 1685.6849
-2222.5813 1688.6575
-2222.5813 1688.6575
-2204.4035999999996 1703.1682
-2204.4035999999996 1703.1682
-2199.6337 1703.3270000000002
-2199.6337 1703.3270000000002
-2198.9835 1704.2595
-2198.9835 1704.2595
-2184.7687 1710.5269
-2184.7687 1710.5269
-2172.5308999999997 1708.1907999999999
-2172.5308999999997 1708.1907999999999
-2162.8152 1698.3357
-2162.8152 1698.3357
-2160.6538 1686.0653
-2160.6538 1686.0653
-2166.3192 1673.6979000000001
-2166.3192 1673.6979000000001
-2172.7269 1668.0665000000001
-2172.7269 1668.0665000000001
-2180.8377 1665.5507
-2180.8377 1665.5507
-2181.6787999999997 1664.3987
-2181.6787999999997 1664.3987
-2176.4481 1650.0561
-2176.4481 1650.0561
-2149.9139 1644.7243
-2149.9139 1644.7243
-2150.7635 1647.6574
-2150.7635 1647.6574
-2148.2774 1670.0086
-2148.2774 1670.0086
-2144.8628 1676.602
-2144.8628 1676.602
-2138.7347999999997 1682.0405999999998
-2138.7347999999997 1682.0405999999998
-2131.7839 1684.6478000000002
-2131.7839 1684.6478000000002
-2111.7901 1684.4847000000002
-2111.7901 1684.4847000000002
-2104.1554 1681.072
-2104.1554 1681.072
-2097.9391 1674.2398999999998
-2097.9391 1674.2398999999998
-2095.2605 1666.3183
-2095.2605 1666.3183
-2097.2401 1643.3848
-2097.2401 1643.3848
-2100.9054 1636.3233999999998
-2100.9054 1636.3233999999998
-2107.6282 1630.6684
-2107.6282 1630.6684
-2108.6755 1630.3367999999998
-2108.6755 1630.3367999999998
-2109.7799 1629.4533000000001
-2109.7799 1629.4533000000001
-2115.9319 1627.6710999999998
-2115.9319 1627.6710999999998
-2113.1193 1625.9373
-2113.1193 1625.9373
-2109.7542 1620.5357
-2109.7542 1620.5357
-2106.7146000000002 1629.824
-2106.7146000000002 1629.824
-2082.3188 1647.2738
-2082.3188 1647.2738
-2073.369 1648.8481
-2073.369 1648.8481
-2063.6951 1646.1431999999998
-2063.6951 1646.1431999999998
-2058.7338 1641.7971000000002
-2058.7338 1641.7971000000002
-2055.1803 1647.9645
-2055.1803 1647.9645
-2048.8720000000003 1652.8137000000002
-2048.8720000000003 1652.8137000000002
-2040.3884 1655.0947
-2040.3884 1655.0947
-2032.4992000000002 1654.063
-2032.4992000000002 1654.063
-2016.2234999999998 1644.6852
-2016.2234999999998 1644.6852
-2011.3748 1638.3786
-2011.3748 1638.3786
-2009.0924999999997 1629.8953999999999
-2009.0924999999997 1629.8953999999999
-2010.1237999999998 1622.0046
-2010.1237999999998 1622.0046
-2021.3875000000003 1602.4555
-2021.3875000000003 1602.4555
-2027.6958 1597.6063
-2027.6958 1597.6063
-2036.1792999999998 1595.3253
-2036.1792999999998 1595.3253
-2043.7812999999999 1596.3193999999999
-2043.7812999999999 1596.3193999999999
-2044.3496 1594.674
-2044.3496 1594.674
-2058.4782 1581.3346
-2058.4782 1581.3346
-2060.3097000000002 1579.9641
-2060.3097000000002 1579.9641
-2062.4848 1578.695
-2062.4848 1578.695
-2064.5812 1577.7744
-2064.5812 1577.7744
-2077.1768 1573.8856
-2077.1768 1573.8856
-2078.235 1573.6212
-2078.235 1573.6212
-2079.4159 1573.3935000000001
-2079.4159 1573.3935000000001
-2080.5017 1573.2454
-2080.5017 1573.2454
-2086.202 1572.7835
-2086.202 1572.7835
-2090.0445 1573.7940999999998
-2090.0445 1573.7940999999998
-2094.4215 1572.9335
-2094.4215 1572.9335
-2102.2209 1574.5025
-2102.2209 1574.5025
-2102.4539999999997 1574.6589999999999
-2102.4539999999997 1574.6589999999999
-2108.723 1553.7843
-2108.723 1553.7843
-2082.2708 1540.1308
-2082.2708 1540.1308
-2082.3778 1540.8897
-2082.3778 1540.8897
-2076.7187 1562.8158
-2076.7187 1562.8158
-2071.9332999999997 1569.1725999999999
-2071.9332999999997 1569.1725999999999
-2064.3661 1573.6349
-2064.3661 1573.6349
-2056.4877 1574.746
-2056.4877 1574.746
-2038.2988 1570.0515
-2038.2988 1570.0515
-2031.942 1565.2661
-2031.942 1565.2661
-2027.4796999999999 1557.6988999999999
-2027.4796999999999 1557.6988999999999
-2026.3686 1549.8205
-2026.3686 1549.8205
-2027.7362 1544.5217
-2027.7362 1544.5217
-2000.9413 1542.9239
-2000.9413 1542.9239
-1992.6163999999999 1538.001
-1992.6163999999999 1538.001
-1986.9129999999998 1528.9501
-1986.9129999999998 1528.9501
-1986.0641999999998 1519.3171
-1986.0641999999998 1519.3171
-1990.7433999999998 1507.8203
-1990.7433999999998 1507.8203
-1982.458 1510.0221
-1982.458 1510.0221
-1977.4586 1517.1129
-1977.4586 1517.1129
-1967.7259 1522.0868
-1967.7259 1522.0868
-1957.849 1521.9708
-1957.849 1521.9708
-1928.906 1506.3116
-1928.906 1506.3116
-1925.5879 1503.4323
-1925.5879 1503.4323
-1922.7091 1499.5439
-1922.7091 1499.5439
-1920.9237000000003 1495.5296
-1920.9237000000003 1495.5296
-1917.4129 1478.1833000000001
-1917.4129 1478.1833000000001
-1913.6870999999999 1478.5198
-1913.6870999999999 1478.5198
-1911.4269 1483.4017
-1911.4269 1483.4017
-1901.3159999999998 1489.7128
-1901.3159999999998 1489.7128
-1888.0924 1489.4327
-1888.0924 1489.4327
-1878.2581 1482.6997999999999
-1878.2581 1482.6997999999999
-1874.5564000000002 1473.7275
-1874.5564000000002 1473.7275
-1846.9716999999998 1464.365
-1846.9716999999998 1464.365
-1841.5731 1460.109
-1841.5731 1460.109
-1837.5268999999998 1453.6949
-1837.5268999999998 1453.6949
-1836.0108 1446.9882
-1836.0108 1446.9882
-1837.3605000000002 1435.6178
-1837.3605000000002 1435.6178
-1838.0068999999999 1433.0764
-1838.0068999999999 1433.0764
-1839.0774000000001 1430.3964
-1839.0774000000001 1430.3964
-1840.3599 1428.1087
-1840.3599 1428.1087
-1843.9056 1423.3653
-1843.9056 1423.3653
-1845.5297999999998 1421.6554
-1845.5297999999998 1421.6554
-1845.6738999999998 1421.5357
-1845.6738999999998 1421.5357
-1844.5301 1419.7160000000001
-1844.5301 1419.7160000000001
-1843.0385999999999 1415.4422
-1843.0385999999999 1415.4422
-1841.491 1401.4803000000002
-1841.491 1401.4803000000002
-1826.3259 1407.4776
-1826.3259 1407.4776
-1821.4017999999999 1408.1193
-1821.4017999999999 1408.1193
-1815.9697999999999 1407.4783
-1815.9697999999999 1407.4783
-1814.7665 1407.0193
-1814.7665 1407.0193
-1809.0965 1410.2572
-1809.0965 1410.2572
-1802.5347 1411.5052
-1802.5347 1411.5052
-1795.2432999999999 1410.4556
-1795.2432999999999 1410.4556
-1789.2997999999998 1407.4074
-1789.2997999999998 1407.4074
-1752.6332 1369.2883
-1752.6332 1369.2883
-1749.8131999999998 1363.1909
-1749.8131999999998 1363.1909
-1749.0704999999998 1355.8183
-1749.0704999999998 1355.8183
-1750.6183 1349.2799
-1750.6183 1349.2799
-1755.6507 1341.3467
-1755.6507 1341.3467
-1752.3949000000002 1340.8429
-1752.3949000000002 1340.8429
-1748.3525 1339.2776
-1748.3525 1339.2776
-1736.4799999999998 1331.4082
-1736.4799999999998 1331.4082
-1721.3689 1332.7301
-1721.3689 1332.7301
-1712.5746 1329.2463
-1712.5746 1329.2463
-1705.8447 1321.7139
-1705.8447 1321.7139
-1696.3214 1331.6743999999999
-1696.3214 1331.6743999999999
-1698.2111 1334.3187
-1698.2111 1334.3187
-1700.0077 1342.0695
-1700.0077 1342.0695
-1698.5656 1350.7351999999998
-1698.5656 1350.7351999999998
-1694.3552 1357.4866
-1694.3552 1357.4866
-1680.4552999999999 1367.4197
-1680.4552999999999 1367.4197
-1680.6785000000002 1370.2836
-1680.6785000000002 1370.2836
-1681.6009999999999 1380.1241
-1681.6009999999999 1380.1241
-1684.6281999999999 1382.2179999999998
-1684.6281999999999 1382.2179999999998
-1686.4142000000002 1378.6775
-1686.4142000000002 1378.6775
-1691.4625 1373.6495
-1691.4625 1373.6495
-1697.2450999999999 1370.7629000000002
-1697.2450999999999 1370.7629000000002
-1711.8735000000001 1368.6625
-1711.8735000000001 1368.6625
-1717.4278000000002 1369.4217999999998
-1717.4278000000002 1369.4217999999998
-1723.0823 1371.9087
-1723.0823 1371.9087
-1727.3952000000002 1375.4886000000001
-1727.3952000000002 1375.4886000000001
-1733.9782 1385.1199
-1733.9782 1385.1199
-1735.6173999999999 1392.8752
-1735.6173999999999 1392.8752
-1734.0250999999998 1401.4804
-1734.0250999999998 1401.4804
-1729.7201 1408.1353
-1729.7201 1408.1353
-1722.4221 1413.1859
-1722.4221 1413.1859
-1730.1798000000001 1421.6157
-1730.1798000000001 1421.6157
-1732.6539 1431.4904999999999
-1732.6539 1431.4904999999999
-1729.8338999999999 1442.4009
-1729.8338999999999 1442.4009
-1722.8839 1449.8405
-1722.8839 1449.8405
-1663.0717 1469.7247
-1663.0717 1469.7247
-1657.4733999999999 1469.9633000000001
-1657.4733999999999 1469.9633000000001
-1651.4699 1468.521
-1651.4699 1468.521
-1646.5919 1465.7663
-1646.5919 1465.7663
-1632.5954 1451.5737
-1632.5954 1451.5737
-1629.6017 1443.7074
-1629.6017 1443.7074
-1630.0768 1434.4232
-1630.0768 1434.4232
-1633.8566 1426.9047
-1633.8566 1426.9047
-1637.1235 1424.207
-1637.1235 1424.207
-1634.0133 1421.234
-1634.0133 1421.234
-1630.9941 1416.2575
-1630.9941 1416.2575
-1629.5203000000001 1411.1839
-1629.5203000000001 1411.1839
-1628.7220000000002 1371.3466
-1628.7220000000002 1371.3466
-1629.2995 1367.7756
-1629.2995 1367.7756
-1630.6314 1364.0191
-1630.6314 1364.0191
-1631.0697999999998 1363.2559
-1631.0697999999998 1363.2559
-1628.8671000000002 1362.6031
-1628.8671000000002 1362.6031
-1623.2548000000002 1358.4885
-1623.2548000000002 1358.4885
-1606.4695000000002 1333.6171
-1606.4695000000002 1333.6171
-1604.7691 1328.8147000000001
-1604.7691 1328.8147000000001
-1604.2815 1323.2201
-1604.2815 1323.2201
-1605.1279000000002 1318.1905000000002
-1605.1279000000002 1318.1905000000002
-1609.6202 1308.1408
-1609.6202 1308.1408
-1608.2135999999998 1307.7975000000001
-1608.2135999999998 1307.7975000000001
-1605.4763999999998 1306.6821
-1605.4763999999998 1306.6821
-1582.4488999999999 1293.0514
-1582.4488999999999 1293.0514
-1577.5428 1286.1874
-1577.5428 1286.1874
-1575.6472 1277.0621999999998
-1575.6472 1277.0621999999998
-1577.4138 1268.8122999999998
-1577.4138 1268.8122999999998
-1587.3049999999998 1255.1515
-1587.3049999999998 1255.1515
-1581.4740000000002 1250.1544000000001
-1581.4740000000002 1250.1544000000001
-1577.8526 1242.838
-1577.8526 1242.838
-1577.3394 1233.8372
-1577.3394 1233.8372
-1580.1055 1226.1564999999998
-1580.1055 1226.1564999999998
-1603.9179000000001 1200.5104
-1603.9179000000001 1200.5104
-1611.5182 1197.1771999999999
-1611.5182 1197.1771999999999
-1619.0932 1197.1456999999998
-1619.0932 1197.1456999999998
-1625.1541 1194.2878
-1625.1541 1194.2878
-1630.6879999999999 1193.383
-1630.6879999999999 1193.383
-1636.8264 1194.1013
-1636.8264 1194.1013
-1638.3949000000002 1194.7554
-1638.3949000000002 1194.7554
-1655.79975033 1184.90292898
-1661.8256249800002 1160.1270478
-1651.5467 1142.9705999999999
-1651.5467 1142.9705999999999
-1649.8422 1143.5881
-1649.8422 1143.5881
-1634.6515 1137.8111000000001
-1634.6515 1137.8111000000001
-1632.2714 1136.5149000000001
-1632.2714 1136.5149000000001
-1629.8713 1134.7502
-1629.8713 1134.7502
-1627.9283 1132.8699000000001
-1627.9283 1132.8699000000001
-1626.8727999999999 1131.5289
-1626.8727999999999 1131.5289
-1611.4066203099999 1144.20948696
-1608.3211796899998 1146.73921304
-1592.855 1159.4198000000001
-1592.855 1159.4198000000001
-1592.6206 1167.9158
-1592.6206 1167.9158
-1538.0692 1219.5372
-1538.0692 1219.5372
-1532.8254 1222.1769
-1532.8254 1222.1769
-1526.4533000000001 1223.3029
-1526.4533000000001 1223.3029
-1520.6222 1222.6200999999999
-1520.6222 1222.6200999999999
-1507.3002000000001 1216.8609999999999
-1507.3002000000001 1216.8609999999999
-1504.2484 1219.3984
-1504.2484 1219.3984
-1498.725 1221.7105999999999
-1498.725 1221.7105999999999
-1492.1577 1222.3646
-1492.1577 1222.3646
-1486.2876 1221.1876
-1486.2876 1221.1876
-1471.0653 1212.9697999999999
-1471.0653 1212.9697999999999
-1466.3757 1207.6905
-1466.3757 1207.6905
-1464.999 1204.2119
-1464.999 1204.2119
-1464.9892 1204.3212
-1464.9892 1204.3212
-1464.8658 1204.5103
-1464.8658 1204.5103
-1464.5965999999999 1209.4271
-1464.5965999999999 1209.4271
-1465.1711 1209.7785
-1465.1711 1209.7785
-1476.1825999999999 1224.9062999999999
-1476.1825999999999 1224.9062999999999
-1478.0642 1232.5007
-1478.0642 1232.5007
-1476.8293999999999 1241.0499
-1476.8293999999999 1241.0499
-1472.8751 1247.8019
-1472.8751 1247.8019
-1443.9201 1270.0264
-1443.9201 1270.0264
-1442.8794 1270.2914
-1442.8794 1270.2914
-1440.914 1273.0156
-1440.914 1273.0156
-1435.571 1276.8328999999999
-1435.571 1276.8328999999999
-1396.8948 1288.5825
-1396.8948 1288.5825
-1393.3763000000001 1288.6008
-1393.3763000000001 1288.6008
-1393.3844000000001 1290.3419
-1393.3844000000001 1290.3419
-1390.3332 1300.6559
-1390.3332 1300.6559
-1392.9118 1309.0018
-1392.9118 1309.0018
-1391.6533 1318.5791
-1391.6533 1318.5791
-1387.0025 1325.9812
-1387.0025 1325.9812
-1379.1363999999999 1331.129
-1379.1363999999999 1331.129
-1378.7797 1334.2262
-1378.7797 1334.2262
-1375.6019000000001 1340.8765
-1375.6019000000001 1340.8765
-1370.9169 1345.6423
-1370.9169 1345.6423
-1350.8705 1355.6457
-1350.8705 1355.6457
-1346.8145 1356.699
-1346.8145 1356.699
-1342.2042 1356.9081
-1342.2042 1356.9081
-1338.068 1356.2257
-1338.068 1356.2257
-1279.5584 1333.3731
-1279.5584 1333.3731
-1274.1452000000002 1328.5050999999999
-1274.1452000000002 1328.5050999999999
-1270.4474 1321.3731
-1270.4474 1321.3731
-1269.5888 1314.1426
-1269.5888 1314.1426
-1288.2093 1238.6825
-1288.2093 1238.6825
-1291.0743 1233.7424
-1291.0743 1233.7424
-1295.6302 1229.3981
-1295.6302 1229.3981
-1300.7035999999998 1226.7706
-1300.7035999999998 1226.7706
-1316.3774999999998 1223.6891
-1316.3774999999998 1223.6891
-1317.2957999999999 1204.5101
-1317.2957999999999 1204.5101
-1312.9599 1207.3002999999999
-1312.9599 1207.3002999999999
-1307.9206 1208.9081
-1307.9206 1208.9081
-1302.0975 1209.1754999999998
-1302.0975 1209.1754999999998
-1296.9298999999999 1208.0353
-1296.9298999999999 1208.0353
-1239.1019000000001 1177.9114
-1239.1019000000001 1177.9114
-1217.9055999999998 1177.4049
-1217.9055999999998 1177.4049
-1215.6419 1180.8977
-1215.6419 1180.8977
-1209.8435 1185.4426999999998
-1209.8435 1185.4426999999998
-1203.5318 1187.6317
-1203.5318 1187.6317
-1195.1809 1187.6557
-1195.1809 1187.6557
-1181.2395999999999 1222.1588000000002
-1181.2395999999999 1222.1588000000002
-1178.6635 1225.8571
-1178.6635 1225.8571
-1174.992 1229.196
-1174.992 1229.196
-1171.0681 1231.4097
-1171.0681 1231.4097
-1135.075 1242.1246
-1135.075 1242.1246
-1129.1038 1242.0826
-1129.1038 1242.0826
-1122.8220000000001 1240.1158
-1122.8220000000001 1240.1158
-1117.8925 1236.7446
-1117.8925 1236.7446
-1078.1164 1187.0058
-1078.1164 1187.0058
-1049.3364 1162.2766000000001
-1049.3364 1162.2766000000001
-1043.741 1162.2546
-1043.741 1162.2546
-1037.198 1159.8769
-1037.198 1159.8769
-1031.2903000000001 1154.9692
-1031.2903000000001 1154.9692
-1030.7139 1153.9921
-1030.7139 1153.9921
-1030.7617 1154.7088
-1030.7617 1154.7088
-1027.4582 1163.0775999999998
-1027.4582 1163.0775999999998
-1020.1980000000001 1169.8729
-1020.1980000000001 1169.8729
-1011.6306 1172.6163
-1011.6306 1172.6163
-971.4712000000001 1167.2622000000001
-971.4712000000001 1167.2622000000001
-968.9294 1166.5751
-968.9294 1166.5751
-966.2551000000001 1165.4588
-966.2551000000001 1165.4588
-963.9786000000001 1164.1341
-963.9786000000001 1164.1341
-933.6641 1140.6811
-933.6641 1140.6811
-929.9117000000001 1134.7739000000001
-929.9117000000001 1134.7739000000001
-928.2306 1127.239
-928.2306 1127.239
-928.6728999999999 1123.7723
-928.6728999999999 1123.7723
-911.0962000000001 1124.7584
-911.0962000000001 1124.7584
-907.8502000000001 1124.4104
-907.8502000000001 1124.4104
-904.3855000000001 1123.4526
-904.3855000000001 1123.4526
-901.4196000000001 1122.0827
-901.4196000000001 1122.0827
-891.2172999999999 1115.1676
-891.2172999999999 1115.1676
-859.0693 1119.3647
-859.0693 1119.3647
-856.243 1119.3328
-856.243 1119.3328
-853.1699 1118.8609
-853.1699 1118.8609
-850.4667 1118.0445
-850.4667 1118.0445
-814.5455000000001 1101.3842
-814.5455000000001 1101.3842
-810.3425 1097.7751
-810.3425 1097.7751
-806.9663 1092.6892
-806.9663 1092.6892
-806.5004999999999 1091.2391
-806.5004999999999 1091.2391
-795.8418 1099.5117
-795.8418 1099.5117
-790.8653 1101.5709
-790.8653 1101.5709
-784.9776 1102.3088
-784.9776 1102.3088
-779.6477 1101.5415
-779.6477 1101.5415
-774.4646 1099.2851
-774.4646 1099.2851
-780.1304 1108.8079
-780.1304 1108.8079
-779.015 1118.0736
-779.015 1118.0736
-784.5384 1120.0910999999999
-784.5384 1120.0910999999999
-790.508 1125.1235
-790.508 1125.1235
-794.0255999999999 1131.2653
-794.0255999999999 1131.2653
-795.4089 1139.3308
-795.4089 1139.3308
-799.9543 1139.396
-799.9543 1139.396
-808.4381000000001 1143.8662000000002
-808.4381000000001 1143.8662000000002
-820.5491999999999 1161.0016999999998
-820.5491999999999 1161.0016999999998
-822.3774000000001 1168.1551000000002
-822.3774000000001 1168.1551000000002
-821.4436 1176.2497
-821.4436 1176.2497
-818.0339999999999 1182.7997
-818.0339999999999 1182.7997
-793.54 1204.5323
-793.54 1204.5323
-782.9767 1206.6668
-782.9767 1206.6668
-771.6705000000001 1202.8327000000002
-771.6705000000001 1202.8327000000002
-768.9390000000001 1199.7026
-768.9390000000001 1199.7026
-765.5975 1199.9615999999999
-765.5975 1199.9615999999999
-758.6699 1197.9759
-758.6699 1197.9759
-752.2729 1193.2561
-752.2729 1193.2561
-748.3325 1187.2256
-748.3325 1187.2256
-742.8934 1163.1741
-742.8934 1163.1741
-742.0115 1164.8314
-742.0115 1164.8314
-730.6567 1170.5473
-730.6567 1170.5473
-716.6875 1168.4494
-716.6875 1168.4494
-707.5129 1159.6512
-707.5129 1159.6512
-702.6557 1134.5245
-702.6557 1134.5245
-703.9087000000001 1127.2985999999999
-703.9087000000001 1127.2985999999999
-707.6686 1120.9452
-707.6686 1120.9452
-708.71 1118.431
-708.71 1118.431
-710.6521 1116.4889
-710.6521 1116.4889
-713.371 1100.0955
-713.371 1100.0955
-716.8761 1093.9155
-716.8761 1093.9155
-722.8552 1088.8455999999999
-722.8552 1088.8455999999999
-723.0459 1088.7756
-723.0459 1088.7756
-724.0377 1087.7394000000002
-724.0377 1087.7394000000002
-732.0789000000001 1084.2008
-732.0789000000001 1084.2008
-739.4452 1084.0397
-739.4452 1084.0397
-725.6594 1078.0381
-725.6594 1078.0381
-723.2179 1076.2135
-723.2179 1076.2135
-708.1119 1109.2027

[OBSTACLE]
-2471.1772 2784.1850999999997
-2477.8913 2788.4538
-2477.8913 2788.4538
-2478.6089 2789.4764999999998
-2478.6089 2789.4764999999998
-2484.3214 2786.707
-2484.3214 2786.707
-2492.2637 2786.2398
-2492.2637 2786.2398
-2500.5634 2789.1191
-2500.5634 2789.1191
-2506.5105 2794.4055
-2506.5105 2794.4055
-2508.8201000000004 2799.1695
-2508.8201000000004 2799.1695
-2529.0894000000003 2807.2304
-2529.0894000000003 2807.2304
-2536.0443 2818.9171
-2536.0443 2818.9171
-2534.2527 2833.9479
-2534.2527 2833.9479
-2524.7458 2843.6723
-2524.7458 2843.6723
-2484.79 2849.354
-2484.79 2849.354
-2477.8682 2847.8866
-2477.8682 2847.8866
-2471.2508 2843.7464
-2471.2508 2843.7464
-2470.319 2842.5497
-2470.319 2842.5497
-2452.6582000000003 2846.4347
-2452.6582000000003 2846.4347
-2447.1916 2846.1308
-2447.1916 2846.1308
-2441.4802 2844.1899
-2441.4802 2844.1899
-2436.9613 2841.1011
-2436.9613 2841.1011
-2425.5925 2827.5822000000003
-2425.5925 2827.5822000000003
-2423.1824 2820.175
-2423.1824 2820.175
-2423.7846999999997 2811.5974
-2423.7846999999997 2811.5974
-2427.2056 2804.6
-2427.2056 2804.6
-2444.4768 2789.0988
-2444.4768 2789.0988
-2447.6054 2787.1866
-2447.6054 2787.1866
-2451.3756000000003 2785.7425
-2451.3756000000003 2785.7425
-2453.3644 2785.3746
-2453.3644 2785.3746
-2454.7583 2784.3967
-2454.7583 2784.3967
-2462.5246 2782.6675
-2462.5246 2782.6675
-2471.1772 2784.1850999999997

[OBSTACLE]
-2467.9473000000003 2077.7951000000003
-2473.6312000000003 2083.3627
-2473.6312000000003 2083.3627
-2516.0519 2182.8543
-2516.0519 2182.8543
-2516.3603 2183.6757
-2516.3603 2183.6757
-2516.6616999999997 2184.5998999999997
-2516.6616999999997 2184.5998999999997
-2516.8997999999997 2185.4574
-2516.8997999999997 2185.4574
-2535.6577 2266.9188
-2535.6577 2266.9188
-2535.7935 2267.6234999999997
-2535.7935 2267.6234999999997
-2535.9145000000003 2268.4
-2535.9145000000003 2268.4
-2535.999 2269.1063
-2535.999 2269.1063
-2536.2523 2272.1353
-2536.2523 2272.1353
-2541.6124 2273.8188
-2541.6124 2273.8188
-2548.2900999999997 2279.3554
-2548.2900999999997 2279.3554
-2551.9923 2286.2856
-2551.9923 2286.2856
-2553.2408 2298.3981
-2553.2408 2298.3981
-2554.5915 2298.1085
-2554.5915 2298.1085
-2563.8176000000003 2300.0686
-2563.8176000000003 2300.0686
-2570.7163 2305.0974
-2570.7163 2305.0974
-2580.2169 2321.6764000000003
-2580.2169 2321.6764000000003
-2581.2299 2329.5681999999997
-2581.2299 2329.5681999999997
-2581.0020999999997 2330.4076
-2581.0020999999997 2330.4076
-2658.1214 2367.7098
-2658.1214 2367.7098
-2681.9337 2319.9589
-2681.9337 2319.9589
-2687.7348 2314.8159
-2687.7348 2314.8159
-2695.797 2311.9419000000003
-2695.797 2311.9419000000003
-2703.5451 2312.2561
-2703.5451 2312.2561
-2744.3876 2330.6674000000003
-2744.3876 2330.6674000000003
-2744.3973 2330.6733
-2744.3973 2330.6733
-2783.7832 2344.8591
-2783.7832 2344.8591
-2789.6253 2350.1321000000003
-2789.6253 2350.1321000000003
-2793.3896 2357.9642
-2793.3896 2357.9642
-2793.8569 2365.8223
-2793.8569 2365.8223
-2779.5155 2407.7960000000003
-2779.5155 2407.7960000000003
-2773.6636 2414.0594
-2773.6636 2414.0594
-2766.7714 2416.9502
-2766.7714 2416.9502
-2760.6812 2431.438
-2760.6812 2431.438
-2759.9613999999997 2432.8329
-2759.9613999999997 2432.8329
-2759.0519 2434.3004
-2759.0519 2434.3004
-2758.1235 2435.5651000000003
-2758.1235 2435.5651000000003
-2731.1326999999997 2466.8631
-2731.1326999999997 2466.8631
-2734.1137 2471.2815
-2734.1137 2471.2815
-2735.7795 2475.7738
-2735.7795 2475.7738
-2736.394 2481.0161000000003
-2736.394 2481.0161000000003
-2735.8116 2485.7731000000003
-2735.8116 2485.7731000000003
-2727.8177 2506.9911
-2727.8177 2506.9911
-2722.0217000000002 2512.9621
-2722.0217000000002 2512.9621
-2713.5215 2516.4567
-2713.5215 2516.4567
-2705.203 2516.2894
-2705.203 2516.2894
-2630.3809 2481.9499
-2630.3809 2481.9499
-2625.2547 2476.7684
-2625.2547 2476.7684
-2621.9786 2469.4236
-2621.9786 2469.4236
-2621.5481 2462.1479999999997
-2621.5481 2462.1479999999997
-2631.9123 2428.804
-2631.9123 2428.804
-2540.7233 2384.7467
-2540.7233 2384.7467
-2538.411 2383.2023
-2538.411 2383.2023
-2536.1257 2381.1666
-2536.1257 2381.1666
-2534.3248 2379.0469000000003
-2534.3248 2379.0469000000003
-2530.3437 2372.7727
-2530.3437 2372.7727
-2505.0307 2369.3646
-2505.0307 2369.3646
-2498.9945 2366.306
-2498.9945 2366.306
-2493.8168 2360.9300000000003
-2493.8168 2360.9300000000003
-2490.9869 2354.7826
-2490.9869 2354.7826
-2482.7153 2269.0814
-2482.7153 2269.0814
-2458.9303 2176.8668000000002
-2458.9303 2176.8668000000002
-2430.2621 2112.7282999999998
-2430.2621 2112.7282999999998
-2426.2967 2105.4506
-2426.2967 2105.4506
-2425.6024 2097.0224000000003
-2425.6024 2097.0224000000003
-2428.6691 2088.1989999999996
-2428.6691 2088.1989999999996
-2434.4395 2082.0189
-2434.4395 2082.0189
-2451.8407 2074.5995000000003
-2451.8407 2074.5995000000003
-2459.7968 2074.5173
-2459.7968 2074.5173
-2467.9473000000003 2077.7951000000003

[OBSTACLE]
-2146.9769 2075.5385
-2163.1187 2081.8905
-2163.1187 2081.8905
-2168.2476 2086.2976
-2168.2476 2086.2976
-2171.9924 2092.7478
-2171.9924 2092.7478
-2173.2765 2099.3873
-2173.2765 2099.3873
-2172.5499 2104.4012
-2172.5499 2104.4012
-2185.4195 2109.7287
-2185.4195 2109.7287
-2187.3059000000003 2107.797
-2187.3059000000003 2107.797
-2191.9473 2105.0781
-2191.9473 2105.0781
-2197.6711999999998 2103.5397
-2197.6711999999998 2103.5397
-2203.0503 2103.5654999999997
-2203.0503 2103.5654999999997
-2224.0998999999997 2109.4399
-2224.0998999999997 2109.4399
-2230.6093 2114.7805000000003
-2230.6093 2114.7805000000003
-2234.8109 2123.0772
-2234.8109 2123.0772
-2235.2647 2131.4829
-2235.2647 2131.4829
-2225.7406 2156.7157
-2225.7406 2156.7157
-2224.6707 2158.7846
-2224.6707 2158.7846
-2223.2375 2160.9087
-2223.2375 2160.9087
-2221.7202 2162.6744
-2221.7202 2162.6744
-2221.4993 2162.8779999999997
-2221.4993 2162.8779999999997
-2222.1716 2162.9148
-2222.1716 2162.9148
-2230.1394999999998 2166.7642
-2230.1394999999998 2166.7642
-2235.4559 2172.762
-2235.4559 2172.762
-2243.2267 2195.4678000000004
-2243.2267 2195.4678000000004
-2242.6614 2203.5477
-2242.6614 2203.5477
-2238.6154 2211.5243
-2238.6154 2211.5243
-2232.4305 2216.7531
-2232.4305 2216.7531
-2207.7401 2224.4523
-2207.7401 2224.4523
-2203.7143 2224.8588999999997
-2203.7143 2224.8588999999997
-2199.2830000000004 2224.4098
-2199.2830000000004 2224.4098
-2195.4222 2223.2049
-2195.4222 2223.2049
-2064.4151 2150.9443
-2064.4151 2150.9443
-2059.449 2144.7275
-2059.449 2144.7275
-2057.01 2136.2877000000003
-2057.01 2136.2877000000003
-2057.8945 2128.3803
-2057.8945 2128.3803
-2082.2281 2084.2685
-2082.2281 2084.2685
-2087.9784 2079.4617
-2087.9784 2079.4617
-2095.8141 2076.8143
-2095.8141 2076.8143
-2103.3005 2077.1482
-2103.3005 2077.1482
-2119.5371 2084.3014
-2119.5371 2084.3014
-2120.9419000000003 2083.3988
-2120.9419000000003 2083.3988
-2126.6117999999997 2082.797
-2126.6117999999997 2082.797
-2128.0513 2080.8849
-2128.0513 2080.8849
-2133.4629 2077.1792
-2133.4629 2077.1792
-2140.4242 2075.2122
-2140.4242 2075.2122
-2146.9769 2075.5385

[OBSTACLE]
-1970.68 2010.5617
-1977.2680999999998 2015.0241
-1977.2680999999998 2015.0241
-1978.815 2017.3711999999998
-1978.815 2017.3711999999998
-1980.1314000000002 2018.2766000000001
-1980.1314000000002 2018.2766000000001
-1983.3266999999998 2015.868
-1983.3266999999998 2015.868
-1988.8777 2013.8269999999998
-1988.8777 2013.8269999999998
-1995.3852000000002 2013.4443
-1995.3852000000002 2013.4443
-2001.1367 2014.8202
-2001.1367 2014.8202
-2006.9968 2018.241
-2006.9968 2018.241
-2014.0484000000001 2012.4745
-2014.0484000000001 2012.4745
-2021.026 2010.1484
-2021.026 2010.1484
-2029.1360000000002 2010.4885
-2029.1360000000002 2010.4885
-2035.8952 2013.3914
-2035.8952 2013.3914
-2056.5237 2033.3706
-2056.5237 2033.3706
-2059.6781 2041.9096
-2059.6781 2041.9096
-2058.7369 2051.929
-2058.7369 2051.929
-2054.0465999999997 2059.7317
-2054.0465999999997 2059.7317
-2041.3349 2068.0961
-2041.3349 2068.0961
-2041.5426 2072.1782000000003
-2041.5426 2072.1782000000003
-2037.7579999999998 2081.3583000000003
-2037.7579999999998 2081.3583000000003
-2031.1115 2087.402
-2031.1115 2087.402
-1972.4476 2105.2981
-1972.4476 2105.2981
-1972.0792 2106.7595
-1972.0792 2106.7595
-1967.399 2113.0993
-1967.399 2113.0993
-1951.2706999999998 2122.8955
-1951.2706999999998 2122.8955
-1943.1673 2124.0549
-1943.1673 2124.0549
-1934.434 2121.7165999999997
-1934.434 2121.7165999999997
-1927.9934999999998 2116.6623999999997
-1927.9934999999998 2116.6623999999997
-1916.9648 2096.5534000000002
-1916.9648 2096.5534000000002
-1911.5603 2095.9457
-1911.5603 2095.9457
-1895.1372 2089.3252
-1895.1372 2089.3252
-1889.2233 2083.2065000000002
-1889.2233 2083.2065000000002
-1886.0075 2074.3732999999997
-1886.0075 2074.3732999999997
-1886.6029 2065.8857000000003
-1886.6029 2065.8857000000003
-1897.7866 2044.8784
-1897.7866 2044.8784
-1899.4135 2042.6355999999998
-1899.4135 2042.6355999999998
-1901.5267999999999 2040.4379
-1901.5267999999999 2040.4379
-1903.7038 2038.7250000000001
-1903.7038 2038.7250000000001
-1949.1333000000002 2012.2059
-1949.1333000000002 2012.2059
-1951.7996 2011.1261
-1951.7996 2011.1261
-1953.7210000000002 2010.6534
-1953.7210000000002 2010.6534
-1954.2622999999999 2010.2966999999999
-1954.2622999999999 2010.2966999999999
-1962.0749 2008.7938000000001
-1962.0749 2008.7938000000001
-1970.68 2010.5617

[OBSTACLE]
-1636.6015999999997 1848.8785
-1636.6115 1848.8805
-1636.6115 1848.8805
-1636.6613000000002 1848.8905
-1636.6613000000002 1848.8905
-1636.7421 1848.9070000000002
-1636.7421 1848.9070000000002
-1657.3162 1853.1985
-1657.3162 1853.1985
-1663.599 1857.2782
-1663.599 1857.2782
-1668.4345 1863.9856000000002
-1668.4345 1863.9856000000002
-1670.0982 1870.3873999999998
-1670.0982 1870.3873999999998
-1803.5623999999998 1942.3141
-1803.5623999999998 1942.3141
-1807.8573999999999 1946.7382
-1807.8573999999999 1946.7382
-1810.9041000000002 1952.8153
-1810.9041000000002 1952.8153
-1811.8791 1958.9046
-1811.8791 1958.9046
-1809.7460999999998 1973.2949999999998
-1809.7460999999998 1973.2949999999998
-1806.5169999999998 1979.3766999999998
-1806.5169999999998 1979.3766999999998
-1800.9169 1984.508
-1800.9169 1984.508
-1794.5768999999998 1987.1943999999999
-1794.5768999999998 1987.1943999999999
-1795.5857 1988.5819999999999
-1795.5857 1988.5819999999999
-1797.7257000000002 1996.1948
-1797.7257000000002 1996.1948
-1797.1487 2003.3393
-1797.1487 2003.3393
-1789.4895000000001 2019.8127
-1789.4895000000001 2019.8127
-1783.9483 2025.063
-1783.9483 2025.063
-1776.1281000000001 2028.1983
-1776.1281000000001 2028.1983
-1768.4954999999998 2028.2304
-1768.4954999999998 2028.2304
-1756.6616 2023.601
-1756.6616 2023.601
-1751.9755 2025.4104000000002
-1751.9755 2025.4104000000002
-1744.3339999999998 2025.3412999999998
-1744.3339999999998 2025.3412999999998
-1661.0928999999999 1991.4560999999999
-1661.0928999999999 1991.4560999999999
-1653.3047 1993.7543999999998
-1653.3047 1993.7543999999998
-1645.5741 1993.0050999999999
-1645.5741 1993.0050999999999
-1602.6654 1970.6557
-1602.6654 1970.6557
-1601.2984 1971.4374
-1601.2984 1971.4374
-1591.7903000000001 1971.9333
-1591.7903000000001 1971.9333
-1569.7226 1962.2041
-1569.7226 1962.2041
-1564.1081 1956.1648000000002
-1564.1081 1956.1648000000002
-1561.0508 1947.586
-1561.0508 1947.586
-1561.5804 1939.3566
-1561.5804 1939.3566
-1603.3978000000002 1857.2153
-1603.3978000000002 1857.2153
-1607.6204 1852.8732000000002
-1607.6204 1852.8732000000002
-1613.4837 1849.6792
-1613.4837 1849.6792
-1619.4223000000002 1848.4864000000002
-1619.4223000000002 1848.4864000000002
-1622.3346 1848.7856000000002
-1622.3346 1848.7856000000002
-1623.5238 1848.2440000000001
-1623.5238 1848.2440000000001
-1629.7703 1847.5194
-1629.7703 1847.5194
-1636.6015999999997 1848.8785

[OBSTACLE]
-1257.7404 1375.5839
-1264.2648 1380.141
-1264.2648 1380.141
-1266.8029999999999 1384.1155
-1266.8029999999999 1384.1155
-1266.9468 1384.3476
-1266.9468 1384.3476
-1267.1105 1384.6202
-1267.1105 1384.6202
-1267.2636 1384.884
-1267.2636 1384.884
-1276.73 1401.7875
-1276.73 1401.7875
-1276.8232 1404.4833
-1276.8232 1404.4833
-1279.6574 1407.475
-1279.6574 1407.475
-1282.7695 1414.8262
-1282.7695 1414.8262
-1283.0778 1422.0539
-1283.0778 1422.0539
-1275.5733 1445.0666999999999
-1275.5733 1445.0666999999999
-1268.9124 1451.7977999999998
-1268.9124 1451.7977999999998
-1258.9903 1455.149
-1258.9903 1455.149
-1249.6124 1453.8351
-1249.6124 1453.8351
-1246.7557 1451.8634
-1246.7557 1451.8634
-1223.7219 1463.9739
-1223.7219 1463.9739
-1209.5964000000001 1460.981
-1209.5964000000001 1460.981
-1199.6093999999998 1448.3535
-1199.6093999999998 1448.3535
-1199.9514 1433.9181999999998
-1199.9514 1433.9181999999998
-1220.5323 1410.2884
-1220.5323 1410.2884
-1223.9924 1409.1739
-1223.9924 1409.1739
-1221.7149 1401.0605
-1221.7149 1401.0605
-1222.0726000000002 1394.4555
-1222.0726000000002 1394.4555
-1224.7907 1387.6870999999999
-1224.7907 1387.6870999999999
-1229.0989 1382.6703
-1229.0989 1382.6703
-1233.7918 1379.8980999999999
-1233.7918 1379.8980999999999
-1241.3265000000001 1375.0846
-1241.3265000000001 1375.0846
-1249.1603 1373.6931
-1249.1603 1373.6931
-1257.7404 1375.5839

[OBSTACLE]
-1343.0181 1601.547
-1346.0129 1603.3564
-1346.0129 1603.3564
-1401.6605 1634.2034999999998
-1401.6605 1634.2034999999998
-1401.9149 1634.5379
-1401.9149 1634.5379
-1405.8409 1650.8348999999998
-1405.8409 1650.8348999999998
-1405.7914 1651.2053
-1405.7914 1651.2053
-1377.894 1701.9785
-1377.894 1701.9785
-1377.1634000000001 1702.2296999999999
-1377.1634000000001 1702.2296999999999
-1363.9248 1696.5356
-1363.9248 1696.5356
-1360.4953 1702.291
-1360.4953 1702.291
-1359.7712 1702.5209
-1359.7712 1702.5209
-1317.0962 1683.5305
-1317.0962 1683.5305
-1316.9302 1683.4114
-1316.9302 1683.4114
-1297.9394 1662.8165
-1297.9394 1662.8165
-1297.8923 1662.1129
-1297.8923 1662.1129
-1327.9545 1619.1915999999999
-1327.9545 1619.1915999999999
-1337.9027 1602.8036
-1337.9027 1602.8036
-1338.223 1602.5686
-1338.223 1602.5686
-1342.6253000000002 1601.4870999999998
-1342.6253000000002 1601.4870999999998
-1343.0181 1601.547
