[SCALE]
1.0

[BORDER]
382.510399902239442 1.192400204017758
353.034699996933341 16.311100115999579
332.598400027491152 33.862199946306646
322.731699938885868 55.925000044517219
324.564399821683764 44.568400015123188
329.582699821330607 36.180599839426577
331.286600078456104 32.039400171488523
338.047300018370152 26.746699996292591
346.566500007174909 19.689499945379794
348.900399901904166 18.147800159640610
351.525100134313107 14.644900090061128
357.470199936069548 11.853300067596138
375.391099965199828 0.252999812364578
362.914999886415899 0.244599971920252
353.282900196500123 7.845899811945856
347.172499923035502 12.255300069227815
343.885800009593368 15.715500121004879
340.982299922034144 16.788900098763406
331.150100184604526 23.903499888256192
325.622299797832966 29.875100133940578
322.740100193768740 36.598699949681759
317.680900082923472 46.150999912060797
313.599699926562607 56.255600159056485
313.045900203287601 59.467100198380649
313.521499931812286 55.970400129444897
310.703099826350808 51.841500168666244
304.819350191392004 61.962799802422523
304.516209946013987 65.542099960148335
300.416980055160820 69.862000141292810
301.160280145704746 77.550400043837726
295.926729883067310 79.895100207068026
294.643190084025264 87.469299910590053
293.784889928065240 87.180299893952906
293.012230182066560 87.332300203852355
293.246540059335530 88.160200049169362
295.612599970772862 89.082499877549708
297.963939853943884 89.093600199557841
307.190259862691164 89.451099862344563
307.956439862027764 89.480800186283886
310.149000049568713 89.715899983420968
310.595800029113889 89.577400009147823
318.161999825388193 89.854300078004599
320.754499840550125 88.146499954164028
323.223800123669207 86.894600051455200
323.377100112847984 86.795300161466002
326.692400015890598 84.646200072020292
326.940199867822230 84.485600162297487
330.491399848833680 82.183699896559119
330.219499981030822 81.764199812896550
326.668200120329857 84.066100078634918
321.927999989129603 78.448899909853935
326.469699805602431 73.524100147187710
336.001499979756773 66.339599909260869
336.767900045961142 69.549399921670556
340.658499915152788 68.620299985632300
339.853700045496225 65.421400121413171
341.778200138360262 72.250200188718736
349.478300055488944 70.080199963413179
347.308299830183387 62.380100046284497
357.117000073194504 59.065900063142180
360.487600169144571 64.205400128848851
378.790900157764554 67.152499980293214
387.913099941797554 66.343900123611093
387.966899867169559 77.215999942272902
395.792599944397807 82.522399798035622
392.093200054951012 83.796000117436051
390.066700004972517 84.513399871066213
388.040199954994023 85.230700159445405
378.653800156898797 71.302099903114140
372.040799898095429 75.804200116544962
372.945900112390518 81.434700032696128
371.816199901513755 82.302400069311261
372.669900204055011 83.411900131031871
373.275500186719000 82.945999922230840
374.547000131569803 84.784099939279258
377.713599898852408 89.362000133842230
380.241600014269352 89.806000166572630
378.661899943836033 90.732799968682230
378.489800193347037 90.834799925796688
375.942800142802298 92.343500042334199
375.903099831193686 92.276399955153465
375.859100134111941 92.393100047484040
373.085299832746387 91.037600040435791
372.659700042568147 90.769799798727036
372.442300086840987 91.192799815908074
372.915699975565076 91.385299889370799
372.922599962912500 91.371099981479347
375.547899887897074 92.678000023588538
375.690000089816749 92.956200186163187
376.131399935111403 92.661800035275519
378.678300105966628 91.153099918738008
378.850399856455624 91.051199841313064
380.789900138042867 89.902299935929477
384.776900070719421 90.602599955163896
387.265799981541932 88.908099993132055
387.025200170464814 92.725500068627298
386.735799806192517 97.011299831792712
386.768099903129041 99.181200177408755
386.734800180420280 99.684800202958286
381.283600055612624 97.236499935388565
378.873200193047523 102.628199947066605
377.355800182558596 102.015099870041013
378.385999915190041 99.465299872681499
378.197299828752875 99.455800112336874
377.172099882736802 101.940800156444311
377.076800153590739 102.171900207176805
377.262200065888464 102.246800027787685
378.787800157442689 102.819300047121942
378.714599949307740 102.982800197787583
377.417999948374927 102.812000126577914
377.417999948374927 103.711999845691025
378.443700121715665 103.588899993337691
377.196499952115119 106.378700109198689
383.496599937789142 109.192700120620430
387.574799973517656 100.062100081704557
386.955799949355423 99.784100092947483
386.989500019699335 99.185599857009947
387.110499911941588 97.039099954999983
387.352399816736579 92.746100150980055
387.580699920654297 88.693700158037245
387.752700205892324 88.576600132510066
388.140300125814974 85.513500175438821
390.166800175793469 84.796199887059629
392.193299811333418 84.078800133429468
396.075000027194619 82.704700124450028
397.256299909204245 84.194799824617803
399.929200173355639 87.652999795973301
402.572499993257225 91.044100094586611
403.894200050272048 92.739600096829236
406.517400015145540 96.131199793890119
406.594800143502653 100.262099835090339
406.634400160983205 102.411299804225564
406.767800054512918 106.637999801896513
405.548300128430128 108.432899988256395
404.341700016520917 110.207859878428280
401.947200088761747 113.735019937157631
399.512999849393964 117.312390054576099
399.761100169271231 117.481010179035366
402.178000085987151 113.924829890020192
404.594800123013556 110.368630122393370
405.803300021216273 108.590500191785395
407.011700039729476 106.812499980442226
406.933100111782551 102.427600086666644
406.893500094301999 100.278499997220933
406.814300059340894 95.980100058950484
404.130800114944577 92.555199810303748
402.809199937619269 90.859699808061123
400.165799823589623 87.468599923886359
397.522500003688037 84.077500039711595
396.876800190657377 83.249099967069924
406.696500047110021 89.916000030934811
417.824099985882640 94.717399887740612
416.849500085227191 109.808099917136133
406.805799924768507 111.079930169507861
395.101999859325588 122.007369967177510
399.904400170780718 137.482930063270032
399.979600044898689 147.542339931242168
399.040900054387748 152.958260145969689
405.331700039096177 158.072270168922842
406.460999902337790 180.439549977891147
399.494200088083744 182.039719996973872
378.330000150017440 194.590019909664989
377.849200046621263 200.657887184061110
381.594099900685251 205.937610873952508
380.038499846123159 210.811389936134219
380.028600152581930 221.592699945904315
387.762000206857920 233.593129841610789
389.714099834673107 251.033119941130280
394.547299975529313 269.452640102244914
400.563700199127197 280.909700035117567
445.000000000000000 183.002810110338032
445.000000000000000 365.701700001955032
422.912699952721596 356.527699958533049
415.972699807025492 358.329100199043751
411.981800007633865 360.428999802097678
397.801299858838320 346.761700147762895
392.205299879424274 341.356799853965640
387.929699863307178 335.005399836227298
384.720700131729245 330.433300123549998
379.324099798686802 321.705800006166101
379.969700146466494 312.797200190834701
384.739799946546555 321.197499833069742
390.353900115005672 325.243100132793188
397.416899818927050 324.804200180806220
404.719900055788457 332.601999840699136
407.168700136244297 340.250299912877381
411.364400130696595 339.051599828526378
408.020699997432530 329.456800022162497
408.803499811328948 330.007399865426123
399.509499915875494 287.147899894043803
389.152899896726012 289.128829939290881
382.544799959287047 300.415069907903671
385.498600038699806 313.613700075075030
395.603300165385008 320.721799810416996
392.935599861666560 322.009900091215968
387.887100139632821 319.237200124189258
383.991900002583861 311.204299838282168
382.177599947899580 300.856800060719252
388.846500092186034 288.864179844968021
387.130799940787256 281.197080011479557
386.441800002939999 281.250429856590927
385.518600014038384 289.110890137962997
379.772099992260337 299.614549945108593
378.016799823381007 304.809709936380386
377.345800194889307 314.555800119414926
376.374999866820872 319.530300181359053
377.168100136332214 324.374199882149696
385.370700159110129 337.262500124052167
393.620099825784564 349.459700053557754
397.442500102333724 351.017300188541412
409.823600091040134 363.820199980400503
438.981399936601520 373.184099909849465
445.000000000000000 381.153000108897686
445.000000000000000 420.000000158324838
416.461499817669392 420.000000158324838
414.077299931086600 414.040000047534704
398.728899941779673 401.065600197762251
390.755399889312685 395.114200101234019
385.814199964515865 388.312099822796881
382.892600102350116 382.320199962705374
378.491600099951029 375.123400017619133
377.708200179040432 371.743700094521046
373.666299986653030 367.270300164818764
371.097699813544750 362.015899913385510
363.744899812154472 357.525800182484090
360.528199812397361 354.367300202138722
358.067899891175330 351.586699793115258
353.783900034613907 353.112800111994147
352.351200073026121 357.347500016912818
356.005599810741842 360.630900170654058
357.817300092428923 366.238099937327206
365.617699939757586 373.959499923512340
370.051199798472226 381.265199813060462
373.826300203800201 387.536199996247888
380.959999808110297 394.403699920512736
384.351199986413121 398.756799944676459
392.796799833886325 404.699399853125215
400.050399824976921 409.458699799142778
404.392499821260571 420.000000158324838
187.763699842616916 420.000000158324838
258.082710071466863 419.736900064162910
328.401699992828071 419.525499935261905
373.737900047563016 419.389300094917417
398.720699860714376 419.314200100488961
394.167500203475356 408.080999976955354
381.618899903260171 410.051399967633188
376.551399831660092 413.479999909177423
371.483900174498558 403.952199895866215
366.596999987959862 397.852999824099243
358.311300063505769 393.031399818137288
354.462800105102360 387.388000087812543
350.790100004523993 376.200399808585644
340.604600110091269 366.344499988481402
333.189899981953204 364.736499981954694
324.979200172238052 361.101999925449491
320.690500168129802 357.391500128433108
319.515600046142936 350.978100104257464
316.345300171524286 346.457200129516423
306.683299983851612 342.874899851158261
292.756870142184198 338.588299807161093
281.731300000101328 342.955499859526753
256.194760142825544 330.963699817657471
246.250339979305863 334.394299839623272
239.904870162717998 345.416900115087628
237.845270149409771 363.649699962697923
222.223569904454052 377.707399898208678
199.131849859841168 371.618399987928569
186.548399836756289 357.141500022262335
165.150829968042672 356.445499802939594
149.765040162019432 363.639900148846209
148.634300124831498 372.110900105908513
152.202039933763444 377.849399806000292
151.027419972233474 386.986600193195045
139.582680054008961 396.875299923121929
135.926860035397112 386.727600139565766
119.251170041970909 384.047200195491314
118.779659993015230 383.939699809998274
119.253780175931752 377.032899921759963
124.784530121833086 370.285399849526584
132.496560066938400 369.398599998094141
142.618470168672502 360.283300201408565
143.820859999395907 347.173499963246286
152.092820042744279 338.685999964363873
147.671149917878211 338.146500028669834
141.482090037316084 343.860799833200872
138.774790130555630 355.996100050397217
132.164520192891359 363.981799930334091
120.155559908598661 369.339099884964526
112.681960188783705 382.549200053326786
105.627800044603646 380.940699819475412
96.649899887852371 378.700700094923377
83.006699834950268 387.367300125770271
74.111599940806627 386.976099978201091
67.456500185653567 388.232499854639173
65.411999826319516 379.573499797843397
69.560600123368204 375.405400167219341
71.267699846066535 376.480799810960889
67.940399874933064 381.076299967244267
69.212700100615621 381.821799897588789
74.424399919807911 376.645200122147799
77.594199981540442 371.903999950736761
77.858700049109757 369.237399981357157
82.827499923296273 365.439500068314373
88.110600044019520 364.360200143419206
93.634299975819886 367.036699806340039
104.083800124935806 366.684199930168688
115.874049998819828 362.464200160466135
117.380529968068004 353.520600181072950
114.631840083748102 354.340800172649324
113.430129932239652 358.461299878545105
100.403999863192439 363.092600065283477
95.086800153367221 363.640900189056993
87.221200005151331 359.528199802152812
80.337200039066374 361.243700194172561
73.551300163380802 367.606600052677095
73.007500013336539 370.816100011579692
69.704499817453325 373.583200084976852
66.817799825221300 372.830299939960241
61.854899898171425 380.118699921295047
62.228699843399227 389.069499941542745
67.315799957141280 388.258999884128571
60.525999800302088 389.596299822442234
52.842499804683030 395.867500179447234
52.850299952551723 400.458000134676695
47.384700160473585 407.762200171127915
44.018500158563256 403.469000193290412
36.507000033743680 420.000000158324838
0.000000000000000 420.000000158324838
0.000000000000000 381.694999937899411
0.539700109511614 412.719200151041150
26.168099856004119 385.969599913805723
37.003700071945786 372.227400024421513
34.470199942588806 376.597300143912435
20.951800183393061 394.139499906450510
13.553799856454134 406.223200038075447
0.551599883474410 414.615399893373251
9.854799900203943 419.399399962276220
21.900600041262805 406.334199942648411
25.637499988079071 399.831899949349463
40.504600061103702 379.960500025190413
46.906000017188489 370.886900206096470
51.044199978932738 360.353499874472618
57.088200151920319 349.762500044889748
64.000299880281091 341.463700132444501
72.429700153879821 339.072499964386225
88.825000091455877 326.581599870696664
92.365299924276769 297.175429905764759
81.578600141219795 298.093289854004979
79.162800144404173 305.169729799963534
78.260499876923859 301.574450135231018
76.790199978277087 303.090969878248870
75.249699992127717 308.248209985904396
72.640300001949072 313.405499826185405
66.299100145697594 321.902800053358078
55.042299819178879 330.213600033894181
50.234399908222258 336.134300180710852
52.524399985559285 335.926399985328317
59.932399885728955 329.449399807490408
68.024300057440996 323.090800163336098
69.555999855510890 320.855799810960889
71.786699993535876 320.171899953857064
75.810499996878207 314.989800164476037
71.261099912226200 328.316200077533722
55.750700039789081 340.078300042077899
45.034899916499853 358.427799982018769
43.563599977642298 360.947100203484297
50.811099847778678 345.041800076141953
42.185600101947784 350.970999943092465
33.449800023809075 339.124400103464723
38.608099850825965 336.345200082287192
44.261800036765635 335.371400048024952
44.200400137342513 329.479999877512455
42.615800159983337 322.747599873691797
36.886999979615211 313.564899936318398
37.567300023511052 308.505890052765608
44.288900173269212 308.178389938548207
48.107800101861358 303.579909969121218
56.968700112774968 298.523050192743540
56.388399945572019 295.948899858631194
52.814700095914304 296.109760035760701
52.559999842196703 278.966110073961318
55.251299934461713 275.001699943095446
56.127900038845837 263.627509898506105
61.335600111633539 257.945799883455038
61.547599933110178 250.955319879576564
58.066200106404722 247.440600022673607
56.201300006359816 238.591400026343763
39.482299941591918 236.033000014722347
29.665199858136475 242.721339813433588
38.099500038661063 234.890070096589625
38.326999861747026 218.575518121942878
42.722000037319958 215.594706181436777
41.241800030693412 213.759493972174823
43.310300111770630 214.865901907905936
48.139999904669821 221.459109825082123
50.932999900542200 218.701926851645112
51.054700193926692 211.512825102545321
32.785200155340135 189.704169910401106
32.949399878270924 179.250190095044672
39.681600122712553 176.446129977703094
42.828499968163669 172.784829838201404
50.511800204403698 174.215320013463497
50.580199970863760 173.900480167940259
56.344699887558818 174.600160187110305
64.618699797429144 182.808769983239472
67.014099885709584 188.804939803667367
68.131700148805976 202.091825902462006
73.409400135278702 211.466773934662342
80.838799984194338 215.567642101086676
78.819599854759872 211.653548954054713
86.544099841266870 223.536209920421243
94.670700123533607 223.859849954023957
84.983599879778922 199.212810015305877
85.892200027592480 181.654099849984050
81.009600055404007 172.048079948872328
76.315800049342215 154.366679810918868
80.579600171186030 156.667870143428445
81.395100015215576 164.697389854118228
87.279499904252589 171.201740074902773
89.126800042577088 170.977450078353286
82.952599856071174 163.127359878271818
82.870999807491899 159.157460094429553
84.763099923729897 158.686439911834896
84.200899945572019 155.280900159850717
80.050200102850795 148.914749859832227
79.822999918833375 141.475650076754391
80.403900193050504 131.112600150518119
80.960799916647375 114.342360147275031
85.298600113019347 109.357100017368793
85.602299850434065 105.114200031384826
90.668300068937242 102.692800140939653
88.163200169801712 101.197200012393296
84.952400117181242 103.731199954636395
83.580700121819973 105.474100122228265
83.937099864706397 108.661600025370717
79.198199827224016 113.315909840166569
63.975000064820051 123.070069970563054
63.010400151833892 126.653299834579229
63.922200179658830 122.947270171716809
78.804300026968122 112.923209839500487
81.958799846470356 97.493000095710158
79.178600199520588 92.372800018638372
82.213900033384562 87.916000010445714
77.946900031529367 84.600700107403100
80.901899910531938 77.008399800397456
91.369600128382444 76.337899984791875
102.913199802860618 74.771900009363890
106.706499862484634 73.581600179895759
106.587699810042977 71.937299915589392
106.886100121773779 71.613499908708036
107.792999828234315 69.477099874056876
107.700500045903027 69.439100003801286
111.539399949833751 60.173400044441223
111.062180181033909 60.034600016660988
107.238100185059011 69.249099823646247
106.462599877268076 70.206399816088378
106.382900029420853 69.103900035843253
110.552150141447783 59.615499866195023
105.226500029675663 54.878199975937605
98.940599951893091 51.655200095847249
94.602599996142089 60.396099840290844
96.692899959161878 55.854000090621412
98.112499932758510 52.752899848856032
98.002599948085845 52.768999957479537
99.256799984723330 50.043700155802071
99.497699849307537 49.519800101406872
104.354300019331276 49.818500052206218
104.350100099109113 31.931600146926939
112.865490154363215 22.824400137178600
112.249980117194355 15.663100169040263
130.439839987084270 22.310500070452690
150.702590085566044 31.829099962487817
167.405739948153496 44.130500103347003
184.457379993982613 54.838200025260448
175.445299847051501 62.471499908715487
177.698349826969206 66.805699877440929
182.188009838573635 60.632399851456285
190.642779967747629 71.153500061482191
189.021069919690490 74.817600147798657
191.521209818311036 77.562199938111007
194.941239999607205 74.617599979974329
193.987599913962185 69.851499926298857
189.460320072248578 63.712599957361817
200.068267951719463 64.346000063233078
201.838824846781790 67.976199905388057
206.702056862413883 69.928900054655969
209.271830725483596 79.480800083838403
213.268208159133792 73.151599881239235
212.730133063159883 68.928200057707727
207.225174042396247 60.811499883420765
216.534654046408832 62.593399961479008
224.950769906863570 63.845500038005412
226.447670129127800 66.722599975764751
229.422069876454771 63.519900124520063
230.061120023019612 54.893300044350326
242.340879840776324 61.663500159047544
243.063220116309822 69.208600060082972
246.398800155147910 66.130799967795610
249.265399877913296 60.028799949213862
253.849239805713296 68.008299828507006
263.068499853834510 68.168699978850782
268.377559990622103 60.412299828603864
277.443570196628571 59.802400046028197
289.295660103671253 53.731000097468495
293.562479824759066 56.527800080366433
301.665079970844090 56.158900042064488
311.126500191166997 47.231999863870442
320.138000124134123 27.711999895982444
334.940599882975221 18.326499843969941
355.569600099697709 1.003300184383988
226.636969908140600 2.242599911987782
86.012700106948614 0.000000000000000
430.642900126986206 0.000000000000000

[OBSTACLE]
216.494838106445968 333.158100112341344
205.971841840073466 339.121600156649947
186.861589802429080 334.939100029878318
177.724890056997538 339.748200154863298
183.202179917134345 347.688899883069098
197.828530152328312 351.402299921028316
202.050929935649037 358.439499996602535
206.392792044207454 360.828199856914580
213.309797896072268 361.183999907225370
220.376690006814897 357.863500043749809
226.204630103893578 350.593300131149590
229.321910026483238 341.154599846340716
225.415740115568042 334.581200019456446

[OBSTACLE]
291.949060205370188 290.838640090078115
290.070959823206067 297.610470191575587
292.460779910907149 307.286959979683161
296.737970127724111 317.647100132890046
303.577059875242412 328.127499991096556
314.655700116418302 333.882600027136505
329.176899832673371 339.370099995285273
337.199699836783111 345.593799892812967
341.641800124198198 341.995600094087422
343.324200138449669 335.368099873885512
340.941999917849898 333.419699938967824
330.946600083261728 332.450600052252412
325.899700094014406 329.201500075869262
314.442500080913305 323.416599836200476
328.714800025336444 325.542599949985743
328.147300207056105 322.065799976699054
318.977900017052889 314.049199973233044
313.285100040957332 308.156479815952480
308.320790193974972 308.195079793222249
304.490840090438724 310.352699910290539
307.664699992164969 319.631900205276906
311.657199938781559 322.010399904102087
307.301459941081703 319.811100116930902
300.338329980149865 298.328179945237935
302.243990111164749 295.055759926326573

[OBSTACLE]
273.402629843913019 264.015109818428755
269.407879910431802 266.251539983786643
269.721120023168623 267.582360175438225
273.091599931940436 267.653099861927330
269.714489835314453 271.337230177596211
265.346360197290778 276.169129810295999
265.254889880307019 279.269520118832588
268.626339989714324 281.304279929026961
271.706910189241171 285.869690189138055
271.883790073916316 289.700000025331974
272.605839828029275 292.672870079986751
271.207529976963997 296.028050160966814
270.854580020532012 299.947610166855156
257.107200063765049 301.356220059096813
252.836749861016870 296.182850003242493
252.230100105516613 291.103029916994274
245.320850056596100 287.445729938335717
241.233950126916170 288.169119986705482
241.085480004549026 290.120880189351737
244.272359907627106 289.371509817428887
248.794349855743349 291.417170190252364
248.587700021453202 297.040349878370762
253.674900014884770 303.201050143688917
258.554850067012012 305.131470076739788
259.789019874297082 310.899900114163756
269.129259921610355 317.415700028650463
274.449950032867491 317.751599983312190
276.536099808290601 319.098400096409023
280.170439891517162 318.605400165542960
279.876689994707704 324.697200022637844
279.853299912065268 331.061900202184916
288.419510079547763 339.913200158625841
292.586179897189140 338.488699863664806
283.967030178755522 330.335500086657703
283.740299968048930 316.255100108683109
277.928479872643948 302.611210015602410
273.311619968153536 299.176219846121967
274.294889923185110 294.284869832918048
274.197849966585636 290.268690111115575
272.839920106343925 282.853529956191778
271.229600072838366 280.618130085058510
268.613060135394335 278.115460039116442
270.954279843717813 273.560099913738668
277.502199988812208 266.653399905189872
277.709180130623281 264.172869995236397

[OBSTACLE]
122.568530119024217 258.151610065251589
120.791280041448772 259.821269824169576
113.777959914878011 267.465609936043620
113.422289998270571 273.104200107045472
105.634199804626405 284.381370088085532
106.704500196501613 306.614019949920475
108.686799961142242 323.780100154690444
113.808169998228550 334.218700155615807
119.307839954271913 333.070200183428824
127.534259832464159 328.835099930875003
146.252770051360130 328.993800054304302
144.062970024533570 325.787100042216480
124.816279844380915 325.907099894247949
116.809480069205165 328.507300177589059
114.510669857263565 323.846700014546514
116.970210112631321 321.705300193279982
116.699239830486476 305.045879813842475
118.011309993453324 293.668540036305785
129.539870107546449 295.726590049453080
132.583890142850578 305.300790187902749
146.693520057015121 309.395820158533752
159.406010080128908 308.135779853910208
156.301709958352149 300.870929928496480
167.652700147591531 298.982200026512146
167.633800092153251 294.108650148846209
165.559070170857012 290.782949910499156
158.790890029631555 288.038990013301373
152.055559945292771 282.653269935399294
149.031720166094601 275.774200130254030
145.970389861613512 274.515059986151755
144.101240108720958 272.612140122801065
133.562680017203093 272.570249917916954
128.747679945081472 267.719979882240295
128.931020097807050 260.823259968310595
128.616169891320169 260.691049927845597

[OBSTACLE]
225.021309833973646 299.856230197474360
222.416110178455710 299.883510200306773
218.751710038632154 306.430829823948443
218.059712881222367 313.285599853843451
224.106730166822672 322.587900124490261
239.043390019796789 323.858499908819795
244.105509850196540 320.696499994955957
245.134579823352396 317.040900043211877
245.577469989657402 310.862199882976711
234.783529965206981 306.518079913221300
233.159140157513320 303.517560176551342
228.972339816391468 303.694399860687554

[OBSTACLE]
192.746450132690370 294.613580107688904
188.701120046898723 309.361759941093624
174.783809925429523 316.518200202845037
159.066259991377592 316.958299954421818
162.182069900445640 320.815799860283732
173.621429991908371 320.677299886010587
184.049439844675362 317.976999846287072
194.477460058405995 310.568299959413707
196.520049856044352 298.228780175559223

[OBSTACLE]
376.849500089883804 282.066599847748876
372.468100129626691 284.558940012939274
371.842099823988974 289.398900060914457
367.295299926772714 293.866669842973351
363.615100146271288 294.429779928177595
355.786200189031661 303.002490149810910
347.370500010438263 303.263440136797726
339.963399856351316 298.945109848864377
338.868400170467794 297.170060025528073
342.693100166507065 299.875930119305849
343.848200072534382 298.243229989893734
339.439900149591267 295.124439853243530
338.460499807260931 296.508769863285124
338.137999894097447 295.985990036278963
337.742899879813194 293.150730156339705
335.187499988824129 290.594789837487042
334.001899892464280 293.279530196450651
334.992599901743233 298.067609998397529
336.848500054329634 303.067140076309443
341.605300107039511 306.189539972692728
344.314600094221532 309.222320020198822
352.466300018131733 311.088799959979951
361.198000055737793 307.573210196569562
364.660900174640119 301.068249922245741
370.276200142689049 299.123739907518029
372.988099902868271 293.676559836603701
374.016099795699120 286.672489978373051
377.313699857331812 283.411660147830844

[OBSTACLE]
289.792290101759136 288.970600203610957
289.234420177526772 289.596120174974203
289.789490154944360 290.067180143669248
293.953849892131984 291.295229936949909
294.706720197573304 291.087400196120143
294.809890114702284 290.859700199216604
303.372079813852906 294.738990040495992
304.431989816948771 295.676409830339253
302.888529910705984 294.874770054593682
300.498570157214999 298.316130144521594
302.998070162720978 304.782419987022877
314.440599880181253 305.883300141431391
312.215599929913878 301.782380170188844
305.236979913897812 301.809009918943048
305.171460080891848 297.964859907515347
307.513080136850476 297.723969989456236
308.217340116389096 297.642469820566475
307.519879830069840 297.280219863168895
307.525309803895652 296.925920080393553
305.751979900524020 295.180510072968900
303.578420062549412 294.283549846149981
295.016239895485342 290.404250058345497
295.119409812614322 290.176540114916861
292.349799899384379 289.141270141117275

[OBSTACLE]
352.995799966156483 299.721199902705848
351.314499871805310 300.922130080871284
350.068899849429727 301.217849804088473
347.909100200049579 300.899069891311228
346.553700072690845 300.350010101683438
346.243099933490157 300.829249843955040
347.091499981470406 301.358610126189888
347.776099825277925 301.483090058900416
347.925100014545023 301.508089820854366
349.763500085100532 301.816410133615136
349.980500107631087 301.852579843252897
350.473699797876179 301.934779998846352
351.244700131937861 301.809840039350092
351.691999924369156 301.389809888787568
353.344499855302274 300.209430060349405

[OBSTACLE]
358.850300186313689 295.158870164304972
355.077400035224855 299.022180084139109
356.508199796080589 300.419559935107827
360.281099947169423 296.556250015273690

[OBSTACLE]
344.576000161468983 298.485999801196158
344.576000161468983 299.485999811440706
345.574099970981479 299.441920127719641
345.576000171713531 298.485999801196158

[OBSTACLE]
154.309060005471110 267.001169794239104
152.474420135840774 268.995039854198694
155.155549906194210 274.530770108103752
170.038019847124815 280.637839953415096
173.761339886114001 284.588130163028836
179.729320011101663 292.840549843385816
178.851789906620979 284.494929979555309
174.832809823565185 279.056310136802495
159.032499827444553 272.506169844418764

[OBSTACLE]
351.807200163602829 287.352129821665585
346.445900048129261 287.997629875317216
346.685000006109476 289.983289907686412
352.046199827454984 289.337779907509685

[OBSTACLE]
294.454969917424023 278.073600088246167
294.442940009757876 278.860979862511158
296.216719993390143 280.606410177424550
298.390290192328393 281.503360043279827
307.498990055173635 285.630279816687107
309.441000176593661 286.674839844927192
312.135099801234901 286.907409909181297
312.734300023876131 286.190800075419247
312.133699827827513 285.699099823832512
307.767239962704480 285.038219955749810
307.705339835956693 285.174840036779642
298.596630026586354 281.047929795458913
295.241289972327650 278.155399896204472

[OBSTACLE]
361.317299921065569 205.711891064420342
357.217300003394485 205.839119139127433
355.369299878366292 209.071590597741306
350.335499877110124 214.056549016386271
350.426399926654994 221.524039912037551
351.372800185345113 223.132620132528245
351.027100002393126 223.269490120001137
345.341599946841598 225.208810120820999
344.083500043489039 228.097809832543135
337.484899866394699 229.734319895505905
332.680400009267032 230.173730021342635
325.961499926634133 235.102410172112286
324.443200170062482 243.185929981991649
321.916999961249530 253.483729874715209
323.121200059540570 257.994389901868999
325.773200187832117 260.931960153393447
330.428200042806566 262.536880052648485
335.907000117003918 269.074040129780769
332.758299950510263 272.423820076510310
333.559700180776417 277.268019830808043
332.548000155948102 282.047710153274238
333.640499948523939 285.187179944477975
339.570999909192324 285.585750052705407
339.844400044530630 284.745000125840306
337.419099872931838 284.089999897405505
338.479999969713390 284.089999897405505
338.479999969713390 278.089999835938215
336.479999949224293 278.089999835938215
336.479999949224293 283.836380084976554
336.357300030067563 283.803229974582791
336.222299989312887 277.529349857941270
336.451000026427209 273.108829800039530
338.102300157770514 271.749819912947714
342.147599989548326 275.357739953324199
343.236700142733753 277.981820185668766
342.141300109215081 278.681690017692745
344.833300188183784 282.895120107568800
346.518699908629060 281.818310129456222
346.045799832791090 281.078139878809452
347.358799995854497 281.204350092448294
350.637899935245514 284.360569831915200
350.752800120972097 284.241189979948103
350.752800120972097 285.626590070314705
355.752800172194839 285.626590070314705
355.752800172194839 283.626590049825609
351.344399955123663 283.626590049825609
352.024900172837079 282.919600163586438
348.572799907997251 279.597009872086346
349.496500124223530 278.120480133220553
350.039199939928949 275.506420196034014
351.971300006844103 277.271770085208118
357.727199909277260 278.335889955051243
362.328399838879704 276.553989876993001
363.824600074440241 272.573139797896147
367.369200121611357 264.801279846578836
374.700600174255669 258.220210005529225
370.775899887084961 257.914850027300417
369.660300118848681 248.461990035139024
364.128999798558652 241.631150101311505
364.862400195561349 236.112820049747825
365.492699886672199 233.534989915788174
359.621700039133430 231.505570146255195
355.810499964281917 225.194899905472994
355.676499963738024 222.315119793638587
355.666400096379220 222.096759998239577
355.487300064414740 222.103069825097919
353.039599903859198 219.359986879862845
353.807300063781440 213.344306950457394
358.817300102673471 209.343048259615898
362.674700128845870 209.978328673169017
363.011000016704202 215.206131087616086
368.676299923099577 221.677240021526814
371.510800137184560 222.012980002909899
364.245699890889227 208.027321090921760

[OBSTACLE]
60.316300112754107 213.002136126160622
58.637300152331591 213.140755044296384
59.662200044840574 219.596535139717162
63.543600207194686 220.266279848292470
65.642699943855405 223.399979826062918
65.735099846497178 232.659399798139930
69.642300051636994 235.161640071310103
73.288699882104993 243.031040206551552
75.058700186200440 244.188090045936406
77.655400121584535 251.298319995403290
78.788400092162192 255.385699844919145
78.965599923394620 260.187730062752962
77.016199948266149 264.181610089726746
74.759700181894004 283.353140181861818
77.965800086967647 285.618639895692468
79.485300057567656 283.830860177986324
88.404499967582524 280.858610123395920
100.268700183369219 255.717639839276671
99.331199992448092 246.355420043691993
93.702400103211403 239.049989953637123
83.440200067125261 236.859700060449541
83.943699798546731 261.571520059369504
79.823099798522890 265.810959897935390
83.686500065959990 261.500019878149033
83.316100174561143 253.570049963891506
80.665599899366498 254.553450052626431
79.128199913538992 250.987239936366677
78.559700055047870 243.337009823881090
74.044300094246864 238.856539987027645
74.579499815590680 234.474880173802376
73.108599809929729 232.616429980844259
68.602499850094318 232.360040061175823
68.052299940027297 229.706119839102030
70.748799992725253 227.284049801528454
70.990299964323640 222.977189929224551
67.074600039049983 217.801063857041299
61.414500093087554 217.563426867127419

[OBSTACLE]
287.025119988247752 243.821609914302826
288.187840175814927 247.628189828246832
288.497889940626919 251.418200074695051
290.924689965322614 255.487289922311902
293.784669861197472 264.032730087637901
294.487640107981861 275.045959907583892
298.089559907093644 280.064690094441175
306.361979977227747 283.867240007966757
306.246730005368590 277.451580050401390
305.287919798865914 272.512199925258756
302.090049814432859 267.192090027965605
300.311740017496049 260.682430020533502
296.892520063556731 252.444959967397153
296.846540179103613 245.728769898414612

[OBSTACLE]
294.440280143171549 121.328570190817118
280.421329797245562 122.215789868496358
264.761429922655225 130.899679861031473
254.229969992302358 143.330560135655105
250.535019929520786 153.723239931277931
243.624810040928423 155.519620077684522
236.516520078293979 161.297779888845980
231.480220183730125 167.907080040313303
228.256589942611754 168.338869884610176
226.481949998997152 164.230509912595153
217.746953102760017 162.974250116385520
210.750740999355912 161.041789902374148
206.037762020714581 160.862270044162869
194.989970098249614 168.155329972505569
189.660890093073249 174.131029844284058
188.543669870123267 178.006760072894394
182.163100009784102 184.098620023578405
174.912839978933334 186.746479910798371
170.198839823715389 190.272280196659267
165.635299924761057 192.873240145854652
163.086860114708543 200.792776155285537
163.933250135742128 206.874021920375526
168.940800013951957 209.884687527082860
176.580309844575822 206.969801154918969
180.074020153842866 203.128211130388081
182.976540094241500 197.457959926687181
186.823349972255528 195.030590048991144
189.956589923240244 191.176089849323034
189.959570150822401 188.194550154730678
187.277049939148128 184.100860063917935
190.501129846088588 180.995600102469325
192.420379831455648 175.950580006465316
199.624620191752911 170.221229866147041
205.084634181112051 170.548880007117987
205.467824060469866 172.458480205386877
210.548737435601652 172.605229993350804
213.422433175146580 167.020850041881204
220.927310157567263 166.679070033133030
226.161109912209213 171.711949980817735
233.393459981307387 171.658739801496267
245.207109884358943 163.947690003551543
254.774499968625605 162.669070004485548
258.413519891910255 159.628130076453090
258.328850097022951 151.299369987100363
268.910510139539838 141.462330021895468
272.970219999551773 139.847110081464052
281.249499856494367 143.893259926699102
285.597639880143106 145.373919960111380
285.827799984253943 159.497310062870383
281.083109825849533 163.418849841691554
276.044080024585128 162.596299983561039
273.882920187897980 164.927559904754162
273.434290047734976 171.288310070522130
267.692210013046861 167.655769893899560
266.982479859143496 174.263309924863279
272.730699800886214 180.034270109608769
274.229540009982884 182.818609997630119
270.094360061921179 188.433720152825117
272.837040172889829 190.752839925698936
272.508850018493831 200.539862131699920
271.472480124793947 215.831404053606093
268.313009943813086 222.907550162635744
263.138040155172348 221.117869829759002
260.953910062089562 222.321790182031691
265.111969918943942 224.351420071907341
259.598739948123693 228.038979866541922
259.457570160739124 235.875670025125146
261.080070128664374 241.290169958956540
264.486449947580695 245.759689914993942
268.446500184945762 247.460849904455245
268.648229804821312 251.412760154344141
265.826239832676947 255.791540034115314
255.717980093322694 265.421909857541323
255.126260071992874 271.279479824006557
250.832130094058812 272.088300161994994
242.023029928095639 276.759320138953626
238.412769967690110 279.029890093952417
238.810340035706758 280.600039842538536
247.626629881560802 278.072459967806935
252.920950097031891 278.252429906278849
258.075590017251670 273.197350143454969
262.972260178066790 264.978839824907482
271.362590086646378 258.200260177254677
277.218019892461598 253.409280134364963
277.695530182681978 249.985239845700562
273.738839798606932 243.513849922455847
269.375019907020032 236.144409799017012
268.752890042960644 231.552310111001134
273.150380165316164 222.132569975219667
276.033770036883652 211.098883054219186
276.580339879728854 204.513638988137245
279.151250133290887 202.291983142495155
274.794110162183642 200.484617059119046
274.765629945322871 194.163890052586794
276.131679899990559 189.957459829747677
274.809300163760781 188.065600087866187
280.930049796588719 179.951369967311621
285.108550176955760 173.388980114832520
285.355240162461996 167.988350195810199
290.942919873632491 159.210780099965632
293.773940047249198 158.366659958846867
298.681490048766136 153.227769946679473
299.921159869991243 146.209479873068631
299.791150083765388 137.500339797697961
297.454030001536012 132.239560093730688
298.883029855787754 125.671080066822469

[OBSTACLE]
128.605399876832962 197.660159934312105
123.603320172987878 209.106222325935960
122.707049986347556 233.819920145906508
122.819579998031259 241.611809912137687
120.015150201506913 245.986679978668690
119.823520034551620 249.819239801727235
123.087940146215260 251.401690086349845
122.957179811783135 253.957290151156485
122.740219989791512 258.050300148315728
128.616169891320169 260.691049927845597
128.427379871718585 253.990010074339807
131.644970085471869 245.350729832425714
133.758179796859622 244.061249885708094
137.377169905230403 247.987639838829637
144.392359978519380 251.205610092729330
149.532339964061975 251.589969932101667
152.840489973314106 249.626999995671213
153.039430007338524 246.201110067777336
147.258929861709476 235.444399886764586
146.416600095108151 226.014939923770726
140.400000112131238 220.599999856203794
140.250629829242826 207.537760171107948
135.026559848338366 198.014930104836822

[OBSTACLE]
248.099510064348578 227.343489821068943
241.133609996177256 228.564090081490576
237.098850165493786 230.070659983903170
235.949229965917766 233.363290098495781
226.263269842602313 237.690810146741569
221.120579843409359 240.555639802478254
221.296690115705132 251.345389853231609
227.461230154149234 257.533920081332326
232.112989928573370 257.401450187899172
238.752990029752254 248.964670007117093
245.985280005261302 250.765829873271286
250.063230134546757 242.787860101088881
250.110570206306875 235.294349924661219

[OBSTACLE]
122.038999916985631 99.979899926111102
113.982889829203486 105.726000014692545
108.142599877901375 116.125339837744832
108.150300146080554 122.986209988594055
111.434130072593689 128.003720068372786
111.332200155593455 137.253360119648278
104.653200143948197 149.523170096799731
104.650400197133422 166.337929917499423
106.255199909210205 188.121710093691945
109.577200040221214 199.450740013271570
112.497070035897195 211.619421183131635
110.634979829192162 221.235589855350554
110.801069806329906 228.264070143923163
114.161499994806945 233.870569923892617
116.664720000699162 232.975879991427064
117.567350161261857 224.432250093668699
118.469989853911102 195.089540202170610
121.962020029313862 185.758479968644679
124.386080200783908 185.529649797827005
128.376820026896894 178.231409802101552
128.545579817146063 174.532929966226220
125.075519857928157 170.511520029976964
119.297759979963303 168.441440109163523
111.951169925741851 168.247310048900545
111.099199904128909 151.564500001259148
113.266139915212989 147.071509975939989
118.349490188993514 138.797040092758834
120.631269877776504 136.371380188502371
116.426039868965745 126.017180182971060
114.626459842547774 123.064599796198308
115.512710148468614 113.307960079982877
127.140929885208607 105.932499822229147
132.176729966886342 106.161199859343469
135.147519954480231 109.349899976514280
138.699799962341785 113.162640105001628
133.651609825901687 118.234250163659453
132.954510101117194 128.517809947952628
135.594619987532496 138.564509814605117
137.043229830451310 144.823359902948141
127.074049864895642 148.445719811134040
130.696210013702512 158.380520027130842
135.650049899704754 161.366459815762937
136.938609792850912 165.470469840802252
146.973680099472404 168.595280111767352
147.351709804497659 171.386449947021902
148.998470176011324 173.675639797002077
149.174250140786171 177.168350066058338
147.486459938809276 179.607070172205567
146.500739823095500 183.767530042678118
143.107959805056453 185.119729875586927
145.508239907212555 189.492020062170923
149.983230037614703 189.533829865977168
153.425349793396890 187.346269879490137
153.638110109604895 177.937760199420154
151.247989968396723 177.560789799317718
150.829620058648288 170.326600037515163
153.850879957899451 168.529250104911625
156.319769946858287 161.548649901524186
156.472400203347206 157.337139905430377
162.228319998830557 158.451519981026649
162.873859838582575 155.617580087855458
168.401450105011463 154.558939924463630
172.688339841552079 162.205799822695553
175.224419850856066 167.524189800024033
174.498730082996190 171.588039901107550
181.992520005442202 168.158410079777241
189.047230109572411 160.651540062390268
187.085459972731769 159.677619840949774
179.603750105015934 165.101810176856816
176.370209809392691 159.704000097699463
176.173489922657609 152.455179826356471
168.854629951529205 144.181399983353913
165.338569800369442 145.047729886136949
165.449629798531532 133.341359887272120
156.699890079908073 123.794220099225640
138.897279929369688 104.983399910852313
132.351560038514435 100.487399818375707

[OBSTACLE]
313.185999910347164 188.805570164695382
301.418259851634502 191.197880199179053
298.070169985294342 202.159303128719330
299.585240022279322 210.152481137774885
299.396030176430941 217.340271188877523
294.857240132987499 224.825619827024639
302.909260126762092 229.611210096627474
306.437879838049412 221.614409894682467
310.827099839225411 208.615692034363747
311.351600000634789 199.157419889234006

[OBSTACLE]
236.829770137555897 182.082000188529491
229.832690199837089 183.227689852938056
230.562780061736703 187.938679940998554
216.084354962222278 187.941869874484837
211.988751823082566 192.519719921983778
212.154985195957124 195.800509941764176
208.979373048059642 198.769219862297177
206.636425959877670 204.105748985894024
198.040210027247667 205.892171831801534
191.649960125796497 210.369012844748795
192.950200140476227 218.942128801718354
200.878559132106602 225.052100131288171
214.504606816917658 225.147239887155592
220.493080099113286 222.467459943145514
224.648119942285120 214.158914922736585
228.467029817402363 213.917455980554223
230.342910052277148 208.655178081244230
234.270809805020690 207.291734945029020
237.304359879344702 203.538838913664222
238.395310086198151 199.264989900402725
242.629230017773807 198.617549859918654
246.275699888356030 193.478569914586842
246.810459890402853 186.195379840210080

[OBSTACLE]
312.958999900147319 186.924840169958770
310.682799797505140 187.513199923560023
301.542750145308673 189.708519857376814
301.484359898604453 189.465430099517107
298.662640140391886 190.348860151134431
296.539209960028529 191.784479832276702
296.482959873974323 192.620740146376193
297.210299936123192 192.651730203069746
301.251270128414035 191.064079958014190
301.717900163494051 190.437780013307929
301.659519863314927 190.194689841009676
310.799600183963776 187.999369907192886
315.223999801091850 188.222240037284791
315.894800084643066 187.803989900276065
315.476600094698370 187.133119991049170

[OBSTACLE]
353.318100119940937 128.770389934070408
353.034200184047222 129.254290037788451
351.245800051838160 128.872239864431322
347.173400083556771 130.913239875808358
346.911699962802231 130.654299915768206
345.233600162900984 131.885440177284181
343.959800084121525 132.523830123245716
342.615399984642863 133.806229801848531
341.476999879814684 134.641429982148111
341.369700082577765 134.536589877679944
340.609400137327611 135.719750174321234
336.272100168280303 139.857180109247565
337.148100165650249 142.765469863079488
335.701599814929068 146.671270094811916
337.824199874885380 150.546909975819290
337.630000188946724 151.284649958834052
336.443199878558517 151.571649895049632
336.362100057303905 157.230979814194143
335.144400037825108 160.178979826159775
331.799100171774626 163.658409826457500
329.360099905170500 171.111579798161983
330.734299793839455 176.179270097054541
333.173099886626005 177.711809962056577
335.132900197058916 182.278180061839521
338.409900176338851 183.659950084984303
338.850699914619327 184.035280137322843
338.989700116217136 184.193940060213208
338.827100126072764 184.973319927230477
340.158200063742697 186.544700143858790
342.121000080369413 186.210130122490227
342.870799810625613 184.220179822295904
342.808500165119767 184.131199866533279
343.366099875420332 183.614259893074632
344.223300111480057 183.972859890200198
348.728400031104684 185.796420159749687
350.172199900262058 188.589779888279736
356.576200043782592 189.392890091985464
362.154099834151566 189.441829896531999
362.243999843485653 189.708480071276426
368.640600186772645 187.552959914319217
368.489800090901554 187.079129838384688
371.000899816863239 186.087520136497915
370.593500095419586 184.316390072926879
375.905499844811857 178.092049867846072
379.002899979241192 177.160500185564160
383.968299799598753 173.309019999578595
383.497699857689440 167.635869798250496
381.176599897444248 167.199999806471169
378.519599982537329 165.081229987554252
378.512099888175726 161.580349891446531
378.866599844768643 161.043659849092364
378.510500155389309 160.808429918251932
378.491499805822968 160.211560083553195
378.497999859973788 159.521979931741953
383.034999943338335 151.799579905346036
382.269800091162324 151.371609941124916
384.038400007411838 151.648480170406401
385.304699991829693 150.024789934977889
384.571900116279721 148.239980083890259
382.715399856679142 147.855270043946803
380.962100182659924 146.675629988312721
377.192600085400045 144.137639831751585
380.101700066588819 139.903179886750877
379.273500167764723 139.342769868671894
375.574699970893562 144.808939928188920
376.348099904134870 145.366869946010411
376.514300121925771 145.124979987740517
380.261800163425505 147.649350035935640
381.759399957954884 148.658190020360053
381.155299828387797 149.375210148282349
381.864799968898296 151.308219907805324
380.985600091516972 152.831380199640989
373.600700167007744 147.391120009124279
372.909599854610860 148.372180177830160
373.018699972890317 148.452420039102435
371.238000108860433 151.120419981889427
371.158199966885149 151.057610162533820
370.403899848461151 152.020059968344867
371.361799947917461 152.742399829439819
372.139399801380932 151.829700055532157
371.654699831269681 151.448259935714304
372.239100039005280 151.712689963169396
373.791799852624536 149.021260151639581
380.384800136089325 153.872129879891872
377.537999800406396 158.803699910640717
376.216499917209148 158.972080075182021
375.743000148795545 158.714080061763525
375.264500179328024 159.592209858819842
372.679799897596240 163.532149880193174
372.686500125564635 163.868439821526408
372.142600095830858 164.691920094192028
372.710399967618287 165.066930199973285
372.738999957218766 166.504680095240474
370.927399969659746 163.335100100375712
371.041000061668456 163.237109836190939
366.411399901844561 159.456780045293272
368.934100177139044 155.754440128803253
371.576000023633242 157.511149803176522
372.127199973911047 156.799710090272129
368.783799894154072 154.247410199604928
368.370399931445718 155.035119866952300
368.263500067405403 154.962770086713135
364.564699870534241 160.428940146230161
365.401799837127328 160.975800096057355
365.726800058037043 160.461580082774162
370.102600124664605 164.046919853426516
372.711300128139555 168.796630105935037
372.498100092634559 169.615549896843731
371.197599810548127 172.073170058429241
371.715699797496200 172.621320155449212
371.575399916619062 173.160529984161258
375.106199989095330 176.095430008135736
374.100300031714141 177.371969940140843
368.355599916540086 181.627010074444115
368.265800201334059 181.678870012983680
366.445600199513137 178.048210144042969
365.372899794019759 178.586010052822530
367.224800200201571 182.279960075393319
366.943699796684086 182.442240118980408
367.215099851600826 182.759729884564877
366.272100061178207 183.575269929133356
360.352099901065230 184.340110048651695
360.289500202052295 183.828469915315509
356.261000051163137 184.332100194878876
356.262700078077614 184.236579984426498
355.958999926224351 184.231019876897335
356.086300113238394 179.941270099952817
354.886699868366122 179.908529869280756
354.770299829542637 184.173499951139092
347.021999880671501 182.592750107869506
348.027099971659482 178.319809958338737
346.858900077641010 178.045069943182170
345.935799968428910 182.216199948452413
343.169799814932048 181.259059929288924
340.049700052477419 178.245140151120722
339.383999849669635 179.243540014140308
340.581100201234221 180.363260130397975
337.816899954341352 179.406760004349053
338.579699792899191 168.441549935378134
341.183000076562166 164.600119884125888
341.365299988538027 163.327660099603236
341.489900108426809 163.335950113832951
341.729199825786054 161.050089863128960
342.529299962334335 154.979619914665818
342.644799840636551 161.778640085831285
343.584600165486336 161.762680057436228
343.462899872101843 155.057759815827012
343.459699992090464 154.877099837176502
343.491799915209413 151.339239804074168
345.533199859783053 148.695760117843747
346.320500061847270 148.357250029221177
353.570799878798425 153.656100057996809
353.475200096145272 153.773410203866661
353.930300036445260 154.144260175526142
354.470000145956874 157.502079815603793
355.238500172272325 158.141899988986552
357.655499968677759 155.139710064977407
357.293599797412753 154.846670101396739
360.726800006814301 149.862940078601241
359.898600107990205 149.302510167472064
356.556100188754499 154.249499798752367
354.595700185745955 152.662220061756670
354.463200038298965 152.821439891122282
351.018499988131225 150.114270118065178
350.940600046887994 150.219600088894367
347.734099794179201 147.735430165193975
347.936800029128790 147.712539895437658
347.950900057330728 147.391710169613361
349.134100140072405 145.515790148638189
348.061100095510483 144.877880122512579
348.295499905943871 139.536420009098947
355.083600035868585 144.537430047057569
355.790400109253824 143.567810039967299
355.661699948832393 143.472969923168421
357.864299910143018 140.172550021670759
356.780700185336173 139.713630201295018
354.921900206245482 142.927829893305898
350.217900038696826 139.461509827524424
351.683399910107255 137.554760137572885
350.768400002270937 136.851520091295242
353.848600108176470 134.440200175158679
354.727099998854101 132.061649914830923
355.871700104326010 131.756820003502071
356.556200068444014 132.216760171577334
357.316999826580286 131.171880196779966
356.328299897722900 130.393839795142412
356.101999874226749 130.689239986240864
355.417099976912141 130.193460001610219
355.564299845136702 129.794780067168176
354.574000183492899 129.583239858038723
353.513800073415041 128.815819858573377

[OBSTACLE]
312.912499895319343 175.449229967780411
312.164500071667135 175.484499931335449
308.312319898977876 177.643880168907344
308.347349902614951 177.789729796350002
298.623890136368573 180.125180105678737
294.199490104801953 179.902319922111928
293.528609834611416 180.320560112595558
294.002579990774393 180.949439937248826
296.474330020137131 181.237969980575144
298.740659854374826 180.611360035836697
308.464120035059750 178.275910140946507
310.638299873098731 177.907959995791316
312.907599988393486 176.437309896573424

[OBSTACLE]
312.843500021845102 133.225600156001747
312.754699932411313 146.799509814009070
309.780419957824051 148.494090177118778
305.210890178568661 165.154770035296679
301.503560007549822 167.052279817871749
298.260919884778559 173.132080021314323
299.614799851551652 177.599080190993845
307.601719838567078 176.031199907884002
315.288399821147323 167.942950110882521
322.065199869684875 154.423510110937059
324.124300070106983 146.230590129271150
323.349200109951198 138.433150202035904
321.799199949018657 134.297939999960363

[OBSTACLE]
355.161599856801331 175.794710083864629
355.128600187599659 177.192520122043788
356.453900057822466 177.294740146026015
356.557799801230431 175.898599880747497

[OBSTACLE]
363.235600013285875 167.410619962029159
353.928800183348358 168.745420007035136
354.135500164702535 169.927409929223359
363.460899996571243 168.588889883831143

[OBSTACLE]
340.910999914631248 165.720249880105257
340.505599859170616 167.060249885544181
341.845599864609540 167.465710034593940
342.250999920070171 166.125710029155016

[OBSTACLE]
351.750599876977503 160.510170101188123
349.573400025255978 164.448420042172074
349.390400126576424 164.276290037669241
348.858799804002047 165.518909832462668
350.176999927498400 166.093199811875820
350.623600147664547 165.029009901918471
350.740299825556576 164.817989813163877
352.800799999386072 161.090759960934520

[OBSTACLE]
363.271199869923294 144.928379873745143
362.453799825161695 146.065029804594815
363.590499903075397 146.882370170205832
364.407800068147480 145.745730185881257

[OBSTACLE]
123.615520000457764 59.764599935151637
122.829759852029383 59.791199844330549
121.141519984230399 61.608000206761062
120.305260084569454 63.841199823655188
116.718059899285436 72.493900000117719
116.486959848552942 72.398100043646991
115.542570031248033 75.200000107288361
115.455389982089400 77.761699878610671
116.098780129104853 78.298900094814599
116.551480055786669 77.728800089098513
117.643070155754685 73.526600040495396
117.510720035061240 73.101699822582304
127.875549974851310 79.253199966624379
131.841089865192771 83.897099914029241
142.054500123485923 93.894600123167038
144.645980205386877 94.516800027340651
148.259229925461113 101.210699933581054
152.235819990746677 102.488799812272191
159.090030114166439 109.093200056813657
161.648559845052660 115.815510139800608
174.915889832191169 127.256479910574853
174.997740201652050 129.469989966601133
178.262570193037391 132.646469948813319
180.211050114594400 132.400009976699948
190.009369915351272 138.338959924876690
196.837760102935135 141.108169904910028
201.439040848053992 141.658889935351908
205.773956137709320 140.848890105262399
223.973220032639802 139.476549802348018
226.897110082209110 136.939800060354173
228.170729880221188 138.311720122583210
236.634119916707277 142.014830065891147
242.439149850979447 136.989119905047119
242.702709971927106 131.824390063993633
239.057170101441443 128.324330141767859
234.444549903273582 127.502299989573658
226.714799809269607 133.135909852571785
215.019729891791940 134.008499849587679
211.211624015122652 131.182079943828285
208.438476868905127 130.529340063221753
204.661896089091897 132.973209982737899
198.883069860748947 131.159839928150177
194.576110108755529 130.185620067641139
184.782989853993058 125.588119830936193
182.006590194068849 121.885789860971272
179.630829934030771 122.433000011369586
176.969330045394599 118.821120010688901
169.863740149885416 113.445719867013395
168.039200147613883 108.024600106291473
165.259320032782853 103.551699989475310
161.019200100563467 101.739000082015991
157.975570051930845 97.838599984534085
154.296860178001225 96.312100146897137
150.122560132294893 91.828500055707991
145.920650190673769 85.507899867370725
139.761870019137859 79.489899910986423
137.122990186326206 77.949200165458024
133.636719877831638 72.975499969907105
127.654270045459270 68.515699841082096
125.341949965804815 65.235499981790781
120.574549818411469 65.407600146718323
117.410800145007670 72.780899936333299
117.179850121028721 72.685199859552085
120.777850160375237 64.001100161112845
123.555339793674648 60.544000109657645

[OBSTACLE]
378.825599853880703 113.615640085190535
378.860800191760063 114.120449856854975
378.609199938364327 117.081590057350695
378.432300160638988 117.154820105060935
378.711599828675389 117.579610082320869
378.724899990484118 117.573149814270437
380.013400204479694 120.233660023659468
379.884899803437293 120.418500029481947
380.334299970418215 120.653519839979708
380.355600039474666 120.618159943260252
382.763400129042566 122.103959843516350
383.086900082416832 122.483409829437733
383.146599954925478 122.433319957926869
385.041700191795826 124.692380125634372
385.170300058089197 124.845629967749119
387.098300084471703 127.143970206379890
387.226899950765073 127.297179847955704
389.104200052097440 129.532939866185188
389.337400062941015 129.983860193751752
389.403399815782905 129.942439962178469
390.972399911843240 132.441760101355612
391.077700043097138 132.611800092272460
392.600399893708527 135.069649852812290
392.807099875062704 135.525359846651554
393.648299882188439 138.358310060575604
393.705000048503280 138.549340120516717
394.564400124363601 141.366200172342360
394.683699989691377 141.856929808855057
395.127600142732263 141.720010088756680
394.909600079990923 141.263290108181536
394.066000059247017 138.442150149494410
394.008700200356543 138.250539875589311
393.161899885162711 135.419159969314933
393.093299944885075 134.917790037579834
392.954099983908236 134.960679868236184
391.390500022098422 132.415439938195050
391.285799997858703 132.245050161145627
389.716700022108853 129.745710128918290
389.584300168789923 129.534869906492531
389.446699940599501 129.326389911584556
389.422100111842155 129.341259966604412
387.510200194083154 127.059469916857779
387.381800087168813 126.906200181692839
385.453700181096792 124.607820156961679
385.325200194492936 124.454610100947320
383.430000077933073 122.195580187253654
383.155999835580587 121.775349862873554
383.048300105147064 121.865489832125604
380.545400045812130 120.302179977297783
380.456400196999311 120.246559837833047
379.054800118319690 117.412399877794087
378.963699894957244 117.228220072574914
379.229200002737343 114.151689819991589
379.365800190716982 113.682189797982574

[OBSTACLE]
359.478000104427338 132.621030053123832
358.717299811542034 133.668990135192871
359.712699968367815 134.337840070948005
359.781599962152541 134.243120141327381
366.599499881267548 139.265949954278767
366.426800023764372 139.512569899670780
367.573500089347363 140.315659795887768
368.051099898293614 139.688639971427619
368.394599827006459 139.181109825149179
371.736800107173622 134.242939860560000
370.908599793910980 133.682519895955920
367.575699929147959 138.607889926061034
367.229899866506457 138.365810154937208
360.448199911043048 133.327189818955958
360.200300179421902 133.146720067597926

[OBSTACLE]
174.918390139937401 108.920699958689511
173.870009817183018 114.023249926976860
182.006590194068849 121.885789860971272
194.650650196708739 129.884569835849106
207.590000149793923 130.089999977499247
226.397799910046160 132.726720171049237
220.507229859940708 119.416790045797825
212.607547114603221 119.374710028059781
208.410503924824297 115.910489922389388
199.006599900312722 112.292009987868369
181.015830091200769 108.923300146125257

[OBSTACLE]
357.053799852728844 122.641019979491830
356.775300051085651 123.056250102818012
356.840000124648213 123.099629799835384
355.197699940763414 125.547889866866171
355.086300102993846 125.713969897478819
353.441700199618936 128.165540085174143
353.381999912671745 128.125499933958054
353.099800003692508 128.524799868464470
353.513800073415041 128.815819858573377
353.749100044369698 128.371579865925014
355.393500188365579 125.920090079307556
355.504900026135147 125.754000102169812
357.147199795581400 123.305769874714315
357.287599970586598 123.096529799513519
357.465300029143691 122.860289881937206

[OBSTACLE]
363.955900007858872 122.454269826412201
363.459500023163855 122.552849836647511
360.312600177712739 122.683359850198030
360.327999885194004 123.053010022267699
363.474799850955606 122.922490062192082
363.976599969901145 122.953839851543307

[OBSTACLE]
296.892110183835030 97.390000098384917
287.556169936433434 97.662800126709044
273.642230029217899 98.575799954123795
261.417769989930093 105.478600095957518
262.851399951614439 108.863400099799037
262.589040044695139 109.103599977679551
262.441920163109899 109.238299964927137
260.324660143814981 111.176859885454178
260.087779918685555 111.393740135245025
259.955479945056140 111.514250161126256
257.789350161328912 113.487469991669059
257.641519932076335 113.622130192816257
255.447379904799163 115.621060132980347
255.047420184127986 115.926510044373572
252.650819881819189 117.493200059980154
252.203779942356050 117.723150043748319
252.473220117390156 118.138310126960278
254.875429845415056 122.955609918572009
258.035479825921357 122.442699945531785
263.134250114671886 117.522539822384715
268.280580127611756 115.911209802143276
277.301310021430254 111.735089956782758
295.104690198786557 109.402100169099867
299.474010104313493 112.617870168760419
303.932249872013927 112.071909965015948
305.881709940731525 118.207050147466362
310.732299922965467 118.432939876802266
313.381100171245635 114.375290190801024
313.819300136528909 115.111759919673204
318.367100073955953 118.567440104670823
318.866200125776231 111.148460069671273
312.607599943876266 98.661199989728630

[OBSTACLE]
392.086000014096498 111.991270170547068
391.895299847237766 112.222920181229711
391.189099880866706 113.226520004682243
391.023399890400469 113.088899883441627
390.228800182230771 114.058809997513890
390.053100204095244 114.052719823084772
389.325199821032584 115.149979856796563
389.519200162030756 115.265669962391257
388.654600125737488 116.160870068706572
388.463899958878756 116.392510132864118
388.695600116625428 116.583150206133723
389.394799801521003 117.180230161175132
388.767699990421534 117.960130148567259
391.885100100189447 120.466550034470856
392.487500202842057 119.717270010150969
392.942399969324470 120.078040007501841
393.156999978236854 120.254650092683733
393.348599891178310 120.023760162293911
394.977199980057776 118.061260199174285
396.605400135740638 116.099129915237427
396.796099888160825 115.867489851079881
396.564400144852698 115.676829884760082
394.472800088115036 113.890770087018609
392.317599877715111 112.181909829378128

[OBSTACLE]
388.615400041453540 114.925870141014457
387.683099810965359 116.203049966134131
388.164599901065230 116.574129951186478
389.101700158789754 115.277280043810606

[OBSTACLE]
372.627000012435019 111.516200094483793
372.645500134676695 112.021900080144405
372.295399857684970 114.972489918582141
369.368099807761610 115.882770200259984
369.236600114963949 115.923650003969669
366.250799992121756 115.064980168826878
365.786000117659569 114.872250081971288
365.754300127737224 114.970869878306985
362.784799872897565 114.683109861798584
362.585699865594506 114.663819819688797
359.649099814705551 114.382769977673888
359.156300057657063 114.283259967342019
359.035700098611414 114.762629843316972
359.614999811165035 114.739149827510118
362.486399975605309 115.013980190269649
362.750599989667535 115.039749979041517
365.641700075939298 115.321690035052598
366.139699793420732 115.422520032152534
368.969600154086947 116.294010109268129
369.029200146906078 116.491829915903509
369.492500168271363 116.277120080776513
372.523500202223659 115.365250012837350
372.657099855132401 115.456990129314363
372.659300109371543 114.942310089245439
373.012100039049983 112.065169950947165
373.123600170947611 111.575100100599229

[OBSTACLE]
393.900000015273690 111.329999901354313
393.900000015273690 113.029999877326190
396.580000026151538 113.029999877326190
396.580000026151538 111.329999901354313

[OBSTACLE]
398.447499899193645 108.872499926947057
396.712500173598528 110.672459993511438
398.512500026263297 112.407470080070198
400.247500166296959 110.607539853081107

[OBSTACLE]
362.062499797903001 103.640400199219584
361.740699871443212 107.996099996380508
361.508099967613816 107.988899955525994
361.480599897913635 110.838169930502772
361.530599836260080 110.839739823713899
361.473099803552032 111.618660078383982
369.451399883255363 112.208060072734952
370.040799877606332 104.229800193570554
366.509800045751035 103.968899939209223
366.515000006183982 103.849600073881447
364.513200079090893 103.821400017477572

[OBSTACLE]
347.279800134710968 93.811300047673285
340.716999988071620 99.054299923591316
349.829799891449511 110.461189998313785
356.392699917778373 105.218200068920851
356.676800027489662 100.767399887554348
351.683500204235315 94.517100080847740

[OBSTACLE]
280.526189794763923 66.132299820892513
272.251070071943104 73.991499794647098
264.904220164753497 82.964899977669120
259.428409850224853 86.411699987947941
250.404979889281094 88.295099795795977
245.867680166848004 93.730199811980128
243.499940121546388 99.009799999184906
237.815249878913164 101.165599902160466
236.155830067582428 104.351900005713105
232.564279935322702 104.575599841773510
229.533250061795115 99.287400054745376
228.237110087648034 108.934199879877269
234.790250086225569 109.035099917091429
241.198479989543557 107.820099964737892
249.868429927155375 100.757099846377969
252.973810075782239 95.476899966597557
254.275729809887707 90.362800010479987
261.448959806002676 90.310799991711974
263.827939839102328 87.061399961821735
268.038780102506280 85.396299855783582
272.622709963470697 78.036499987356365
279.852330125868320 72.540700058452785
281.516239964403212 68.165299925021827

[OBSTACLE]
197.763530025258660 98.005300015211105
197.567249857820570 98.465199982747436
198.047550148330629 98.613600065000355
200.751329814083874 99.767699930816889
200.935256811790168 99.846199979074299
203.657529139891267 101.008199872449040
204.110248959623277 101.227800082415342
206.681678919121623 102.617400093004107
206.857620100490749 102.712500062771142
209.457342950627208 104.117600074969232
209.893014011904597 104.367000074125826
212.415996934287250 105.890900138765574
212.587189064361155 105.994300069287419
215.104231839068234 107.514599906280637
215.505310129374266 107.817799830809236
215.760680944658816 107.400899934582412
215.335830873809755 107.131300200708210
215.295552005991340 107.197999940253794
212.778473175130785 105.677599809132516
212.607273999601603 105.574199878610671
210.065861823968589 104.039599839597940
210.092355222441256 103.989500021561980
209.670288106426597 103.723500100895762
209.633236886002123 103.792100041173398
207.033523982390761 102.387000028975308
206.857591918669641 102.291999938897789
204.249005056917667 100.883899806067348
204.266943200491369 100.839399881660938
203.833374171517789 100.596300177276134
203.802801868878305 100.667899823747575
201.080490169115365 99.505899930372834
200.896576019003987 99.427399882115424
198.192619802430272 98.273200136609375
198.218990112654865 98.211300009861588

[OBSTACLE]
394.187600058503449 102.081499970518053
393.349199998192489 103.202700046822429
396.392399859614670 105.478499801829457
397.230799919925630 104.357300139963627

[OBSTACLE]
164.637939888052642 93.248899895697832
164.348750058561563 93.605099879205227
164.720549923367798 93.951100115664303
164.777919822372496 93.878500014543533
167.154980176128447 95.756599982269108
169.593859841115773 97.677199793979526
169.530469807796180 97.819600049406290
169.989320002496243 98.018199829384685
170.021250005811453 97.944600102491677
172.754550129175186 99.127299957908690
172.966350191272795 99.218699820339680
175.625339825637639 100.365799819119275
175.593840009532869 100.476699844002724
176.095890034921467 100.540200117975473
178.969129892066121 101.367399976588786
179.161150045692921 101.422700169496238
181.952149961143732 102.226199945434928
182.370519870892167 102.472899877466261
182.546620196662843 101.930900048464537
182.054490172304213 101.870699948631227
179.263479895889759 101.067200172692537
179.071489996276796 101.011899979785085
176.198250139132142 100.184599827043712
175.726800183765590 100.008499915711582
173.117149872705340 98.870399864390492
172.935499800369143 98.791199829429388
170.164130181074142 97.615399961359799
169.741949923336506 97.344399839639664
167.478369888849556 95.557700148783624
167.321400046348572 95.433800015598536
164.998110192827880 93.599599865265191

[OBSTACLE]
364.423399949446321 97.412199913524091
364.423399949446321 98.812199844978750
366.061900146305561 98.844300182536244
366.023400048725307 97.412199913524091

[OBSTACLE]
183.353789825923741 80.190599863417447
184.051999831572175 85.157400071620941
187.766169896349311 89.042099993675947
195.789850167930126 91.541599999181926
207.670617979019880 98.346300050616264
209.827836090698838 97.116800136864185
207.379862815141678 94.363500038161874
199.679529983550310 90.859899981878698
189.978860192932189 87.441200148314238
186.591680068522692 82.767999810166657
189.925349960103631 82.532400200143456
188.832029993645847 81.096199890598655

[OBSTACLE]
403.894999916665256 95.089799859561026
401.508300136774778 95.339799965731800
401.717199957929552 97.328899838030338
404.104000031948090 97.078300039283931

[OBSTACLE]
218.431421983987093 73.527200147509575
215.616090795956552 76.157199805602431
214.906850093975663 86.200599912554026
223.268020106479526 90.400300067849457
225.900629898533225 94.094499996863306
233.878779951483011 93.715399797074497
236.469269939698279 86.651499932631850
245.851900004781783 79.707599920220673
239.059759927913547 79.587500188499689
234.327299850992858 82.862500087358057
232.543379799462855 89.170200047083199
221.984469946473837 85.542500098235905
218.704561023041606 80.879799975082278

[OBSTACLE]
400.353399990126491 90.445499978959560
398.643300146795809 92.129399846307933
400.041500171646476 93.559500034898520
401.748899947851896 91.862600059248507

[OBSTACLE]
395.520000089891255 88.640000112354755
395.520000089891255 91.040000054053962
397.520000110380352 91.041199853643775
397.520000110380352 88.640000112354755

[OBSTACLE]
351.830099965445697 75.843699839897454
351.379299825057387 76.077400078065693
351.428700070828199 76.154099805280566
349.039599862881005 77.899099932983518
348.880099873058498 78.019800186157227
346.497699893079698 79.822599985636771
346.457200129516423 79.695400092750788
346.049300180748105 79.999200124293566
346.376499827019870 80.361699988134205
348.037799946032465 82.738800127990544
347.397199799306691 83.359200125560164
352.443299922160804 89.922299911268055
360.653899852186441 83.625999912619591
362.370999976992607 85.887400000356138
362.172500076703727 85.940899872221053
362.225299961864948 86.005800119601190
359.767400054261088 88.002100032754242
360.001099877990782 88.288899795152247
362.456899825483561 86.252500051632524
362.488400056026876 86.328500206582248
362.886399896815419 86.070699952542782
362.531299833208323 85.645500095561147
360.937900082208216 83.408200023695827
361.410200051032007 83.045999798923731
356.359500074759126 76.459599863737822
348.404900077730417 82.482200087979436
348.340999870561063 82.526900186203420
346.647899881936610 80.104200202040374
349.096300029195845 78.315800069831312
349.257800099439919 78.197900177910924
351.629500105045736 76.465499810874462
352.071100124157965 76.223800079897046

[OBSTACLE]
368.142300001345575 78.801900013349950
368.000900200568140 79.289099876768887
368.014299827627838 79.294800064526498
366.848700121045113 81.993899890221655
366.578099932521582 82.160899974405766
366.896099871955812 82.571599869988859
368.497000131756067 85.060099847614765
368.605200089514256 85.228300145827234
370.281499982811511 87.643599915318191
370.555300051346421 88.065199959091842
370.962199959903955 87.744899885728955
370.658399928361177 87.393000116571784
370.593500095419586 87.436100067570806
368.961499952711165 84.991600201465189
368.850400168448687 84.825300103984773
367.206799890846014 82.363400035537779
367.271499964408576 82.320000031031668
367.152699911966920 82.282400093972683
368.356900010257959 79.439699798822403
368.601299808360636 79.000200154259801

[OBSTACLE]
374.547000131569803 84.784099939279258
373.880899995565414 85.230999798513949
375.052899876609445 87.070600083097816
375.727500147186220 86.640600198879838

[OBSTACLE]
335.057500149123371 76.012300071306527
331.830399814061821 81.872999877668917
329.829800100997090 80.718599958345294
329.579899874515831 81.151599963195622
333.304299940355122 83.300700052641332
337.028799885883927 85.449699847958982
337.152300085872412 85.235600066371262
337.405900005251169 85.373700107447803
340.833799960091710 79.159700144082308

[OBSTACLE]
369.750500181689858 69.073999952524900
367.650399990379810 71.747899842448533
372.133000041358173 75.268699927255511
374.233200112357736 72.594800037331879

[OBSTACLE]
133.855829806998372 46.867899852804840
133.705689911730587 47.205799887888134
134.143090010620654 47.460900074802339
134.175179987214506 47.385199973359704
136.920289951376617 48.536799945868552
137.103739930316806 48.616300034336746
140.029170033521950 49.884699978865683
140.038179927505553 50.031400034204125
140.101589853875339 49.986099828965962
141.874179984442890 52.468699859455228
141.989090116694570 52.630499983206391
143.596260002814233 54.893099870532751
143.806270104832947 55.353699824772775
143.874339978210628 55.315699954517186
145.348599837161601 57.953999987803400
145.445839967578650 58.127999939024448
146.904160105623305 60.737799862399697
147.001869794912636 60.911500174552202
148.412190075032413 63.419300140812993
148.369599883444607 63.450300144031644
148.605160121805966 63.887599948793650
148.669020128436387 63.843000144697726
150.401320201344788 66.320599974133074
150.516559812240303 66.483199964277446
152.185750012286007 68.837600061669946
152.082810108549893 68.951600086875260
152.461819960735738 69.280699933879077
152.510250005871058 69.225500035099685
154.768189946189523 71.221899827942252
154.917919961735606 71.353699988685548
157.125469977036119 73.296299856156111
157.090449919924140 73.510300172492862
157.596050025895238 73.489000103436410
160.484559871256351 73.815200123935938
160.683109918609262 73.837600112892687
163.652269919402897 74.172899960540235
164.099650112912059 74.364499873481691
164.194900109432638 73.842800073325634
163.693780084140599 73.805300015956163
160.724620083346963 73.470000168308616
160.526060089468956 73.447600179351866
157.562170089222491 73.112900024279952
155.175629868172109 71.061800145544112
155.020650159567595 70.928600011393428
152.754879817366600 68.946700179949403
152.433800185099244 68.563000126741827
150.819300124421716 66.271500196307898
150.704530072398484 66.108600152656436
148.972229999490082 63.630999908782542
148.711849865503609 63.200600091367960
147.324750162661076 60.731199928559363
147.227129992097616 60.557400151155889
145.768799907527864 57.947599813342094
145.671570138074458 57.773599862121046
144.197270078584552 55.135199949145317
143.998839803971350 54.673299901187420
143.921479876153171 54.715500106103718
142.290079840458930 52.415599920786917
142.175260055810213 52.253699917346239
140.402730018831789 49.771200180985034
140.154570019803941 49.333999841473997
140.014760005287826 49.433799958787858
137.247780119068921 48.272999865002930
137.063420033082366 48.195700030773878
134.319470082409680 47.044599871151149
134.113649954088032 46.958199795335531

[OBSTACLE]
149.106970187276602 50.170500115491450
150.309490151703358 52.566499896347523
156.286730077117682 53.934200145304203
158.529080082662404 57.452300162985921
160.594589989632368 71.185299931094050
164.194900109432638 73.842800073325634
164.520849809050560 74.130400116555393
174.838790171779692 73.412399841472507
172.164940014481544 68.774100202135742
167.432670164853334 70.869000018574297
163.945350083522499 65.493999808095396
160.974410069175065 53.048399919643998
157.409279979765415 50.227099987678230

[OBSTACLE]
360.170000162906945 65.480000074021518
360.170000162906945 67.480000094510615
365.169999799691141 67.480000094510615
365.169999799691141 65.480000074021518

[OBSTACLE]
111.928880177438259 54.922600020654500
111.457039820961654 55.538899977691472
110.921549992635846 59.955499861389399
111.539399949833751 60.173400044441223
112.520060185343027 58.198400200344622
112.664649919606745 55.498100160621107

