[SCALE]
1.0

[BORDER]
79.203980006277561 1.866399943828583
79.174589887261391 2.119099944829941
78.693729937076569 6.253899969160557
78.615029975771904 6.420399993658066
76.858510039746761 10.137499943375587
76.730449907481670 10.408500023186207
75.023259893059731 14.021099917590618
74.895200021564960 14.292099997401237
73.170500062406063 17.941799946129322
73.059960044920444 18.175699971616268
72.089499905705452 22.101499885320663
72.017540074884892 22.392599880695343
71.019199937582016 26.264899894595146
70.969279892742634 26.458499953150749
69.871110096573830 30.718000084161758
70.350620038807392 30.858700014650822
71.443749926984310 26.613099984824657
71.501549929380417 26.389300115406513
72.501709982752800 22.517499998211861
72.577490098774433 22.227200046181679
73.662760108709335 18.070399872958660
75.347259975969791 14.505700096487999
75.475219972431660 14.234799891710281
77.171330116689205 10.643099956214428
77.309620007872581 10.350700020790100
79.067050032317638 6.634099967777729
79.145800061523914 6.467500068247318
79.172070063650608 6.250999942421913
79.666180014610291 2.177200093865395
79.701909981667995 1.882600039243698
79.924259968101978 0.000000000000000
146.615180037915707 0.000000000000000
142.198169939219952 1.841399893164635
129.867119081318378 3.833499997854233
126.782957985997200 8.168699927628040
126.637641899287701 11.115599870681763
130.990600027143955 5.852800011634827
142.422729954123497 4.543499872088432
156.601890064775944 1.025200001895428
158.264309987425804 0.000000000000000
168.167580030858517 0.000000000000000
173.061030022799969 15.857900083065033
212.620430104434490 31.700200103223324
209.449369907379150 45.911800041794777
212.232990078628063 51.593799926340580
230.000000111758709 46.228699870407581
230.000000111758709 55.297699943184853
215.110089890658855 60.246759988367558
213.666109964251518 76.759449914097786
227.562100104987621 117.527970001101494
217.219959869980812 133.995479904115200
219.647219926118851 140.221269875764847
218.322069905698299 140.105339996516705
215.358630083501339 139.846069887280464
215.367349982261658 139.746439978480339
214.994859918951988 139.713860116899014
215.108830109238625 138.222820013761520
207.730350047349930 137.658819966018200
207.364520058035851 142.444859966635704
214.742989949882030 143.008860014379025
214.949120022356510 140.312149897217751
215.315060056746006 140.344159975647926
215.323779955506325 140.244539976119995
218.287220038473606 140.503810085356236
219.809299893677235 140.636980012059212
220.972399935126305 143.620269931852818
223.432100079953671 143.904720023274422
223.319000080227852 145.017249919474125
227.416399903595448 145.434920005500317
227.224799953401089 147.624819874763489
226.984900124371052 150.366793982684612
224.523000121116638 150.122563019394875
224.417000114917755 151.217436939477921
226.889499910175800 151.456984989345074
226.667100116610527 154.000284969806671
226.404099948704243 157.005981057882309
226.254299916327000 157.003423944115639
226.258100122213364 157.173493914306164
222.205100096762180 156.729708984494209
218.568340092897415 156.315166056156158
217.795130014419556 164.236373044550419
218.007059879601002 164.259679913520813
217.982960008084774 164.555548876523972
218.126870021224022 164.571415968239307
217.739020064473152 167.550311125814915
217.390849962830544 170.731299892067909
217.788480110466480 170.774820111691952
218.136649951338768 167.593833953142166
218.463419936597347 164.608523063361645
218.270479887723923 168.319336101412773
224.538700059056282 169.426457881927490
224.046200104057789 164.893880896270275
225.691699944436550 165.104833915829659
226.417099870741367 158.190664015710354
226.800300031900406 158.219938874244690
226.809000112116337 158.137468956410885
229.705099910497665 158.441859893500805
230.000000111758709 158.472851924598217
230.000000111758709 181.157759949564934
229.572599902749062 181.122579947113991
229.310099892318249 184.311790019273758
230.000000111758709 184.368580058217049
230.000000111758709 185.996990054845810
229.808999933302402 187.342969886958599
229.563500061631203 190.518039949238300
229.225799888372421 193.481080010533333
229.123000055551529 193.470279946923256
229.077799953520298 194.030199982225895
229.193100072443485 194.085099957883358
228.956999927759171 196.707250103354454
228.855700045824051 196.698389910161495
228.845000118017197 196.819019913673401
228.604099974036217 196.796489879488945
226.089899875223637 196.561339981853962
222.918200008571148 196.281930059194565
219.781570099294186 196.004880107939243
216.575009934604168 195.724689960479736
213.405909948050976 195.447069965302944
210.231699906289577 195.169539935886860
207.030259966850281 194.889279901981354
203.888119980692863 194.616500064730644
200.654619894921780 194.331479929387569
197.466799989342690 194.052580073475838
194.278980083763599 193.773679956793785
191.091150008141994 193.494790010154247
187.965169958770275 193.229339905083179
184.715509936213493 192.936980128288269
181.527680121362209 192.658089920878410
178.339870125055313 192.379190064966679
175.152060128748417 192.100289948284626
172.471040040254593 191.765350028872490
172.370100021362305 191.756520085036755
172.592549882829189 189.133169874548912
172.885649986565113 185.879090055823326
173.159560002386570 182.788220122456551
173.259299956262112 182.796349897980690
173.307740129530430 182.201869972050190
172.709039896726608 182.165760062634945
172.701499983668327 182.251290120184422
169.613100066781044 181.979020088911057
166.425269991159439 181.700119972229004
163.237439915537834 181.421220116317272
160.049610100686550 181.142329908907413
156.861789934337139 180.863430052995682
153.673970028758049 180.584529936313629
150.486139953136444 180.305639989674091
147.805130034685135 179.970700070261955
147.687329910695553 179.960389994084835
147.929720096290112 177.329100109636784
147.998470105230808 177.409150078892708
148.084010072052479 176.782879903912544
149.223400093615055 176.380650028586388
149.293119907379150 175.583690032362938
147.101490087807178 175.391950048506260
146.944629959762096 177.185099869966507
146.613439917564392 180.970640033483505
150.398989990353584 181.301830075681210
156.774639971554279 181.859619878232479
163.150300122797489 182.417420111596584
169.525939933955669 182.975209914147854
172.116050012409687 183.201809935271740
171.895639896392822 185.873069912195206
171.613140106201172 189.038590043783188
171.351429969072342 192.176259905099869
168.395120128989220 192.061670124530792
162.015669941902161 191.512930095195770
155.640640072524548 190.964710041880608
149.265609942376614 190.416510067880154
145.995739959180355 190.135530047118664
145.987179912626743 190.262620113790035
145.780590102076530 193.327749930322170
145.510229952633381 196.487380042672157
144.957970045506954 202.892460040748119
144.684770107269287 206.069490052759647
147.872330024838448 206.354930028319359
154.248769879341125 206.903330013155937
155.636880025267601 207.022709883749485
154.065039977431297 209.054419957101345
155.119870007038116 211.393799893558025
157.510220110416412 211.591360010206699
159.003490060567856 209.606660045683384
158.026830106973648 207.228260003030300
160.624860040843487 207.451690100133419
167.005289942026138 208.000419959425926
173.378200009465218 208.548539876937866
179.195870086550713 209.048890061676502
177.595170065760612 211.580939888954163
178.524959944188595 212.168730013072491
179.039970114827156 211.354069970548153
180.130949951708317 213.628970012068748
182.523540072143078 213.817439936101437
183.992279879748821 211.726309955120087
182.874699905514717 209.365280084311962
186.131029911339283 209.645340107381344
189.208000004291534 209.907749891281128
189.331459887325764 209.918269887566566
189.239709936082363 210.938259959220886
188.715930059552193 211.121009886264801
188.154160119593143 218.582940101623535
188.533459939062595 219.049910120666027
188.496119976043701 219.484189972281456
185.316350050270557 219.210850000381470
178.941119909286499 218.662590049207211
172.563210092484951 218.114040121436119
166.246110089123249 217.578610070049763
159.802000075578690 217.016429938375950
153.431799933314323 216.468650065362453
147.055330090224743 215.920250080525875
140.672599934041500 215.371250063180923
134.296130090951920 214.822859987616539
127.919664941728115 214.274469912052155
121.543197967112064 213.726069927215576
115.166736990213394 213.177680112421513
106.424680054187775 212.283069975674152
105.801490098237991 210.035969875752926
105.876239910721779 209.166850037872791
106.107000000774860 206.483509875833988
107.935620062053204 206.643309928476810
114.297931119799614 207.198949940502644
120.744890831410885 207.755990028381348
127.114923037588596 208.313320092856884
121.067098118364811 207.891190052032471
120.651169978082180 212.673120051622391
128.023336008191109 213.314350098371506
128.447779081761837 208.448399901390076
129.684684947133064 208.573769927024841
129.679998904466629 210.219999924302101
131.280000060796738 210.219999924302101
131.280000060796738 208.620000071823597
130.797349922358990 208.686529882252216
131.179140098392963 204.860080070793629
131.736310049891472 198.484380021691322
132.042539939284325 194.672660082578659
128.281554952263832 194.367990121245384
126.488392092287540 194.211279936134815
126.295351907610893 196.436450034379959
127.093830108642578 196.472580023109913
127.687693051993847 195.420279987156391
128.285463899374008 195.472479946911335
128.194492086768150 195.364190116524696
130.884280055761337 195.598919913172722
130.875549986958504 195.698870047926903
130.995329879224300 195.709450021386147
130.740349963307381 198.394530043005943
130.461510084569454 201.585180088877678
130.192449875175953 204.723219983279705
129.848251044750214 207.454069890081882
129.594677984714508 207.442290112376213
129.704138934612274 205.812779925763607
128.161300979554653 205.741970092058182
127.996755950152874 207.368060015141964
127.063679061830044 207.324710078537464
123.961937092244625 207.040050067007542
120.774085894227028 206.761460006237030
117.586231045424938 206.482869945466518
114.398380108177662 206.204279884696007
111.210522130131721 205.925699993968010
108.022669889032841 205.647109933197498
104.834819994866848 205.368519872426987
101.646970100700855 205.089939981698990
98.965920023620129 204.755260050296783
98.849059976637363 204.745050109922886
98.902480080723763 204.175820052623749
113.197214901447296 205.410099960863590
113.472897894680500 202.136340066790581
114.945312999188900 202.245769985020161
115.130300074815750 199.752620048820972
113.682653978466988 199.645459875464439
113.869725912809372 197.423960119485855
113.610933013260365 197.401870004832745
113.644727021455765 197.120749950408936
113.541635908186436 197.113780081272125
113.669056892395020 194.316759966313839
113.818516880273819 194.326150044798851
113.825094029307365 194.220389947295189
116.867367066442966 194.409670084714890
119.818427860736847 194.593250043690205
119.812262207269669 194.711369872093201
120.412900485098362 194.711569882929325
120.443040579557419 194.211889877915382
119.844189621508121 194.099720045924187
119.838977083563805 194.199579954147339
116.843767873942852 194.013320058584213
113.849551938474178 193.827109970152378
113.855758011341095 193.727310039103031
113.252740986645222 193.690890073776245
113.232872895896435 194.289349876344204
113.319501057267189 194.294790066778660
113.145858012139797 197.087030000984669
113.140007108449936 197.086639888584614
113.095968998968601 197.286339886486530
99.539049901068211 196.200629957020283
99.119170047342777 200.251500010490417
99.119170047342777 197.674809955060482
97.519169934093952 197.674809955060482
97.519169934093952 200.874809920787811
98.200849890708923 200.874809920787811
98.151839934289455 201.435629874467850
95.821420066058636 200.555320121347904
92.807949893176556 199.478779919445515
89.794470071792603 198.402230069041252
87.231959924101830 197.487770095467567
87.333019897341728 197.210109941661358
90.225830078125000 198.320570103824139
91.515950039029121 194.959680065512657
89.334490001201630 194.122299887239933
90.438789986073971 194.122299887239933
90.459670126438141 192.522580102086067
89.043029882013798 192.511879913508892
90.411229953169823 188.752800114452839
90.506150089204311 188.961150124669075
90.961149968206882 188.753849975764751
90.753850080072880 188.298850096762180
90.541190057992935 188.395740091800690
90.796850062906742 187.693310119211674
84.673330038785934 185.464529916644096
84.732530117034912 184.858669973909855
84.147929996252060 184.898279942572117
84.145770035684109 185.272510126233101
83.279310055077076 184.957149885594845
80.867930129170418 191.589809879660606
80.277980044484138 191.589809879660606
80.277980044484138 192.389809936285019
79.256680123507977 192.106170058250427
78.432719968259335 194.466490112245083
79.665609970688820 194.896869882941246
79.428919963538647 195.547880120575428
86.966220103204250 198.217859975993633
87.095459960401058 197.862770073115826
89.659900069236755 198.778909929096699
92.673379890620708 199.855460040271282
95.686850063502789 200.932009890675545
98.119039982557297 201.810980066657066
98.105159960687160 201.969739906489849
97.848510071635246 204.685029909014702
72.889499962329865 197.568409927189350
74.565750099718571 194.096189998090267
74.441330060362816 193.315469995141029
73.677630014717579 193.507559932768345
72.450559884309769 195.672529898583889
72.146489955484867 198.004150092601776
70.516699962317944 207.870449945330620
68.886909969151020 217.736739888787270
67.257110066711903 227.603049911558628
66.750560067594051 229.749219901859760
67.222930118441582 232.411799877882004
68.070160113275051 232.805150002241135
68.389720059931278 232.097759917378426
68.073309957981110 229.271370023488998
111.206752955913544 234.587969928979874
111.017479076981544 237.019390054047108
110.863246992230415 238.812769874930382
113.055152967572212 239.001279957592487
113.209390006959438 237.207899875938892
111.615272872149944 237.070799879729748
111.822274960577488 234.663830101490021
112.660164944827557 234.767110012471676
112.427691072225571 233.928859904408455
115.077698007225990 234.156770035624504
121.454169936478138 234.705160111188889
127.830638997256756 235.253560096025467
134.207129962742329 235.801940001547337
140.548469871282578 236.345199942588806
146.899569891393185 236.887170113623142
153.376699946820736 237.447850033640862
159.712980128824711 237.995479963719845
166.089449971914291 238.543879948556423
172.465909905731678 239.092249944806099
178.842380009591579 239.640640020370483
207.492360100150108 242.621459923684597
207.262280099093914 245.296619981527328
205.668160095810890 245.159529894590378
205.513930097222328 246.952909976243973
207.705830074846745 247.141420058906078
207.860079891979694 245.348039977252483
208.054870106279850 243.082990013062954
208.249269947409630 243.322320058941841
230.000000111758709 247.888239920139313
230.000000111758709 280.000000000000000
185.140839889645576 280.000000000000000
185.002379976212978 279.551700092852116
184.700580053031445 276.702100075781345
184.900760129094124 276.681400127708912
184.890790097415447 276.581900082528591
187.874080017209053 276.283300071954727
191.058170124888420 275.964599885046482
194.242259971797466 275.645899958908558
197.426350079476833 275.327200032770634
200.610439926385880 275.008500106632710
203.794530034065247 274.689799919724464
206.753159947693348 274.393699914216995
207.359430082142353 274.464199952781200
207.343119941651821 273.862399943172932
207.259990014135838 273.862300068140030
207.259990014135838 264.396899901330471
207.335619926452637 261.469399966299534
207.342560067772865 261.201000027358532
207.351120114326477 260.869800075888634
206.828310042619705 260.863500125706196
206.759990043938160 261.469999998807907
206.860330030322075 261.469900123775005
206.863810010254383 264.358099885284901
206.869610063731670 267.533700093626976
206.874760016798973 270.717499963939190
206.860949881374836 273.861999921500683
206.759990043938160 273.861900046467781
206.758060082793236 274.011999964714050
203.754690065979958 274.291799999773502
200.570599958300591 274.610499925911427
197.312190048396587 274.951800033450127
194.174280017614365 275.252799913287163
191.040199920535088 275.565599910914898
187.814120054244995 275.888399928808212
184.851149879395962 276.185799874365330
184.840999916195869 276.084400117397308
184.243989996612072 276.144100092351437
184.382950067520142 276.734900027513504
184.603380002081394 279.552699886262417
184.505450055003166 279.566700123250484
181.479189880192280 280.000000000000000
171.921690069139004 280.000000000000000
171.757060028612614 278.817299939692020
170.172340013086796 279.037899896502495
170.306259915232658 280.000000000000000
169.960319921374321 280.000000000000000
169.883930124342442 279.542500115931034
168.337350115180016 279.727899990975857
168.375219963490963 280.000000000000000
144.896830096840858 280.000000000000000
143.218330033123493 279.843200109899044
140.032679997384548 279.545500017702579
137.012230046093464 279.263300113379955
137.021490000188351 279.163800068199635
136.424099877476692 279.107999913394451
136.368139870464802 279.647399932146072
136.971049979329109 279.705999977886677
136.974909901618958 279.664499945938587
139.995459988713264 280.000000000000000
121.479381993412971 280.000000000000000
110.673242956399918 267.313400022685528
108.753590062260628 261.969999969005585
113.329999931156635 261.969999969005585
113.329999931156635 256.970000006258488
108.329999968409538 256.970000006258488
108.329999968409538 260.790900103747845
106.465909928083420 255.602169968187809
100.165139883756638 245.331659950315952
105.885800011456013 251.976260095834732
112.706268876791000 246.104200109839439
106.834200024604797 239.283729940652847
100.101349987089634 245.080360025167465
97.017350047826767 232.932509966194630
92.714969888329506 232.544080056250095
93.707169927656651 236.986560113728046
93.345359973609447 236.447140015661716
91.562830023467541 233.789599947631359
91.519059985876083 233.261469900608063
91.193559952080250 233.300030007958412
88.053910061717033 233.264599926769733
84.854249879717827 233.228480108082294
81.654610037803650 233.192369937896729
81.311140060424805 233.261499889194965
78.255609981715679 233.154010102152824
75.055939890444279 233.117899931967258
71.856270059943199 233.081790022552013
68.656599968671799 233.045680113136768
68.289049938321114 233.046069964766502
68.310779929161072 233.461799919605255
68.652089945971966 233.445649892091751
71.851760037243366 233.481760062277317
75.051430128514767 233.517869971692562
78.251099959015846 233.553979881107807
81.390769928693771 233.589419871568680
81.295010112226009 236.660039946436882
81.258890032768250 239.859829992055893
81.234959922730923 240.208079889416695
81.715890020132065 240.206209905445576
81.658869981765747 239.864349924027920
81.694979891180992 236.664559878408909
81.729650087654591 233.593250066041946
84.749750085175037 233.627329878509045
87.949400097131729 233.663440048694611
91.018710061907768 233.723689988255501
91.219749897718430 234.006319902837276
93.008219934999943 236.673280037939548
93.950409963726997 238.075630068778992
94.805519916117191 241.904300078749657
91.789910122752190 241.746220067143440
90.964210107922554 247.181480117142200
95.861299932003021 247.348820082843304
95.940289869904518 246.985139884054661
96.130230017006397 247.835589870810509
96.436979882419109 248.390780054032803
96.338600106537342 248.592619933187962
96.684230044484138 248.834799937903881
99.729059934616089 253.089939989149570
96.778270080685616 252.975430004298687
93.649270050227642 252.847150042653084
90.499940104782581 252.724459953606129
90.408219881355762 253.819559961557388
93.605709932744503 253.946289904415607
96.803199984133244 254.073009938001633
100.000690035521984 254.199739880859852
100.538450069725513 254.221050031483173
103.033860102295876 257.708370126783848
104.475800022482872 271.615599989891052
100.757829882204533 265.175900124013424
98.381900116801262 266.640899963676929
97.589310109615326 265.222599916160107
96.218099966645241 265.979100093245506
96.969099976122379 267.391899973154068
96.781419925391674 267.507800124585629
95.953849926590919 266.141700036823750
94.591249898076057 266.980300098657608
95.420270040631294 268.348699919879436
85.862180106341839 273.775900080800056
87.998249940574169 277.475700005888939
85.186340101063251 278.970800042152405
85.733570009469986 280.000000000000000
11.376399919390678 280.000000000000000
11.376399919390678 279.390000067651272
9.776400066912174 279.390000067651272
9.776400066912174 280.000000000000000
1.464000046253204 280.000000000000000
1.900100074708462 265.387100093066692
13.159000016748905 259.517219886183739
16.549200117588043 248.469539992511272
4.038099870085716 225.017340071499348
10.376300103962421 228.625569976866245
56.240200027823448 228.356689959764481
55.464869886636734 229.962739944458008
55.589289925992489 230.743450038135052
56.352989971637726 230.551349930465221
57.580060102045536 228.386400043964386
57.884130030870438 226.054750122129917
59.513929933309555 216.188440099358559
61.143719926476479 206.322139985859394
62.675729915499687 197.047820053994656
62.922369875013828 197.088570110499859
63.205839991569519 194.145420044660568
62.709020115435123 191.630830094218254
61.960459873080254 191.253779940307140
61.649059951305389 191.911829933524132
61.617739871144295 193.160669952630997
7.901100032031536 188.691289871931076
15.763899944722652 186.260490119457245
19.316299967467785 162.631990946829319
3.562400043010712 140.550099946558475
0.000000000000000 142.433389984071255
0.000000000000000 139.321379922330379
2.415700107812881 138.100909888744354
2.329300120472908 118.124940022826195
15.621599927544594 105.103580057621002
15.700099878013134 103.673909902572632
16.326299905776978 107.007190100848675
18.175200074911118 109.893010072410107
20.989420078694820 111.787230037152767
24.312739893794060 112.468130029737949
27.543749883770943 112.409739904105663
27.499790005385876 112.007560096681118
27.543749883770943 111.209740079939365
24.393389895558357 111.197900064289570
21.555109918117523 110.655860006809235
19.111900106072426 109.043469913303852
17.500000000000000 106.666000038385391
16.900099962949753 103.675579875707626
16.900000087916851 100.565999932587147
16.900000087916851 97.365999966859818
16.901199892163277 94.166009910404682
15.701600089669228 94.121749885380268
15.701600089669228 94.369540102779865
0.000000000000000 87.499409876763821
0.000000000000000 56.854799948632717
13.890299871563911 51.532199978828430
16.815399937331676 49.048500098288059
16.918099895119667 49.136499911546707
16.979300081729889 48.909300118684769
24.676820114254951 42.373399995267391
25.154230073094368 41.566099934279919
25.154230073094368 45.010199956595898
25.154239982366562 48.210199922323227
21.954230107367039 48.210199922323227
18.727899901568890 49.446500018239021
16.465100124478340 51.709300056099892
15.057999901473522 54.864899963140488
15.057999901473522 59.264900013804436
16.257999986410141 59.264900013804436
16.335899904370308 58.070000074803829
16.262100078165531 55.032499916851521
16.257999986410141 54.864899963140488
17.313699945807457 52.557800002396107
19.446099959313869 50.402099899947643
19.594299905002117 50.252199992537498
21.954230107367039 49.410099871456623
26.354229897260666 49.410099871456623
26.354229897260666 41.810199990868568
26.404229998588562 39.860199950635433
28.354230038821697 39.810200110077858
30.304230079054832 39.860199950635433
30.354229919612408 41.810199990868568
30.354229919612408 49.410200007259846
31.526770107448101 49.436499997973442
34.754239879548550 49.410200007259846
37.954250015318394 49.410200007259846
40.802859887480736 49.976799935102463
43.217800110578537 51.590400002896786
45.480559989809990 53.853099904954433
46.329089924693108 53.004599958658218
44.066330045461655 50.741900056600571
41.262080073356628 48.868200108408928
37.954250015318394 48.210199922323227
34.754239879548550 48.210199922323227
31.534379906952381 48.210100047290325
31.554230004549026 45.010199956595898
31.554230004549026 38.610200025141239
26.902240030467510 38.610200025141239
29.882249981164932 33.571000024676323
20.058169886469841 31.465599909424782
20.420569963753223 17.348399870097637
17.975500077009201 5.859600119292736
21.843189932405949 5.846799947321415
21.823879890143871 0.000000000000000
79.426410049200058 0.000000000000000

[OBSTACLE]
179.114010110497475 274.357700049877167
171.745919920504093 275.044200085103512
172.191180028021336 279.823400080204010
179.559280127286911 279.136999920010567

[OBSTACLE]
53.629879988729954 258.306979872286320
53.632170073688030 258.906750045716763
53.715479932725430 258.908809870481491
53.643599897623062 261.905700005590916
53.571599908173084 264.907600060105324
53.471629954874516 264.905100055038929
50.798139870166779 264.968300089240074
50.798589959740639 264.187199883162975
49.998589903116226 264.187199883162975
49.998589903116226 264.987199939787388
46.366500034928322 264.994200058281422
46.340000033378601 265.460000000894070
44.739999920129776 265.460000000894070
44.739999920129776 268.659999966621399
46.340000033378601 268.659999966621399
46.343240104615688 269.189999997615814
42.740009948611259 269.189999997615814
42.740000039339066 272.190000079572201
46.361610069870949 272.193499878048897
46.366500034928322 272.994200102984905
46.891210079193115 272.994200102984905
46.968320123851299 275.627099983394146
47.056289948523045 278.630699999630451
46.956329904496670 278.633499890565872
46.973889917135239 279.233199916779995
47.573550045490265 279.236000068485737
47.538430020213127 278.616900034248829
47.455569989979267 278.619299903512001
47.368150129914284 275.615400001406670
47.291399948298931 272.994200102984905
54.366500079631805 272.994200102984905
54.369479902088642 264.935600012540817
54.052359983325005 264.919500052928925
53.970139883458614 264.917400069534779
54.043489880859852 261.915300004184246
54.115339927375317 258.918719924986362
54.215320050716400 258.921200111508369
54.229709878563881 258.321369960904121

[OBSTACLE]
135.699999891221523 274.600000008940697
135.665359944105148 278.829799965023994
139.900000058114529 278.799999915063381
139.900000058114529 274.600000008940697

[OBSTACLE]
14.739999882876873 275.460199937224388
14.594099931418896 277.655300088226795
21.179539896547794 278.093100078403950
21.325480006635189 275.897999927401543

[OBSTACLE]
142.753839939832687 260.056600086390972
142.463569976389408 263.374399915337563
139.984139949083328 263.157500028610229
137.594030015170574 262.948400042951107
136.949089989066124 270.320199951529503
141.818620041012764 270.746299959719181
141.777699962258339 271.213999874889851
149.747260026633739 271.911200098693371
150.026989914476871 268.713800013065338
160.753979943692684 269.652299880981445
161.153259985148907 265.088500082492828
161.205190047621727 264.494899995625019
162.864000126719475 264.499999880790710
162.864000126719475 262.900000028312206
161.344109959900379 262.906999886035919
161.367470026016235 262.640000022947788
161.668499894440174 262.651799879968166
161.672439873218536 262.551900073885918
164.564130045473576 262.665899991989136
164.350230060517788 265.754699930548668
164.142680093646049 268.751599974930286
164.033539891242981 268.749600127339363
164.015629924833775 269.351999908685684
164.615490064024925 269.364699944853783
164.543129950761795 268.758899979293346
164.749280102550983 265.782300122082233
164.958590008318424 262.759900130331516
165.033050104975700 262.782700061798096
165.089480020105839 262.186199948191643
164.489940106868744 262.162599973380566
164.504780024290085 262.263300083577633
161.688189879059792 262.152199931442738
161.692130118608475 262.052300125360489
161.475880071520805 262.035499997437000
161.451220065355301 261.682699918746948
150.723400004208088 260.753800049424171
150.292999893426895 260.716099962592125

[OBSTACLE]
182.687789909541607 257.760179974138737
182.687789909541607 259.360180087387562
183.668659999966621 259.360180087387562
183.653740026056767 259.530779942870140
183.308009952306747 259.515569992363453
183.303609974682331 259.615470059216022
180.306660123169422 259.483630061149597
177.304629944264889 259.351560063660145
177.306740097701550 259.244350083172321
176.712259911000729 259.231420047581196
176.780139990150928 259.838209897279739
176.578590087592602 262.815300002694130
176.372940093278885 265.795100033283234
176.234060078859329 266.435500048100948
176.812909953296185 266.496899984776974
176.829510070383549 266.357799880206585
179.609440080821514 266.692100130021572
179.597630053758621 266.791999936103821
180.193480066955090 266.862400099635124
180.263900049030781 266.266599893569946
179.668050035834312 266.196199990808964
179.655710123479366 266.300599910318851
176.876880042254925 265.960899889469147
176.888770125806332 265.861299969255924
176.692520119249821 265.836099907755852
176.977680027484894 262.842299900949001
177.184409871697426 259.788829907774925
177.294939979910851 259.844230040907860
177.298610061407089 259.657529965043068
180.283449999988079 259.882920011878014
183.286029882729053 260.015100054442883
183.281640075147152 260.115000121295452
183.605719953775406 260.079499892890453
182.986600100994110 267.156200110912323
183.120980001986027 267.167999967932701
183.120000027120113 270.549999885261059
186.919999904930592 270.549999885261059
186.956890039145947 267.503500021994114
197.232179976999760 268.402499966323376
197.929430007934570 260.432900004088879
188.019850105047226 259.565929956734180
188.022780120372772 257.932450063526630
186.422780007123947 257.932450063526630
186.423109881579876 259.426239989697933
186.107900105416775 259.398670047521591
186.107889935374260 257.798869945108891
184.509569965302944 257.778080031275749
184.509560056030750 259.258829876780510
184.287799932062626 259.239430129528046
184.287799932062626 257.760179974138737

[OBSTACLE]
16.640000082552433 267.739999927580357
16.640000082552433 269.340000040829182
18.239999935030937 269.340000040829182
18.239999935030937 267.739999927580357

[OBSTACLE]
21.689350046217442 267.087800055742264
18.545400053262711 267.682300060987473
18.810699954628944 269.212199896574020
21.963370107114315 268.664199933409691

[OBSTACLE]
128.991999961435795 256.925990059971809
128.991999961435795 258.393150120973587
125.373844876885414 258.076599985361099
124.676597975194454 266.046199947595596
135.833980031311512 267.022300027310848
136.531230062246323 259.052749872207642
132.593239918351173 258.708209954202175
132.828740030527115 257.269750013947487
131.249760091304779 257.011260129511356
130.993189997971058 258.568230010569096
130.591379962861538 258.533079996705055
130.589719898998737 256.986339874565601

[OBSTACLE]
161.153259985148907 265.088500082492828
161.204999946057796 266.693000048398972
162.805000059306622 266.693000048398972
162.848009951412678 265.094200000166893

[OBSTACLE]
25.078819990158081 230.063709951937199
24.478839896619320 230.068500041961670
24.489069916307926 230.668389908969402
24.632250033318996 230.667259991168976
24.540390037000179 233.677690103650093
24.607509970664978 236.876690015196800
24.674640074372292 240.075680017471313
24.741819985210896 243.277360126376152
24.659769907593727 246.476730071008205
24.722539931535721 249.675879925489426
24.785309955477715 252.875019870698452
24.848130047321320 256.076709888875484
24.778239950537682 259.275839924812317
24.837550073862076 262.475100085139275
24.861440025269985 265.466299951076508
24.761440083384514 265.467000119388103
24.766240082681179 266.067000031471252
25.364399999380112 266.031599938869476
25.344130061566830 265.462900027632713
25.260570123791695 265.463500060141087
25.237539932131767 262.471899911761284
25.212009996175766 259.272030070424080
25.186459980905056 256.072169877588749
25.160909965634346 252.872300036251545
25.135370120406151 249.672440104186535
25.109820105135441 246.472560092806816
25.084270089864731 243.272699899971485
25.058729983866215 240.072830058634281
25.017839893698692 236.795460060238838
25.003929883241653 233.633879907429218
24.983410127460957 230.664479918777943
25.083610080182552 230.663690045475960

[OBSTACLE]
99.541629962623119 264.015700109302998
97.972319908440113 264.049300104379654
97.940660044550896 265.618399977684021
99.541179873049259 265.644000060856342

[OBSTACLE]
96.790050119161606 264.398299977183342
96.790050119161606 265.198300033807755
97.589310109615326 265.222599916160107
97.590049915015697 264.398299977183342

[OBSTACLE]
138.854310028254986 261.180199943482876
138.440199978649616 262.725700102746487
139.984139949083328 263.157500028610229
140.399800017476082 261.594300083816051

[OBSTACLE]
140.681520104408264 261.217999905347824
140.692549906671047 262.837699912488461
142.292550019919872 262.837699912488461
142.292550019919872 261.237700060009956

[OBSTACLE]
100.033910088241100 257.691700123250484
100.006139874458313 262.691599950194359
103.006100058555603 262.708299942314625
103.033860102295876 257.708370126783848

[OBSTACLE]
146.415089927613735 256.672770082950592
146.347889937460423 258.871740065515041
152.944810055196285 259.073349945247173
153.012019954621792 256.874370053410530

[OBSTACLE]
27.170879878103733 256.344220079481602
25.570930093526840 256.355849914252758
25.589109957218170 258.855779878795147
27.189060002565384 258.844150044023991

[OBSTACLE]
89.882480055093765 250.804659985005856
84.821670018136501 250.830180011689663
83.381740115582943 251.199779957532883
82.969350107014179 255.680839940905571
83.510609939694405 257.437839955091476
88.928519897162914 258.036870062351227
90.127730108797550 256.988059915602207
90.289359986782074 251.433790028095245

[OBSTACLE]
26.160000078380108 238.599989898502827
26.160000078380108 241.870010085403919
25.839969962835312 241.870010085403919
25.841020084917545 256.079570017755032
33.839999996125698 256.169990040361881
33.839970007538795 241.869990006089211
31.490010097622871 241.869999915361404
31.490010097622871 240.430000126361847
29.890000075101852 240.430000126361847
29.890000075101852 241.869999915361404
29.737560003995895 241.869999915361404
29.760000072419643 238.600000068545341

[OBSTACLE]
109.091680087149143 253.898149877786636
109.091680087149143 255.498149991035461
110.691678114235401 255.498149991035461
110.691678114235401 253.898149877786636

[OBSTACLE]
40.376229993999004 246.681400090456009
39.777610078454018 247.083470113575459
39.801750108599663 254.083430059254169
40.068409927189350 254.697749912738800
42.303799875080585 254.674800038337708
46.902740038931370 254.358939900994301
47.302050068974495 254.157560020685196
47.494459971785545 251.956890076398849
47.478599920868874 247.356919869780540
47.176880054175854 246.857960112392902

[OBSTACLE]
138.659559972584248 249.282040074467659
138.485249876976013 251.274429894983768
144.263180121779442 251.779930032789707
144.437489956617355 249.787539951503277

[OBSTACLE]
184.042650014162064 248.291689939796925
183.927330076694489 250.288360044360161
189.917350038886070 250.634309947490692
190.032669976353645 248.637640103697777

[OBSTACLE]
124.713270887732506 248.056869916617870
124.538960009813309 250.049259997904301
130.316889993846416 250.554759874939919
130.491200089454651 248.562370054423809

[OBSTACLE]
118.121611028909683 247.501259893178940
117.941619008779526 249.572190083563328
123.725857026875019 249.990459941327572
123.902547955513000 247.976449914276600

[OBSTACLE]
115.712264068424702 247.182049900293350
115.520520955324173 249.373679980635643
117.064622081816196 249.508769959211349
117.256365977227688 247.317139878869057

[OBSTACLE]
118.734625987708569 242.677170112729073
118.638633042573929 244.597780033946037
124.628354944288731 244.948810003697872
124.745365977287292 242.952230125665665

[OBSTACLE]
116.167072020471096 242.258959971368313
115.975328125059605 244.450579881668091
117.519430033862591 244.585670121014118
117.711173929274082 242.394040040671825

[OBSTACLE]
28.486659899353981 230.115460082888603
25.285210050642490 230.211069956421852
25.288310088217258 230.630709901452065
28.485309891402721 230.648910105228424
31.685249879956245 230.635010004043579
34.885179959237576 230.621109902858734
37.197709940373898 230.611069984734058
37.194919958710670 230.750009976327419
37.296000011265278 230.751819983124733
37.240890115499496 233.758780024945736
37.186529934406281 236.785830073058605
37.038350068032742 236.791320070624352
37.076400108635426 237.348759919404984
37.676299884915352 237.359539903700352
37.699420042335987 236.766810007393360
37.586849927902222 236.770979985594749
37.640819996595383 233.765960074961185
37.695729881525040 230.759000033140182
37.794819995760918 230.760780051350594
37.698470056056976 230.608889944851398
38.085130117833614 230.607219971716404
41.285070106387138 230.593319870531559
44.457229971885681 230.579539984464645
47.620289996266365 231.079700067639351
50.574599988758564 232.308669909834862
52.699069976806641 234.582660123705864
54.252360127866268 237.319720014929771
54.929949901998043 240.327349975705147
54.933569915592670 243.300540000200272
54.752519950270653 243.298260085284710
54.711170122027397 243.851140104234219
55.299150086939335 243.899310119450092
55.330020077526569 243.483080007135868
55.329480022192001 243.305530101060867
55.320179909467697 240.239440128207207
54.598680064082146 237.068370021879673
52.963830083608627 234.238790124654770
50.733800008893013 231.893599964678288
47.664580009877682 230.664920099079609
44.513990022242069 230.216329954564571
41.285220049321651 230.213709995150566
38.085209913551807 230.213190019130707
37.805599980056286 230.213139951229095
37.205690033733845 230.213040076196194
34.885220117866993 230.212649963796139
31.685950048267841 230.164049938321114

[OBSTACLE]
81.950910054147243 239.596540108323097
81.959999985992908 241.670009940862656
83.984879963099957 241.685709878802299
83.984999917447567 239.610000029206276

[OBSTACLE]
77.981350012123585 234.327819980680943
77.712329961359501 240.922339968383312
79.910499900579453 241.012010015547276
80.179519951343536 234.417499937117100

[OBSTACLE]
83.600910007953644 233.827440068125725
83.392339907586575 238.622899875044823
90.785350091755390 238.944440111517906
90.993919931352139 234.148980043828487

[OBSTACLE]
27.018109932541847 232.483939900994301
26.911230087280273 232.489029876887798
25.421719923615456 232.559880129992962
25.421719923615456 234.159879982471466
27.021729946136475 234.159879982471466

[OBSTACLE]
25.301500111818314 230.821450091898441
25.385469980537891 232.403100058436394
26.911230087280273 232.489029876887798
26.905460022389889 230.840549953281879

[OBSTACLE]
27.180370092391968 230.876219943165779
27.180370092391968 232.476229965686798
28.780369944870472 232.476229965686798
28.780369944870472 230.876219943165779

[OBSTACLE]
175.121510103344917 212.299220003187656
174.884250052273273 215.490410104393959
175.981220044195652 215.571969933807850
176.218480095267296 212.380780093371868

[OBSTACLE]
163.190000057220459 213.907999992370605
161.610100120306015 213.923630043864250
161.589999943971634 215.508000105619431
163.190000057220459 215.508000105619431

[OBSTACLE]
157.270780019462109 214.171519875526428
157.189219929277897 215.268490128219128
160.380410030484200 215.505740009248257
160.413750037550926 214.407309964299202

[OBSTACLE]
163.471219986677170 213.756690099835396
163.471219986677170 215.356689952313900
165.071220099925995 215.356689952313900
165.071220099925995 213.756690099835396

[OBSTACLE]
171.531510129570961 212.029219977557659
171.294250078499317 215.220410078763962
172.391149923205376 215.302909985184669
172.628409974277020 212.111719883978367

[OBSTACLE]
170.331510044634342 211.939220055937767
170.094249993562698 215.130409896373749
171.191169917583466 215.212680064141750
171.428420059382915 212.021489962935448

[OBSTACLE]
169.158770106732845 211.448029950261116
168.921510055661201 214.639220051467419
170.018480047583580 214.720779880881310
170.255740098655224 211.529590040445328

[OBSTACLE]
163.740610070526600 211.958730109035969
163.740610070526600 213.585300110280514
165.339999981224537 213.589999973773956
165.339999981224537 211.990000121295452

[OBSTACLE]
161.897410079836845 211.953970007598400
161.897410079836845 213.553970120847225
163.497409932315350 213.553970120847225
163.497409932315350 211.953970007598400

[OBSTACLE]
107.786020040512085 206.826629899442196
107.351169884204865 211.593119949102402
114.723335914313793 212.234340086579323
115.139265097677708 207.452419996261597

[OBSTACLE]
131.455620005726814 206.246400028467178
131.455620005726814 207.846389971673489
133.054749928414822 207.809040099382401
133.055620118975639 206.246400028467178

[OBSTACLE]
142.141510024666786 204.529219903051853
141.904249973595142 207.720410004258156
143.001219965517521 207.801970094442368
143.202310130000114 204.608500078320503

[OBSTACLE]
140.941509939730167 204.439219981431961
140.704249888658524 207.630410082638264
141.801170073449612 207.712679989635944
142.038430124521255 204.521489888429642

[OBSTACLE]
128.384449966251850 203.820209912955761
128.384449966251850 205.420200116932392
129.984450079500675 205.420200116932392
129.984450079500675 203.820209912955761

[OBSTACLE]
140.129740014672279 202.972259931266308
140.031120069324970 204.067830108106136
143.218449987471104 204.352229870855808
143.317069932818413 203.256659954786301

[OBSTACLE]
140.901080109179020 202.163880020380020
140.623879954218864 202.638920098543167
141.098920032382011 202.916119992733002
141.376450061798096 202.441840060055256

[OBSTACLE]
141.510539986193180 201.839569881558418
141.499569900333881 202.389459908008575
142.049459926784039 202.400429993867874
142.060430012643337 201.850539967417717

[OBSTACLE]
140.442390069365501 198.982010111212730
140.390119962394238 200.079829953610897
143.577449880540371 200.364229977130890
143.629970066249371 199.266429953277111

[OBSTACLE]
140.549630038440228 197.634020000696182
140.454400107264519 198.729890063405037
143.642380125820637 199.006940014660358
143.737619966268539 197.911060042679310

[OBSTACLE]
103.858270086348057 195.070880092680454
103.249970115721226 195.122549906373024
103.302550017833710 195.670029893517494
103.850030004978180 195.617449991405010

[OBSTACLE]
225.206999890506268 194.457810111343861
223.624799959361553 194.499000087380409
223.624799959361553 195.598999969661236
226.825500093400478 195.599519945681095
226.824799925088882 194.499000087380409

[OBSTACLE]
212.202550098299980 189.504109919071198
211.599140092730522 194.266029968857765
218.940440043807030 195.196269936859608
219.543850049376488 190.434349887073040

[OBSTACLE]
228.033300079405308 192.597250118851662
224.946600124239922 193.439729921519756
225.206999890506268 194.457810111343861
228.306599892675877 193.662750087678432

[OBSTACLE]
194.734209962189198 192.762079909443855
194.668569900095463 193.559379950165749
197.857789881527424 193.821920119225979
197.923420034348965 193.024620078504086

[OBSTACLE]
172.969170026481152 188.519829995930195
172.969839945435524 191.756249926984310
174.569290094077587 191.727079898118973
174.569159969687462 188.519829995930195

[OBSTACLE]
175.031070001423359 190.118650123476982
175.031070001423359 191.718649975955486
176.631070114672184 191.718649975955486
176.631070114672184 190.118650123476982

[OBSTACLE]
216.216700039803982 175.187229961156845
215.012010000646114 176.184959895908833
214.438179954886436 176.147739887237549
214.407100044190884 176.685940101742744
209.245140068233013 180.961090102791786
208.372319899499416 188.913330063223839
222.685799933969975 190.484559908509254
222.640699967741966 190.291890017688274
226.421899870038033 190.669320113956928
226.788899935781956 186.972829885780811
223.018100075423717 186.510679945349693
224.268300011754036 176.070959977805614

[OBSTACLE]
41.574250049889088 177.076290063560009
41.480380035936832 177.668909914791584
41.579149924218655 177.684549875557423
41.099419891834259 180.713519975543022
40.619429871439934 183.589240051805973
40.469729974865913 184.175980053842068
41.059560105204582 184.211970008909702
41.067199893295765 184.165709875524044
43.801530040800571 184.598350003361702
43.790759965777397 184.698379933834076
44.003730043768883 184.732110053300858
43.931969963014126 185.115229897201061
51.795229874551296 186.588029898703098
53.268029876053333 178.724769987165928
45.404769964516163 177.251969985663891
44.122219905257225 184.099509939551353
43.863249942660332 184.025009945034981
43.844350092113018 184.200640060007572
41.132400035858154 183.771099969744682
41.146259978413582 183.687259964644909
41.022879891097546 183.753760047256947
41.494499966502190 180.776089988648891
41.974239908158779 177.747130058705807
42.072999887168407 177.762770019471645
42.166859991848469 177.170149907469749

[OBSTACLE]
82.841080054640770 177.120460122823715
82.254989892244339 177.273249886929989
79.286529980599880 177.624879889190197
79.043089933693409 177.441469952464104
78.804110102355480 177.991829887032509
78.895839974284172 178.031659945845604
77.699880003929138 180.785830020904541
76.504230089485645 183.539349995553493
76.414309963583946 183.495329879224300
76.175329871475697 184.045679904520512
76.693489886820316 184.276649914681911
76.986900046467781 183.775630071759224
76.863860003650188 183.715399950742722
78.066779933869839 180.945149995386600
79.262729994952679 178.190970011055470
79.354460127651691 178.230800069868565
79.455829896032810 177.997349873185158
82.308649905025959 177.683440037071705
82.323830127716064 177.799509949982166
82.661919891834259 177.751610092818737
85.273969881236553 179.317299872636795
88.037350103259087 180.994810052216053
90.617330037057400 182.558049894869328
90.551579929888248 182.678709886968136
91.059329994022846 182.942779995501041
91.370250098407269 182.429629899561405
90.848850011825562 182.133209928870201
90.808939896523952 182.206449881196022
88.244629912078381 180.652709901332855
85.507869906723499 178.994480036199093
82.771099992096424 177.336249910295010

[OBSTACLE]
41.716750077903271 181.974989883601665
41.409709975123405 183.545260094106197
43.863249942660332 184.025009945034981
44.218150004744530 182.465639933943748

[OBSTACLE]
162.612619884312153 170.749700106680393
162.495910041034222 172.326109893620014
158.843850120902061 172.006600014865398
158.146600089967251 179.976160079240799
169.303980059921741 180.952300056815147
169.163970127701759 181.475999876856804
172.676490023732185 181.781039871275425
173.506889902055264 176.369380056858063
169.719799980521202 176.199409961700439
170.001219920814037 172.982739992439747
164.986180029809475 172.543980106711388
165.105770081281662 170.934690050780773

[OBSTACLE]
110.923489890992641 169.321820922195911
110.738151036202908 169.873725920915604
110.562532916665077 170.394439920783043
109.802560061216354 170.095949955284595
107.412680126726627 177.771870121359825
113.028438091278076 179.505340047180653
111.073646917939186 179.245250076055527
110.577489919960499 179.137629903852940
107.788920067250729 178.336910121142864
107.576939873397350 178.275840058922768
104.741400070488453 177.458999976515770
104.263130091130733 177.289160005748272
101.605420000851154 176.131869927048683
101.142180040478706 175.943699888885021
100.954019911587238 176.406940110027790
101.172139942646027 176.495539955794811
101.417259871959686 176.595109887421131
104.121129959821701 177.641410119831562
104.341460019350052 177.726670019328594
104.589029885828495 177.798060066998005
107.475039958953857 178.630249872803688
107.667140066623688 178.685640096664429
110.475266911089420 179.493049941956997
110.741421096026897 179.569580033421516
110.952356122434139 179.597000032663345
113.949497900903225 179.986560121178627
114.147714897990227 180.012320056557655
115.054050050675869 180.130609907209873
117.120778970420361 180.400340035557747
117.318987101316452 180.426210016012192
120.208840407431126 180.803369954228401
120.345835313200951 180.821249932050705
120.490255393087864 180.840099975466728
120.701482743024826 180.851160027086735
123.687627054750919 181.007529906928539
123.887310102581978 181.017980016767979
126.811598129570484 181.172830127179623
127.291604056954384 181.286269910633564
127.335218936204910 180.754359997808933
126.831161901354790 180.803380124270916
123.906875960528851 180.648530013859272
123.707186914980412 180.638139881193638
120.759433992207050 180.484750084578991
120.538133606314659 180.473239943385124
119.603055045008659 177.661929875612259
119.540206789970398 177.472979873418808
118.504815101623535 174.628799967467785
118.377855941653252 174.142199940979481
117.776278108358383 171.338770091533661
117.721560932695866 170.836850069463253
117.246164120733738 170.891460068523884
114.456170983612537 170.216430015861988
114.261786006391048 170.169400088489056
111.391215100884438 169.499714002013206

[OBSTACLE]
62.388359978795052 173.340370059013367
62.206949889659882 173.912289962172508
68.276300095021725 175.837600007653236
68.471189923584461 175.270319990813732

[OBSTACLE]
53.293089903891087 175.052760094404221
52.936380095779896 175.441650003194809
53.336880020797253 175.818540044128895
53.745350129902363 175.454400107264519

[OBSTACLE]
33.720660023391247 150.465502068400383
31.739430129528046 161.488876082003117
32.116839885711670 161.556707918643951
31.970350071787834 161.800305992364883
32.068349905312061 161.818494983017445
31.521970108151436 164.768293909728527
30.938819870352745 167.914711050689220
30.394940078258514 171.052040085196495
29.811439886689186 174.010189920663834
29.729859977960587 173.988919928669930
29.566119946539402 174.572770074009895
30.176610127091408 174.707860052585602
30.209060125052929 174.593559987843037
32.964480072259903 175.104240067303181
32.944349907338619 175.202220082283020
33.534299992024899 175.311560034751892
33.643650114536285 174.721609950065613
33.068930059671402 174.595839902758598
33.043750077486038 174.718380048871040
30.292480029165745 174.299709908664227
30.335850045084953 174.146919883787632
30.196949951350689 174.110710099339485
30.742939896881580 171.133649982511997
31.377460062503815 167.989638969302177
31.915280073881149 164.841188080608845
32.535680048167706 161.905224062502384
32.544599957764149 161.906878128647804
32.032210007309914 164.812740907073021
35.577519945800304 165.437874905765057
35.934140048921108 163.540760129690170
37.500759996473789 163.865864053368568
37.769129946827888 162.572586946189404
39.613270014524460 162.904033064842224
40.092430002987385 160.238042473793030
41.464819870889187 160.443798340857029
41.861589998006821 157.975626029074192
40.534839890897274 157.776479907333851
41.594499908387661 151.880659051239491
38.830940015614033 151.383966952562332

[OBSTACLE]
158.327919952571392 173.141620047390461
157.853619940578938 173.420079983770847
158.132079876959324 173.894379995763302
158.606379888951778 173.615920059382915

[OBSTACLE]
30.674409978091717 172.259629890322685
30.702349953353405 173.859140016138554
32.274410091340542 173.859630003571510
32.274410091340542 172.259629890322685

[OBSTACLE]
158.380940034985542 171.720610074698925
157.893560044467449 171.832029931247234
158.050249889492989 172.304439879953861
158.469580039381981 172.147069945931435

[OBSTACLE]
31.279820092022419 170.165939927101135
30.892019942402840 171.717770025134087
32.444269880652428 172.105720117688179
32.832079939544201 170.553880110383034

[OBSTACLE]
88.875109963119030 144.789499901235104
88.745840117335320 145.274859964847565
87.946150116622448 148.084519878029823
87.885499894618988 148.301040083169937
87.093759998679161 151.127507947385311
87.020150013267994 151.381886005401611
86.186200007796288 154.263587109744549
86.130879931151867 154.455785006284714
85.306529924273491 157.319866120815277
85.198700092732906 157.308946102857590
85.221999920904636 157.814444936811924
84.903849959373474 160.733985118567944
84.756439886987209 160.762694366276264
84.939880073070526 161.238975971937180
84.949289970099926 161.236877031624317
85.560009889304638 164.110894016921520
85.415569990873337 164.190752059221268
85.726440027356148 164.591895043849945
85.735810026526451 164.586354978382587
87.216489985585213 167.122845984995365
87.109100073575974 167.236444056034088
87.476400025188923 167.575699985027313
87.530019879341125 167.517642080783844
89.687270000576973 169.511636942625046
89.830609969794750 169.644044116139412
92.009570002555847 171.656750030815601
91.956730112433434 171.714019887149334
92.324019894003868 172.053279988467693
92.663279995322227 171.685980036854744
92.252610027790070 171.393330022692680
90.081110112369061 169.372846111655235
89.934710003435612 169.236630126833916
87.780299931764603 167.246680073440075
87.465749904513359 166.859164945781231
86.052899956703186 164.398927092552185
85.882149897515774 163.932781890034676
85.297920070588589 161.159047000110149
85.272690020501614 160.662149153649807
85.588670112192631 157.854212932288647
85.675420053303242 157.357219904661179
86.486410014331341 154.556944072246552
86.542039886116982 154.364841096103191
87.305610068142414 151.464272998273373
87.356510087847710 151.270901113748550
88.235049992799759 148.400430083274841
88.293569982051849 148.209229893982410
89.099860079586506 145.375590063631535
89.169339984655380 145.131420120596886
89.229069948196411 144.894390068948269

[OBSTACLE]
46.411820091307163 162.637085095047951
45.971019938588142 162.873078063130379
44.941670037806034 169.594718106091022
45.291649885475636 169.951810985803604
49.952629916369915 170.564419925212860
51.814690120518208 169.635590985417366
52.928650081157684 164.343229942023754
52.441530078649521 163.560472019016743

[OBSTACLE]
31.820000074803829 167.989999093115330
31.820000074803829 169.589999988675117
33.477109931409359 169.629856906831264
33.420010097324848 167.989999093115330

[OBSTACLE]
158.874649964272976 159.067283608019352
155.504550039768219 159.515592642128468
155.366190001368523 159.573839865624905
152.554470002651215 160.757504776120186
152.485190108418465 160.800421573221684
149.683960117399693 162.535559125244617
149.602239914238453 162.649183012545109
147.712380029261112 165.276751965284348
147.680270075798035 165.413027927279472
146.903019882738590 168.711624890565872
148.160249926149845 168.679743111133575
148.857810012996197 165.837170071899891
150.527729950845242 163.491650037467480
152.899349965155125 162.006781063973904
155.979119949042797 160.762485489249229
158.795230016112328 160.339976288378239

[OBSTACLE]
65.347099937498569 164.701660051941872
65.165679939091206 165.273575000464916
71.243239976465702 167.201519086956978
71.424669884145260 166.629608049988747

[OBSTACLE]
89.877680055797100 154.097467027604580
89.759630113840103 165.396849997341633
98.059179894626141 165.483561083674431
98.140539973974228 162.379252091050148
98.158750087022781 160.379334352910519
98.176609985530376 157.649657130241394
98.213229961693287 156.050076074898243
98.177230097353458 154.184178113937378

[OBSTACLE]
94.013030044734478 146.118989922106266
93.863009922206402 146.466649957001209
94.320340044796467 146.686989925801754
94.348310008645058 146.614219881594181
97.045540101826191 147.650589980185032
97.479939907789230 147.912800014019012
97.511029988527298 147.841260023415089
100.227699987590313 149.020680114626884
100.393080003559589 149.092609956860542
103.144069984555244 150.289064086973667
103.327490091323853 150.368765927851200
106.078869923949242 151.564323008060455
106.262299939990044 151.644030064344406
109.013680033385754 152.839580886065960
109.197510071098804 152.918333001434803
111.886111013591290 154.070122912526131
112.274366989731789 154.394852891564369
112.325662076473236 154.314259998500347
114.735664874315262 155.794635899364948
114.904119111597538 155.900205112993717
117.608556114137173 157.595070078969002
117.093629911541939 160.489454269409180
117.030019946396351 160.894194580614567
117.009932026267052 161.022014021873474
117.504869922995567 161.092872880399227
117.534787058830261 160.977766774594784
117.628985904157162 160.615333318710327
117.961450070142746 157.753417901694775
118.072800040245056 157.202651947736740
117.623295895755291 157.134207040071487
115.098710879683495 155.583446882665157
114.929309003055096 155.479389876127243
112.524339072406292 154.002104103565216
112.218901924788952 153.814485073089600
112.097138874232769 153.762152120471001
109.344859905540943 152.579234056174755
109.161120094358921 152.500261068344116
106.409749910235405 151.304708942770958
106.226319894194603 151.225003972649574
103.474940061569214 150.029450021684170
103.291519954800606 149.949750006198883
100.540129952132702 148.754179887473583
100.356710106134415 148.674479871988297
97.658440060913563 147.502010092139244
97.421909905970097 147.399230077862740
97.198220081627369 147.313260100781918
94.481049925088882 146.268909908831120
94.246449992060661 146.178739964962006

[OBSTACLE]
116.373656094074249 152.013062052428722
114.562567882239819 154.771678000688553
117.906344085931778 156.966936960816383
119.717432819306850 154.208321012556553

[OBSTACLE]
221.761900074779987 152.083047069609165
219.172650016844273 153.891051933169365
219.633460119366646 154.611912891268730
219.305499978363514 155.518950037658215
222.205100096762180 156.729708984494209
222.632399909198284 155.716069974005222
220.043900087475777 154.625017903745174
222.400900013744831 153.003382980823517

[OBSTACLE]
223.005699925124645 153.579699993133545
222.222700007259846 154.300153888761997
224.550800062716007 156.495521068572998
225.305499881505966 155.695213042199612

[OBSTACLE]
223.148500099778175 152.489017955958843
223.005699925124645 153.579699993133545
226.178600117564201 153.995341025292873
226.321400031447411 152.904657945036888

[OBSTACLE]
146.181120015680790 142.796439900994301
145.897959955036640 145.958869904279709
145.880259908735752 146.156519986689091
145.614810064435005 149.121289998292923
145.597110018134117 149.318940080702305
145.347080044448376 152.111353948712349
145.313949957489967 152.481365129351616
145.333690010011196 152.589248940348625
145.737759880721569 152.654714025557041
145.715210027992725 152.146041877567768
145.966139920055866 149.337029978632927
145.982420071959496 149.155469946563244
146.249189935624599 146.180289983749390
146.265960074961185 145.993080101907253
146.549360044300556 142.830680087208748

[OBSTACLE]
42.188139893114567 151.962014958262444
42.178000099956989 152.586000002920628
42.727999910712242 152.586000002920628
42.727999910712242 152.035999931395054

[OBSTACLE]
220.641699880361557 149.273509979248047
220.092300102114677 150.226494073867798
222.864599972963333 151.824683919548988
223.414000011980534 150.871695913374424

[OBSTACLE]
39.124919958412647 150.639101043343544
38.619100116193295 150.855079106986523
38.830940015614033 151.383966952562332
39.340900108218193 151.144920885562897

[OBSTACLE]
39.691850021481514 150.829621925950050
39.699389934539795 151.292163021862507
40.190000087022781 151.360000073909760
40.190000087022781 150.860000103712082

[OBSTACLE]
175.829600095748901 138.123570047318935
175.070659890770912 138.324020020663738
173.192759975790977 138.834339976310730
172.999759949743748 138.886780105531216
171.244539953768253 139.368049986660480
171.070950105786324 139.415649957954884
170.288080051541328 139.661419987678528
169.623109996318817 140.185930021107197
168.124739900231361 141.328209899365902
167.965690083801746 141.449460014700890
166.528270095586777 142.565790116786957
166.386099942028522 142.676200009882450
165.756890103220940 143.202870003879070
165.399970114231110 143.840609900653362
165.343259871006012 143.941930122673512
164.388020113110542 145.588820129632950
164.297589920461178 145.744739919900894
163.915760107338428 146.470899991691113
163.830060027539730 147.196680121123791
163.816439993679523 147.311989888548851
163.605739921331406 149.204279892146587
163.465400114655495 150.194740071892738
163.695520013570786 151.009814999997616
164.176880121231079 150.868763029575348
164.149030111730099 149.271159917116165
164.315140023827553 147.365879900753498
164.903030022978783 145.881250053644180
165.869770012795925 144.093829877674580
166.896290034055710 143.039670027792454
168.333710022270679 141.923339925706387
168.488899916410446 141.797249913215637
170.051420032978058 140.527750104665756
171.403210088610649 139.946689940989017
173.158419914543629 139.465420059859753
173.351299986243248 139.412530101835728
175.176689885556698 138.912009894847870
176.756919957697392 138.764260038733482
176.821789965033531 138.248319961130619

[OBSTACLE]
223.824699968099594 147.332000099122524
223.349300026893616 148.324000127613544
226.219100095331669 149.739189967513084
226.710500121116638 148.714780099689960

[OBSTACLE]
205.692919977009296 136.311369910836220
205.694860108196735 137.882519960403442
193.327100090682507 137.050899937748909
192.790899984538555 145.032909959554672
203.999080099165440 145.785830020904541
203.951980024576187 147.253489978611469
206.450690105557442 147.333689890801907
206.494980119168758 145.953489951789379
207.058749906718731 145.991360060870647
207.508970126509666 138.004509881138802
207.287670001387596 137.989619895815849
207.292929999530315 136.311369910836220

[OBSTACLE]
68.646450005471706 142.021970041096210
68.118370026350021 142.052750065922737
68.151549920439720 142.622029930353165
68.699029907584190 142.569450028240681

[OBSTACLE]
29.887650012969971 123.847570009529591
29.402549937367439 123.991680033504963
26.359470076858997 124.399709962308407
26.198869980871677 124.288380071520805
25.941949933767319 124.708059914410114
26.006999872624874 124.749529957771301
24.505040012300014 127.088299952447414
24.397869929671288 127.255170010030270
22.739780098199844 129.837030097842216
22.684280090034008 129.801710061728954
22.405260019004345 130.216359905898571
22.552549876272678 130.310330055654049
22.552519887685776 133.326969891786575
22.552519887685776 133.526949957013130
22.552489899098873 136.489560008049011
22.511510103940964 136.987009905278683
22.786540128290653 136.972319930791855
24.773030020296574 139.057050086557865
24.909909926354885 139.200710020959377
27.043530084192753 141.380379870533943
27.344649918377399 141.781929917633533
27.713349945843220 141.424379907548428
27.434899918735027 141.077829971909523
27.336519882082939 141.153879985213280
25.213169902563095 139.000929966568947
25.021289885044098 138.814700059592724
23.063540011644363 136.914629973471165
23.027529977262020 136.489389985799789
22.915559895336628 136.489429883658886
22.904270105063915 133.606659881770611
22.911580018699169 133.326559960842133
22.995100058615208 130.123930126428604
23.051799871027470 130.035629905760288
24.709689952433109 127.454110123217106
24.816860035061836 127.287229895591736
26.318899951875210 124.948360025882721
26.380009911954403 124.853199981153011
29.458210058510303 124.362760111689568
29.961460009217262 124.336300007998943

[OBSTACLE]
56.263259947299957 137.700940109789371
56.322000026702881 137.844160124659538
54.295340031385422 140.287369936704636
53.936010003089905 140.638939961791039
54.320849888026714 140.958160124719143
54.654720127582550 140.610530078411102
54.571309871971607 140.535529926419258
56.543000005185604 138.178750090301037
56.682199984788895 138.196679875254631
59.772330112755299 138.594770021736622
59.895070008933544 138.613190054893494
62.611710019409657 139.020840041339397
63.050789870321751 139.086729921400547
66.013969965279102 140.180150046944618
66.199170090258121 140.248490124940872
69.162330105900764 141.341909989714622
69.290939942002296 140.995029918849468
66.327770017087460 139.901610054075718
66.142569892108440 139.833269976079464
63.179390057921410 138.739850111305714
62.787490077316761 138.538860082626343
62.737910076975822 138.674799911677837
59.941830039024353 138.262809924781322
59.745159931480885 138.233829997479916
56.731740087270737 137.830740101635456

[OBSTACLE]
120.493504591286182 132.608770094811916
118.412653915584087 132.616680040955544
114.994104951620102 136.881839931011200
115.159584060311317 137.785579897463322
120.156411752104759 141.284390054643154
120.653519518673420 141.313270106911659
124.556464999914169 135.697839930653572
124.400876909494400 135.222669988870621

[OBSTACLE]
54.202059879899025 138.608109988272190
53.757250122725964 138.843470066785812
53.993929959833622 139.283890016376972
54.435890018939972 139.050070047378540

[OBSTACLE]
55.313159972429276 137.466100007295609
54.927099943161011 137.857829965651035
55.318840071558952 138.243899904191494
55.704900100827217 137.852169945836067

[OBSTACLE]
156.213629916310310 134.019769877195358
156.003149934113026 137.052790001034737
155.939870104193687 137.553820013999939
156.455020047724247 137.549429945647717
156.372240073978901 137.078409902751446
156.582709886133671 134.045379869639874

[OBSTACLE]
196.007900089025497 136.363619938492775
195.533609986305237 136.642090044915676
195.812069922685623 137.116379886865616
196.286369934678078 136.837919950485229

[OBSTACLE]
194.717969968914986 136.270559877157211
194.230550080537796 136.382030062377453
194.342029914259911 136.869440041482449
194.832840077579021 136.775790117681026

[OBSTACLE]
198.523909933865070 129.272639937698841
195.364819876849651 129.782710075378418
192.205730080604553 130.292770043015480
189.043560065329075 131.411109901964664
186.321660056710243 133.149750120937824
186.951729916036129 134.171029962599277
189.629720114171505 132.532010003924370
192.396999895572662 131.477430053055286
195.576430037617683 130.963709913194180
198.715180009603500 130.457299947738647
201.617679893970490 130.562620125710964
204.731490053236485 131.300309896469116
207.845310121774673 132.037999927997589
208.121939972043037 130.870319977402687
204.980510063469410 130.126769915223122
201.894310005009174 129.394939914345741

[OBSTACLE]
166.026159971952438 120.394739918410778
165.415870063006878 120.778839997947216
165.232079923152924 127.776430062949657
165.532760098576546 128.375799953937531
167.715460099279881 128.441860117018223
172.321750074625015 128.262740112841129
172.744589932262897 128.129539936780930
172.984559908509254 125.879319980740547
173.105340115725994 121.280909962952137
172.818569950759411 120.773200057446957

[OBSTACLE]
93.920800015330315 117.132629938423634
93.968820087611675 117.636470012366772
93.793139904737473 120.529909953474998
93.754389956593513 121.031040102243423
93.469430059194565 123.950950056314468
93.450009971857071 124.149990044534206
93.186230100691319 127.094520106911659
93.164489939808846 127.337170019745827
93.201690129935741 127.577139995992184
93.577049970626831 127.640959881246090
93.659289889037609 127.136800102889538
93.554590083658695 127.127440012991428
93.818380124866962 124.182930029928684
93.837790042161942 123.983879871666431
94.124009981751442 121.048980057239532
94.145549871027470 120.828079953789711
94.162219874560833 120.552589930593967
94.337240047752857 117.659110091626644
94.483289942145348 117.198799885809422

[OBSTACLE]
156.494729891419411 117.648689970374107
156.495580002665520 120.734119974076748
156.495669968426228 121.042809970676899
156.494009904563427 121.234570033848286
156.467969901859760 124.244520068168640
156.466239951550961 124.444029964506626
156.439449973404408 127.636039927601814
156.809260100126266 127.639850042760372
156.836000010371208 124.441269971430302
156.837439984083176 124.248340092599392
156.859910041093826 121.234170012176037
156.861030049622059 121.083489879965782
156.861389912664890 120.734699927270412
156.864560097455978 117.649179957807064

[OBSTACLE]
146.465849913656712 123.033410124480724
146.469430029392242 123.535310067236423
146.401020064949989 126.737900003790855
146.770760044455528 126.746400073170662
146.839149929583073 123.544020056724548
146.892029978334904 123.040149994194508

[OBSTACLE]
140.229999944567680 124.440000019967556
139.569999910891056 124.679999984800816
139.329999946057796 125.340000018477440
139.586489982903004 125.993530079722404
140.229999944567680 126.240000016987324
140.873180031776428 125.961190126836300
141.129999943077564 125.340000018477440
140.889999978244305 124.679999984800816

[OBSTACLE]
201.886179968714714 121.457759961485863
201.050049923360348 123.274590075016022
205.955500043928623 125.532149933278561
206.791630089282990 123.715309910476208

[OBSTACLE]
56.631359942257404 124.518709890544415
56.131810061633587 124.573199935257435
53.283790051937103 124.588119909167290
53.084260076284409 124.589160121977329
50.091159977018833 124.604630060493946
49.891620092093945 124.605660103261471
46.853820048272610 124.621369950473309
46.353740021586418 124.571849927306175
46.356320083141327 125.071849897503853
46.855729930102825 124.991330020129681
49.893539883196354 124.975630082190037
50.093070119619370 124.974549971520901
53.103840015828609 124.958180114626884
53.285710103809834 124.957279935479164
56.133740022778511 124.943019971251488
56.576850078999996 125.056200027465820

[OBSTACLE]
188.964900001883507 120.324730128049850
185.122970081865788 124.230120070278645
189.535880088806152 124.399520121514797

[OBSTACLE]
197.544929906725883 117.970960102975368
196.201319955289364 119.452410116791725
200.201239921152592 123.080169893801212
201.544849872589111 121.598719879984856

[OBSTACLE]
103.200000002980232 118.770000003278255
102.300000004470348 119.070000089704990
101.999999918043613 119.970000088214874
102.300000004470348 120.870000086724758
103.200000002980232 121.169999912381172
104.100000001490116 120.870000086724758
104.420560002326965 119.977390058338642
104.100000001490116 119.070000089704990

[OBSTACLE]
112.659999877214432 118.969999887049198
112.000000104308128 119.210000112652779
111.735904961824417 119.863400049507618
112.000000104308128 120.529999919235706
112.659999877214432 120.769999884068966
113.327355980873108 120.552570112049580
113.559999875724316 119.869999885559082
113.320000953972340 119.210000112652779

[OBSTACLE]
77.184229902923107 109.020069949328899
76.814470104873180 109.026969932019711
76.864030025899410 112.225409969687462
76.867130063474178 112.425380125641823
76.913610026240349 115.424949936568737
76.916710063815117 115.624920092523098
76.962530016899109 118.581250011920929
76.881539970636368 119.069290012121201
77.472339905798435 119.044579938054085
77.330089956521988 118.575399890542030
77.286300100386143 115.613059997558594
77.283260039985180 115.419139973819256
77.236359976232052 112.437200061976910
77.233040109276772 112.219609916210175

[OBSTACLE]
140.569260045886040 116.030309982597828
139.668540060520172 116.328539960086346
139.337099939584732 117.240000031888485
139.668540060520172 118.151460103690624
140.579999871551991 118.482899963855743
141.491459943354130 118.151460103690624
141.822900064289570 117.240000031888485
141.491459943354130 116.328539960086346

[OBSTACLE]
128.468245118856430 114.226130098104477
127.832334004342556 115.826849937438965
129.008569046854973 116.832000091671944
130.546109974384308 115.674029923975468
130.200349912047386 114.686509929597378

[OBSTACLE]
147.690059915184975 112.393819876015186
146.123830080032349 113.065859936177731
146.258929967880249 114.607149958610535
148.167340010404587 114.858080111443996
148.612469993531704 113.911189958453178

[OBSTACLE]
127.282493002712727 112.158849909901619
126.805382929742336 114.023610129952431
127.692308947443962 114.578669928014278
128.468245118856430 114.226130098104477
129.309006966650486 113.844139911234379
128.827720917761326 112.233240120112896

[OBSTACLE]
97.223490029573441 111.928339898586273
97.226749919354916 112.297099903225899
97.681260071694851 112.330190092325211
100.300479941070080 112.520909942686558
100.490429997444153 112.534849941730499
103.590680100023746 112.762399949133396
104.048290029168129 112.830470129847527
106.765100061893463 113.449000120162964
106.953949928283691 113.494130074977875
109.940679930150509 114.207970052957535
109.942149892449379 114.299319982528687
110.441195964813232 114.243180043995380
113.285454101860523 114.205010049045086
113.484125100076199 114.202349931001663
116.501931883394718 114.262339882552624
117.001473940908909 114.312710016965866
117.005507014691830 113.839930035173893
116.501988992094994 113.895149976015091
113.485862091183662 113.886909894645214
113.287149891257286 113.886359930038452
110.443114973604679 113.878599926829338
109.934690035879612 113.835790045559406
107.035330086946487 113.133919946849346
106.842820048332214 113.087320029735565
104.129200018942356 112.471789941191673
103.751889877021313 112.386199906468391
103.619299903512001 112.369400039315224
100.517100021243095 112.164470031857491
100.323279872536659 112.151670120656490
97.707640118896961 111.963220015168190

[OBSTACLE]
57.169989906251431 100.560010038316250
57.169989906251431 101.759999953210354
60.391900055110455 101.759590022265911
61.570000126957893 101.759999953210354
61.570000126957893 102.960000038146973
61.575219966471195 106.066260114312172
60.514349974691868 108.467090055346489
58.251629993319511 110.729840025305748
55.836699940264225 112.343440093100071
52.988109886646271 112.910060100257397
49.788109920918941 112.910060100257397
47.838109880685806 112.860050089657307
47.788119949400425 110.910050049424171
47.788110040128231 107.710059992969036
46.590159870684147 107.660410106182098
46.588889919221401 110.879389978945255
46.588109955191612 114.110050015151501
49.788109920918941 114.110059924423695
52.988109886646271 114.110070094466209
56.295909956097603 113.452099896967411
59.100150018930435 111.578369960188866
61.362890079617500 109.315629899501801
62.777099944651127 106.062939986586571
62.769999951124191 102.960000038146973
62.769999951124191 100.560010038316250

[OBSTACLE]
36.043749898672104 110.609739907085896
33.143750019371510 111.209740079939365
29.943750053644180 111.209740079939365
29.943009987473488 111.856690123677254
29.711359888315201 110.943390056490898
27.787410020828247 111.001570001244545
27.499790005385876 112.007560096681118
28.653460070490837 113.357479907572269
30.091740079224110 112.443109899759293
33.142390102148056 112.492969967424870
36.443740017712116 111.809739992022514

[OBSTACLE]
183.027130067348480 110.762540102005005
182.408149987459183 111.069779954850674
182.653699927031994 112.260099984705448
183.970659933984280 112.523349970579147
185.045430026948452 111.745730005204678
184.523180089890957 110.768139883875847

[OBSTACLE]
205.006900019943714 107.227150127291679
203.803099989891052 108.824290111660957
208.115370124578476 112.074569985270500
209.319180063903332 110.477430000901222

[OBSTACLE]
21.494100093841553 97.324370071291924
20.086999870836735 100.479999966919422
20.086999870836735 103.679999932646751
21.386989988386631 106.980000101029873
24.576090015470982 108.320560082793236
27.679020054638386 108.313449919223785
30.979019962251186 107.013449892401695
30.138489939272404 106.153049953281879
27.679020054638386 107.113450095057487
24.505210034549236 107.055020071566105
22.228989973664284 106.034990102052689
21.286990046501160 103.679999932646751
21.286990046501160 100.647769942879677
22.342630028724670 98.172900006175041

[OBSTACLE]
164.732279963791370 103.631969951093197
163.762950003147125 104.137470088899136
163.878189884126186 105.359289869666100
163.268320076167583 104.686089903116226
161.595930121839046 105.639020018279552
161.753880009055138 106.671580001711845
163.464950025081635 107.314459942281246
164.307090044021606 105.832740031182766
164.481169879436493 105.935049876570702
165.711170025169849 105.190320089459419
165.735269896686077 104.265279881656170

[OBSTACLE]
199.229860045015812 103.347240053117275
198.730640038847923 103.404870033264160
195.848679989576340 103.436680100858212
195.348339974880219 103.390100002288818
195.351320058107376 103.555930107831955
192.486869953572750 104.231770113110542
192.034809999167919 104.228829927742481
189.142359942197800 104.209990054368973
189.134249985218048 104.579870067536831
192.119250036776066 104.607079885900021
192.158360108733177 104.782250002026558
192.642730027437210 104.658250063657761
192.612460069358349 104.575429931282997
195.357599928975105 103.905339911580086
195.777880065143108 103.802749998867512
198.734739869832993 103.735340088605881
198.735819980502129 103.822750039398670
199.258419871330261 103.826289996504784

[OBSTACLE]
129.306732006371021 94.882680028676987
128.646731972694397 95.122679993510246
128.406733050942421 95.782680027186871
128.646731972694397 96.442680060863495
129.306732006371021 96.682689934968948
129.966732040047646 96.442680060863495
130.206729918718338 95.782680027186871
129.966732040047646 95.122679993510246

[OBSTACLE]
193.581629917025566 82.502489872276783
189.898759983479977 89.604349993169308
197.000609934329987 93.287219926714897
200.683490037918091 86.185360066592693

[OBSTACLE]
102.362039871513844 69.667590074241161
102.466359995305538 72.917620129883289
102.473239898681641 73.117459900677204
102.576400116086006 76.115249954164028
102.583280019462109 76.315099895000458
102.686439976096153 79.312880039215088
102.697700038552284 79.512490071356297
102.863860018551350 82.458049915730953
102.669029906392097 82.508799992501736
102.743190117180347 82.709139920771122
99.726140089333057 82.724850028753281
99.529150016605854 82.725880071520805
96.574299968779087 82.741249874234200
96.377299986779690 82.742270007729530
93.225460126996040 82.758670113980770
93.226339966058731 82.927760109305382
93.227379918098450 83.128640092909336
93.441830128431320 86.115920059382915
93.456150069832802 86.315369978547096
93.707079961895943 89.304179884493351
93.723809942603111 89.503439962863922
93.972309976816177 92.463349997997284
93.989409990608692 92.963680103421211
94.487640112638474 92.921589948236942
94.445540048182011 92.423360086977482
94.340830072760582 92.432210110127926
94.092330038547516 89.472289904952049
94.075600057840347 89.273030087351799
93.824669905006886 86.284219920635223
93.807939924299717 86.084949932992458
93.559590093791485 83.126909881830215
96.379220038652420 83.112239986658096
96.576210111379623 83.111209943890572
99.531059898436069 83.095839880406857
99.728049971163273 83.094810098409653
102.879890091717243 83.078409992158413
103.304390013217926 83.128459900617599
103.286760114133358 82.863610088825226
103.271250016987324 82.630499936640263
103.162069916725159 82.380389906466007
103.062939904630184 79.500190056860447
103.056060001254082 79.300329945981503
102.952900044620037 76.302559971809387
102.946019880473614 76.102700121700764
102.842859923839569 73.104919977486134
102.835980020463467 72.905070036649704
102.725929990410805 69.707430042326450

[OBSTACLE]
185.456859879195690 86.766399890184402
183.518059924244881 86.974070072174072
185.641979947686195 90.327789969742298
187.589420005679131 90.993289910256863
187.971979975700378 90.284359976649284
188.077379949390888 90.481649935245514
189.106209874153137 90.037439949810505
189.420680105686188 89.345049895346165
188.506469950079918 88.280039913952351
187.566680051386356 88.842300102114677

[OBSTACLE]
157.466400004923344 84.960449896752834
156.447800099849701 85.833799950778484
156.331809982657433 86.729579903185368
154.028229899704456 87.577910088002682
154.120270088315010 89.615500010550022
156.059309951961040 88.834149986505508
156.037899926304817 88.999479934573174
157.133530080318451 90.658200047910213
159.225380048155785 90.150029882788658

[OBSTACLE]
58.748589903116226 61.148760095238686
58.182909972965717 62.280130125582218
60.607270002365112 63.871760033071041
62.238000072538853 66.270000003278255
62.837999984622002 69.169999882578850
62.831070013344288 72.369989939033985
63.437999896705151 75.719989947974682
64.062589928507805 78.526410050690174
64.062589928507805 86.126410067081451
62.921940125524998 86.129349991679192
59.662589877843857 86.126410067081451
58.462590053677559 86.126410067081451
58.462590053677559 87.326420061290264
59.662589877843857 87.326409891247749
65.262580104172230 87.326409891247749
65.262580104172230 78.526410050690174
64.637999981641769 75.219989977777004
64.038000069558620 72.370000109076500
64.038000069558620 69.169999882578850
63.437999896705151 65.869999974966049
61.572579927742481 63.040970042347908

[OBSTACLE]
141.478849872946739 75.844120010733604
141.523189954459667 76.345449909567833
141.447249986231327 79.259599968791008
141.442040055990219 79.459430091083050
141.368080116808414 82.456940077245235
141.363149993121624 82.656780108809471
141.289609894156456 85.637379921972752
141.164730116724968 86.107249967753887
141.725210025906563 86.147839911282063
141.655139997601509 85.645870082080364
141.732319928705692 82.646129988133907
141.736829951405525 82.465710043907166
141.811819933354855 79.462860003113747
141.816619932651520 79.268390014767647
141.888610012829304 76.353940069675446
141.939110010862350 75.848310068249702

[OBSTACLE]
161.414869986474514 76.450119987130165
160.971639975905418 76.596720106899738
161.129489988088608 77.039629891514778
161.802970021963120 79.858170077204704
161.831229962408543 80.159160047769547
161.868870072066784 80.356479994952679
161.954290084540844 80.334299914538860
163.672780059278011 82.780170105397701
163.933980129659176 83.207669928669930
164.035549908876419 83.138809874653816
166.451420038938522 84.847220033407211
166.829209998250008 85.178969949483871
167.124999947845936 84.727259948849678
166.721899881958961 84.474460072815418
166.667689904570580 84.549169987440109
164.343820065259933 82.929819934070110
164.064680039882660 82.512760050594807
163.980909921228886 82.569920122623444
162.377120032906532 80.224490053951740
162.162489891052246 79.771639965474606
161.488229893147945 76.953300051391125

[OBSTACLE]
110.920535884797573 82.689870037138462
110.723698101937771 82.701209895312786
110.721247121691704 83.184729963541031
110.958213023841381 83.186530061066151
111.115803048014641 83.188559897243977
115.178341008722782 83.240880072116852
115.475812926888466 83.244710005819798
119.438072964549065 83.292390033602715
119.739630632102489 83.296010047197342
123.723617009818554 83.521110117435455
124.022564888000488 83.537999950349331
128.009054921567440 83.753819987177849
128.208373934030533 83.764609880745411
132.291279882192612 84.034809917211533
132.584020122885704 84.054179936647415
136.878980062901974 84.234019927680492
136.906009949743748 83.734750114381313
132.620539963245392 83.502729982137680
132.321539930999279 83.486689999699593
128.267019093036652 83.269089944660664
128.035977892577648 83.256460055708885
124.049592949450016 83.038729876279831
123.750644028186798 83.021870031952858
119.745644517242908 82.796040065586567
119.465108066797256 82.792669869959354
115.481828115880489 82.744749933481216
115.184352025389671 82.741170078516006
111.121832057833672 82.692299894988537

[OBSTACLE]
72.194439880549908 73.634740076959133
71.837739981710911 73.709569945931435
71.938990056514740 76.800949946045876
71.947010047733784 77.045829966664314
71.979950033128262 77.292239926755428
72.376960068941116 80.261600017547607
72.403460070490837 80.459809973835945
72.828810103237629 83.630940057337284
73.195390067994595 83.581940010190010
72.750240005552769 80.348899923264980
72.732599936425686 80.214039944112301
72.350439988076687 77.291289940476418
72.307789959013462 76.787450127303600

[OBSTACLE]
155.137620121240616 78.526240028440952
153.521430082619190 79.571649990975857
153.830829896032810 80.570490024983883
154.478430040180683 80.793659873306751
153.161819986999035 80.840290039777756
152.739880047738552 82.328829877078533
154.429729878902435 83.250450082123280
155.186110101640224 82.527519911527634
154.900960102677345 80.939280018210411
155.481659881770611 81.139400117099285
156.239200010895729 79.612690024077892

[OBSTACLE]
195.113379918038845 64.692090004682541
191.659030057489872 67.512989901006222
190.458339974284172 75.422339923679829
192.957749962806702 79.132069982588291
201.265690028667450 80.372299887239933
203.421319983899593 65.932310000061989

[OBSTACLE]
59.061409980058670 68.024709932506084
57.864389978349209 68.109179958701134
57.948860004544258 69.306209869682789
58.174119926989079 72.498269900679588
58.399360030889511 75.690320022404194
58.034680038690567 78.571740016341209
59.172899983823299 78.951779901981354
59.595860056579113 75.697369948029518
59.588410109281540 75.589469969272614
59.372560083866119 72.465260028839111
59.101790003478527 69.209300056099892

[OBSTACLE]
71.964480094611645 67.238980010151863
71.594890058040619 67.252319976687431
71.717050001025200 70.650069899857044
72.086649946868420 70.636720024049282

[OBSTACLE]
121.780000105500221 62.659999988973141
116.779999881982803 63.119999878108501
115.379999913275242 63.620000109076500
115.379999913275242 68.120000101625919
116.080000028014183 69.819999895989895
121.530000120401382 69.920000098645687
122.579999901354313 68.720000013709068
122.280000075697899 63.220000080764294

[OBSTACLE]
169.198859892785549 60.124910101294518
168.847429901361465 60.480570048093796
168.137779980897903 67.145880050957203
169.231860116124153 68.002020046114922
175.190070010721684 68.715910091996193
176.005569994449615 67.919049970805645
176.688130050897598 61.451900117099285
176.431550048291683 61.114010103046894

[OBSTACLE]
70.844879932701588 66.060920096933842
70.802429914474487 66.659119911491871
77.210160121321678 66.914629973471165
77.237049974501133 66.315230093896389

[OBSTACLE]
102.080099955201149 63.011119924485683
102.147340103983879 63.557269982993603
102.253150008618832 66.722199991345406
102.614129930734634 66.659719944000244
102.513370104134083 63.544689901173115
102.597579881548882 63.049869872629642

[OBSTACLE]
144.726639911532402 55.510200113058090
144.714580066502094 56.012900099158287
144.341489970684052 58.902699947357178
144.315889887511730 59.101000130176544
143.931960090994835 62.074869982898235
143.906360007822514 62.273120097815990
143.524400070309639 65.231680124998093
143.409060053527355 65.720940008759499
143.904819898307323 65.784519985318184
143.891249932348728 65.278620086610317
144.273190051317215 62.320170104503632
144.298559874296188 62.121880091726780
144.674460031092167 59.183799922466278
144.704980067908764 58.949400000274181
145.081139951944351 56.059700027108192
145.214129947125912 55.569999963045120

[OBSTACLE]
166.171369925141335 52.450799942016602
166.034260019659996 52.950500026345253
164.977889880537987 55.688400119543076
164.905720129609108 55.874899923801422
163.822840079665184 58.673700056970119
163.708360083401203 58.652000054717064
163.613069914281368 59.142899923026562
163.699489980936050 59.159700050950050
163.093260005116463 62.212540023028851
163.456309922039509 62.283070050179958
164.052440002560616 59.228199981153011
164.186879880726337 58.742699883878231
165.250550024211407 56.007700078189373
165.323010012507439 55.821400023996830
166.379229947924614 53.083299919962883
166.451730094850063 53.111199997365475
166.658549904823303 52.675700001418591

[OBSTACLE]
131.803110018372536 58.757600039243698
131.560449935495853 59.838999956846237
132.096919938921928 60.304920114576817
131.165849938988686 60.147300101816654
130.810279957950115 61.779629997909069
131.876430027186871 62.109199874103069
132.574589885771275 61.813770048320293
132.561200112104416 60.708150044083595
132.690000049769878 60.819999910891056
133.359449878334999 60.991389900445938
133.877880051732063 59.889000058174133
133.124890103936195 58.870199881494045

[OBSTACLE]
71.071670055389404 60.913190096616745
71.029850058257580 61.511469967663288
77.441099882125854 61.767449937760830
77.465020082890987 61.167919933795929

[OBSTACLE]
154.637230038642883 55.094699896872044
153.486310057342052 56.406599916517735
152.263149917125702 60.935659892857075
154.120700098574162 60.649310089647770
155.556959919631481 55.639400072395802

[OBSTACLE]
152.378109991550446 56.106099933385849
150.768039971590042 56.854999959468842
151.262749955058098 58.485999926924706
152.809529975056648 58.522200062870979
153.269959874451160 56.653199978172779

[OBSTACLE]
24.770010039210320 52.410000078380108
21.470020040869713 53.710000105202198
20.129460059106350 56.899099871516228
21.331540048122406 56.899099871516228
22.415039949119091 54.552000090479851
24.770010039210320 53.609999902546406
27.970010004937649 53.609999902546406
27.970010004937649 52.410000078380108

[OBSTACLE]
34.370000027120113 52.410000078380108
34.370000027120113 53.609999902546406
37.402230016887188 53.609999902546406
39.877110123634338 54.665599986910820
42.168580032885075 56.898900121450424
42.988369949162006 56.079799942672253
40.725629888474941 53.817100040614605
37.569999992847443 52.410000078380108

[OBSTACLE]
193.939459994435310 53.375700116157532
190.633129887282848 53.571500033140182
190.218089930713177 53.525800034403801
190.246930085122585 54.044199958443642
190.740440003573895 53.919300101697445
194.017690047621727 53.732800036668777

[OBSTACLE]
181.481240056455135 49.700899980962276
181.230060085654259 49.973699897527695
181.609740108251572 50.309500098228455
181.619090028107166 50.298700034618378
183.822650089859962 52.226200029253960
183.770529925823212 52.380200028419495
184.290879890322685 52.478000111877918
187.362389974296093 53.211399950087070
187.361980043351650 52.851699888706207
184.376179948449135 52.119500115513802
184.141430072486401 52.061900123953819
181.859209947288036 50.021800026297569
181.627459973096848 49.814600013196468

[OBSTACLE]
189.331489875912666 45.358899943530560
187.354289926588535 46.210299916565418
189.957530051469803 51.031999997794628
190.785459913313389 49.976799935102463
190.689429938793182 46.810799986124039

[OBSTACLE]
146.973119899630547 48.606400005519390
146.969370022416115 49.106399975717068
147.469919957220554 49.032399877905846
150.470210015773773 49.054200015962124
150.653210021555424 49.055499956011772
153.499919921159744 49.076399914920330
154.005420058965683 49.120900109410286
156.907280012965202 49.639599919319153
157.120280079543591 49.677700027823448
160.009709894657135 50.195299908518791
160.487949885427952 50.360099971294403
160.575979948043823 49.867899902164936
160.073090121150017 49.839800074696541
157.185199894011021 49.314800053834915
156.988429911434650 49.278999939560890
154.070520065724850 48.756899945437908
153.838699944317341 48.715399913489819
153.586839884519577 48.713099919259548
150.655979923903942 48.686599917709827
150.456109903752804 48.684800080955029
147.472720108926296 48.662399910390377

[OBSTACLE]
129.067279919981956 47.362099997699261
128.811364881694317 47.363999970257282
125.868093036115170 47.385899983346462
125.668140873312950 47.387399934232235
122.668901979923248 47.409800104796886
122.468953989446163 47.411300055682659
119.469717964529991 47.433600090444088
119.269765019416809 47.435100041329861
116.270526908338070 47.457499951124191
116.070579960942268 47.458999902009964
113.115305900573730 47.481000050902367
112.871388904750347 47.482799887657166
112.615566961467266 47.485000006854534
109.596800021827221 47.511000111699104
109.398179873824120 47.512700073421001
106.418949887156487 47.538299895823002
106.220329999923706 47.540000118315220
103.408959954977036 47.564200125634670
102.904909960925579 47.530000098049641
102.905440106987953 48.002300001680851
103.412140049040318 47.933699935674667
106.223499923944473 47.910000085830688
106.422120071947575 47.908300124108791
109.401359967887402 47.882700040936470
109.599969945847988 47.881000079214573
112.618174925446510 47.854999974370003
112.874147072434425 47.852800115942955
113.118063025176525 47.851000018417835
116.073337085545063 47.828899994492531
116.273284032940865 47.827400043606758
119.272521100938320 47.805100008845329
119.472475089132786 47.803600057959557
122.471711114048958 47.781199887394905
122.671659104526043 47.779699936509132
125.670897997915745 47.757399901747704
125.870849899947643 47.755899950861931
128.814120963215828 47.733900062739849
129.296428970992565 47.844500057399273
129.305874072015285 47.378700114786625

[OBSTACLE]
163.826819956302643 40.168900117278099
163.657860085368156 40.639399923384190
164.150279983878136 40.747499912977219
166.929420121014118 41.744800098240376
167.117660045623779 41.812299974262714
169.949120096862316 42.828200124204159
170.129899904131889 42.892300076782703
172.835419885814190 43.851899914443493
173.244009949266911 44.149800017476082
173.286919966340065 44.085399918258190
175.921600125730038 45.860599875450134
176.151609979569912 45.556400083005428
173.492190018296242 43.777399919927120
173.105509877204895 43.456399999558926
173.042589910328388 43.548499904572964
170.254489965736866 42.545100040733814
170.066330097615719 42.477399893105030
167.242609970271587 41.464099884033203
167.054370045661926 41.396600008010864
164.275309965014458 40.399399958550930

[OBSTACLE]
180.549319945275784 39.740899875760078
180.264530070126057 40.811200104653835
181.436219885945320 41.803399883210659
182.105669975280762 41.974800042808056
182.624099887907505 40.872400030493736
181.871109940111637 39.853600114583969

[OBSTACLE]
189.458340033888817 39.067800045013428
189.101130068302155 40.700099952518940
190.172200091183186 41.029700078070164
190.873579941689968 40.734200105071068
190.856169871985912 39.303299896419048

[OBSTACLE]
92.537790015339851 33.485200069844723
92.524119913578033 33.988999985158443
92.097529917955399 36.756899878382683
91.864109970629215 37.171899937093258
92.251089997589588 37.473300099372864
92.313749976456165 37.396700121462345
94.716929979622364 39.326799996197224
94.630810059607029 39.524499885737896
95.095069892704487 39.453600086271763
97.870569936931133 39.657199904322624
98.068139962852001 39.671700038015842
101.090979874134064 39.893399924039841
101.583759896457195 40.007600113749504
101.620199941098690 39.508900083601475
101.118399873375893 39.526000097393990
98.092900104820728 39.338200092315674
97.895190045237541 39.325999952852726
95.117120109498501 39.153599999845028
95.126550085842609 39.025299958884716
94.847159981727600 38.994899876415730
92.545729950070381 37.113099880516529
92.450619973242283 37.035300098359585
92.882249876856804 34.042299874126911
93.064009919762611 33.593300059437752

[OBSTACLE]
139.873010069131851 37.620000094175339
139.706929884850979 37.734200023114681
139.661780111491680 38.044200129806995
139.866989925503731 38.120000064373016
140.055359974503517 38.123399987816811
144.166229888796806 38.197400085628033
144.463180005550385 38.202699981629848
148.431360051035881 38.226499967277050
148.766150027513504 38.228599950671196
152.682250067591667 38.862500004470348
152.978399880230427 38.910499997437000
157.124349921941757 39.581700116395950
157.216370031237602 39.078099951148033
153.053540065884590 38.428299948573112
152.757500037550926 38.379800058901310
148.772369921207428 37.727100029587746
148.508459925651550 37.723900116980076
144.472680129110813 37.675399966537952
144.172700121998787 37.671800032258034
140.061829946935177 37.622300088405609

[OBSTACLE]
188.681049942970276 32.216700054705143
184.431049935519695 33.416699878871441
186.231060102581978 37.116700075566769

[OBSTACLE]
52.949370108544827 33.892799988389015
54.118230044841766 36.893499977886677
56.151820011436939 36.736199930310249
55.200250074267387 34.577299915254116

[OBSTACLE]
52.249080017209053 33.679799921810627
47.054369896650314 35.423600003123283
47.961620092391968 36.410800032317638
51.089199967682362 36.863899938762188
52.751119993627071 35.773199908435345

[OBSTACLE]
102.040280066430569 23.876799978315830
101.006759926676750 31.809699907898903
108.939720094203949 32.843199968338013
109.973239973187447 24.910300038754940

[OBSTACLE]
56.250000037252903 23.999999873340130
55.281020030379295 24.282600060105324
55.049999952316284 25.199999958276749
55.350000038743019 26.099999956786633
56.250000037252903 26.400000043213367
57.150000035762787 26.099999956786633
57.450000122189522 25.199999958276749
57.150000035762787 24.299999959766865

[OBSTACLE]
65.910000056028366 21.999999992549419
65.250000022351742 22.239999957382679
65.010000057518482 22.899999991059303
65.250000022351742 23.560000024735928
65.909979976713657 23.799999989569187
66.570000089704990 23.560000024735928
66.805950030684471 22.898599915206432
66.570000089704990 22.239999957382679

[OBSTACLE]
159.171759933233261 21.433400064706802
158.901050090789795 22.574400082230568
160.052380003035069 23.557199873030186
160.719450041651726 23.731399923563004
161.237879954278469 22.628999911248684
160.484890006482601 21.610199995338917

[OBSTACLE]
116.523322090506554 12.713900022208691
115.507922098040581 13.045099973678589
115.584945045411587 14.749099984765053
118.090858906507492 18.750700093805790
119.163586385548115 17.207400053739548
118.984559997916222 16.902700103819370
119.143333658576012 16.966099888086319
119.717881344258785 15.859000012278557
118.964890874922276 14.840200096368790
117.690247893333435 14.699899926781654

[OBSTACLE]
60.065940022468567 11.516999974846840
57.426410056650639 15.763499923050404
59.125010035932064 16.819300018250942
61.764540001749992 12.572800070047379

[OBSTACLE]
69.890000037848949 9.629999957978725
68.990000039339066 9.930000044405460
68.689990043640137 10.830000042915344
68.990000039339066 11.730000041425228
69.880039915442467 12.057099901139736
70.790000036358833 11.730000041425228
71.086279973387718 10.924399942159653
70.790000036358833 9.930000044405460

