[SCALE]
1.0

[BORDER]
91.132970033213496 1.580800116062164
96.505669970065355 2.122999951243401
96.706520067527890 0.133200092241168
95.386959984898567 0.000000000000000
96.985610034316778 0.000000000000000
99.281460084021091 1.298200059682131
98.676360016688704 2.693999921903014
103.659750055521727 4.772500013932586
104.007809925824404 3.970900056883693
110.388120068237185 7.578799920156598
125.392314987257123 10.878499886021018
140.392032964155078 12.453499892726541
143.850094070658088 6.762399952858686
154.478730093687773 1.600200030952692
169.157469877973199 8.936200020834804
180.090260105207562 7.397800097241998
194.348179902881384 1.841200031340122
196.875439882278442 0.000000000000000
270.000000000000000 0.000000000000000
270.000000000000000 78.112930012866855
254.240400055423379 79.499050034210086
251.874899910762906 82.947159977629781
250.669899908825755 82.715159878134727
250.660799928009510 82.569280061870813
250.167600028216839 82.682589897885919
247.019399944692850 82.907159943133593
247.061199909076095 83.274429878219962
250.194000005722046 83.051559934392571
250.693100094795227 83.084609946236014
252.071299972012639 83.355400068685412
257.429499886929989 94.490169938653708
263.426199909299612 96.886980012059212
263.729899981990457 99.386399919167161
263.766200076788664 99.684200054034591
264.253299878910184 103.681739978492260
264.286300102248788 103.952620122581720
264.765499876812100 107.884829984977841
264.806099887937307 108.221079921349883
265.297800097614527 112.291499907150865
265.322499973699450 112.489980021491647
265.825000014156103 116.534249978139997
265.851699979975820 116.757310023531318
266.321500036865473 120.687239924445748
266.362400036305189 121.026859888806939
266.841099914163351 124.994009966030717
266.877800077199936 125.295868115499616
267.360199894756079 129.266670104116201
267.396399909630418 129.564480045810342
267.878799978643656 133.535286057740450
267.914999993517995 133.833092981949449
268.406999940052629 137.883205041289330
264.805000014603138 139.929212098941207
260.846599889919162 139.482586076483130
260.670900028198957 139.462794894352555
256.585000092163682 139.002620112150908
256.397899920120835 138.981552030891180
256.186000043526292 139.016272975131869
256.145899929106236 139.383224062621593
256.342100081965327 139.478423958644271
256.530299875885248 139.499567979946733
260.615200018510222 139.958648923784494
260.813899906352162 139.980980074033141
265.046899979934096 140.456686103716493
265.186400078237057 140.472365962341428
268.742500031366944 138.280893992632627
270.000000000000000 138.420874122530222
270.000000000000000 138.561508040875196
268.832800034433603 138.399268928915262
265.364100029692054 140.550750922411680
264.687899965792894 143.429986964911222
264.315299894660711 143.367286892607808
263.785799900069833 146.515670036897063
263.751400066539645 146.720180092379451
263.253600010648370 149.678599974140525
263.220399878919125 149.875830095261335
262.722799982875586 152.834260035306215
262.690800055861473 153.031690064817667
262.197699984535575 156.076020011678338
262.177700093016028 156.190450089052320
261.661100098863244 159.145570099353790
261.627899967133999 159.342789910733700
261.130300071090460 162.301229909062386
261.097099939361215 162.498460030183196
260.599500043317676 165.456889970228076
260.566299911588430 165.654120091348886
260.068700015544891 168.612539973109961
260.035499883815646 168.809770094230771
259.537799907848239 171.768200034275651
259.504600027576089 171.965410038828850
259.007300119847059 174.922260073944926
258.978900052607059 175.121800079941750
258.553699934855103 178.113150028511882
258.376800119876862 178.099749879911542
255.231100022792816 177.861240059137344
255.204499885439873 178.230259884148836
258.351399935781956 178.456599935889244
258.595700059086084 178.474169997498393
258.850200036540627 178.493170095607638
258.211999917402864 181.588150039315224
244.902800079435110 184.298969926312566
245.042500086128712 185.412989985197783
225.889610107988119 181.905730040743947
226.892359899356961 179.719679988920689
226.665790015831590 179.614030038937926
224.655490117147565 183.925150036811829
224.447050038725138 184.372139917686582
220.422440003603697 193.002910092473030
220.217900024726987 193.441550089046359
218.203700026497245 197.761019971221685
218.430279968306422 197.866679979488254
220.444479966536164 193.547210097312927
220.650340095162392 193.109170077368617
224.700600011274219 184.490470094606280
224.910420086234808 184.043999975547194
219.704339895397425 195.412489911541343
248.777499943971634 197.892309995368123
250.439599910750985 207.177059976384044
230.192629918456078 233.260800009593368
220.784839969128370 237.560800071805716
215.083809988573194 242.823800090700388
212.029010122641921 250.123699894174933
194.720469927415252 260.080299982801080
187.662059962749481 228.986779991537333
175.234660059213638 235.008900063112378
177.464700015261769 245.719500035047531
175.581670096144080 246.246099974960089
174.409859916195273 244.627299914136529
174.256860092282295 244.193399883806705
174.041950022801757 244.317499995231628
171.271450063213706 243.085099970921874
171.088780062273145 243.003899948671460
168.368079923093319 241.811399878934026
167.931050006300211 241.562999999150634
167.866229899227619 241.732700094580650
164.847269961610436 242.179800113663077
164.649449922144413 242.209099894389510
161.752990074455738 242.648200057446957
161.252180077135563 242.699800059199333
161.325749885290861 243.165899924933910
161.807740079239011 243.010799931362271
164.642100082710385 242.573600029572845
164.901250004768372 242.535600084811449
167.814190099015832 242.107799900695682
168.188280053436756 242.221600078046322
168.222179990261793 242.144200075417757
170.908249961212277 243.324700109660625
171.124150017276406 243.421300118789077
174.032000117003918 244.722899878397584
174.047849960625172 244.890399975702167
174.116829922422767 244.840299915522337
175.208269888535142 246.350499931722879
172.024700101464987 247.240700041875243
171.159760113805532 261.741900052875280
169.362879898399115 262.841999949887395
168.446079902350903 263.160900101065636
168.515579877421260 263.360700113698840
165.955059919506311 264.928299989551306
165.559089928865433 269.012200087308884
164.125729920342565 268.970600031316280
163.894110023975372 268.964700093492866
160.895109996199608 268.887300090864301
160.695179980248213 268.882300117984414
157.696110047399998 268.807400101795793
157.496150108054280 268.803300093859434
154.430979900062084 268.740199953317642
154.296759897843003 268.736200025305152
151.298090033233166 268.647800032049417
151.098160017281771 268.642800059169531
148.099080026149750 268.568099951371551
147.899129893630743 268.563299886882305
144.924203110858798 268.491699993610382
144.905959898605943 268.371699890121818
144.420804111286998 268.406800031661987
141.575322914868593 267.671799995005131
141.439923075959086 267.635899968445301
138.540070066228509 266.867599971592426
138.346588918939233 266.817000014707446
135.444290237501264 266.057900078594685
135.250713536515832 266.007600110024214
132.389449886977673 265.264299977570772
132.153785051777959 265.202299961820245
129.252715995535254 264.438500041142106
129.059230070561171 264.387900084257126
126.160407029092312 263.629700113087893
127.299773963168263 260.854799905791879
127.375733116641641 260.669799903407693
128.591183926910162 257.709599956870079
128.248936990275979 257.569100065156817
127.033493975177407 260.529300011694431
126.957531049847603 260.714300014078617
125.838406914845109 263.439900046214461
125.600277045741677 263.882699897512794
116.000010017305613 261.181300096213818
97.349079949781299 246.506899958476424
81.064830115064979 249.574900064617395
80.553499907255173 250.340700075030327
80.408640000969172 249.300399944186211
80.381059935316443 249.102300032973289
79.967279992997646 246.131000015884638
79.939699927344918 245.932999933138490
79.537769900634885 243.046800037845969
79.563489938154817 242.547200052067637
79.453679881989956 242.540799966081977
78.824020000174642 239.398899888619781
78.484230050817132 239.530799947679043
79.082250092178583 242.518999893218279
79.039440024644136 243.022000081837177
79.175069946795702 243.028699904680252
79.589639967307448 246.038399934768677
79.609320005401969 246.180899916216731
80.025379909202456 249.194800034165382
80.046869935467839 249.350799992680550
80.246560061350465 250.800300026312470
72.777240034192801 261.985899936407804
72.331629898399115 270.000000000000000
0.000000000000000 270.000000000000000
0.000000000000000 193.166559878736734
11.157500082626939 189.779059896245599
13.654699875041842 176.105030011385679
8.774699941277504 166.493109958246350
0.000000000000000 164.713420104235411
0.000000000000000 111.730979913845658
2.856900114566088 110.687320064753294
11.070000054314733 92.881750026717782
15.921999989077449 76.052010040730238
8.004400106146932 29.810799881815910
8.608299968764186 30.260699875652790
38.046200042590499 8.549000099301338
37.578010065481067 8.193500116467476
70.988300079479814 3.770800055935979
71.505089923739433 3.570899963378906
71.673699952661991 4.810700118541718
74.965620087459683 2.592099951580167
75.092599885538220 2.182799968868494
80.734090106561780 0.000000000000000
91.292530121281743 0.000000000000000

[OBSTACLE]
0.310300067067146 247.530800057575107
0.417799986898899 269.711500005796552
30.617400063201785 269.711600085720420

[OBSTACLE]
164.393619988113642 254.901400040835142
153.105240007862449 255.413700118660927
153.276549931615591 259.188299942761660
151.874519968405366 259.247799972072244
151.998759889975190 262.502400102093816
153.423600029200315 262.428400050848722
153.481540018692613 263.705100025981665
164.769919998943806 263.192799948155880
164.721079990267754 262.116499962285161
165.368999931961298 262.116499962285161
165.368999931961298 260.716500012204051
164.657540051266551 260.716500012204051
164.651720076799393 260.588399972766638
164.947319962084293 260.589700005948544
164.994809897616506 259.892900073900819
164.615400116890669 259.787999968975782
165.003089876845479 259.771400028839707
164.879319928586483 258.782399911433458
164.570359876379371 258.795699980109930

[OBSTACLE]
136.958940038457513 252.445999961346388
134.445989476516843 260.041100084781647
138.941425010561943 261.528499983251095
138.803864903748035 261.920600049197674
140.313669880852103 262.450200123712420
140.460676979273558 262.031100103631616
142.041059928014874 262.554000103846192
142.344674002379179 261.636399971321225
142.621787013486028 261.726899882778525
143.056466057896614 260.378799922764301
143.941858056932688 257.669800082221627
143.684864882379770 257.585800085216761
144.554009987041354 254.958899980410933

[OBSTACLE]
130.666522951796651 251.733500054106116
129.388409033417702 254.793999949470162
129.730655970051885 254.934500092640519
131.022059898823500 251.789299892261624

[OBSTACLE]
115.818910114467144 241.411700025200844
113.007309995591640 246.081600012257695
113.521540006622672 247.590900063514709
118.434679973870516 250.081100044772029
119.169650087133050 249.928099969401956
121.271279957145452 245.367999980226159
121.538270059973001 243.905500117689371
117.641150029376149 241.655500000342727

[OBSTACLE]
169.075719919055700 246.831700047478080
166.485660038888454 247.525800084695220
166.925659915432334 249.167899908497930
169.514340050518513 248.474199939519167

[OBSTACLE]
93.562549995258451 241.590599929913878
91.879459898918867 245.272200107574463
92.737719928845763 247.023000055924058
95.162750026211143 243.880099933594465
95.122039876878262 241.822499949485064

[OBSTACLE]
135.539946779608727 239.554099962115288
135.447975592687726 240.036099962890148
134.326143013313413 242.768299989402294
134.250183105468750 242.953299991786480
133.034740090370178 245.913499938324094
133.376984009519219 246.054000081494451
134.592426270246506 243.093799883499742
134.668386429548264 242.908799881115556
135.814225869253278 240.118100121617317
138.874527113512158 241.141299912706017
138.915121089667082 240.781699921935797
136.032274123281240 239.802400013431907

[OBSTACLE]
145.249219955876470 242.718199929222465
144.756560940295458 242.735799914225936
144.789795018732548 243.255700031295419
145.287990113720298 243.182899933308363
148.240619944408536 243.158299885690212
148.440459938719869 243.156600035727024
151.439830111339688 243.304299898445606
151.639429964125156 243.314099935814738
154.560209987685084 243.371099978685379
154.837619969621301 243.376500019803643
155.057039922103286 243.369399877265096
155.071910088881850 242.996399989351630
154.567300071939826 243.003899948671460
151.652350081130862 242.944399919360876
151.446760017424822 242.940500071272254
148.426640108227730 242.882799971848726
148.248549895361066 242.879200112074614
145.257679978385568 242.819499922916293

[OBSTACLE]
130.248750122264028 236.119200065732002
129.938965039327741 236.510999891906977
130.097499936819077 236.649000048637390
133.727939911186695 239.472400043159723
134.034892832860351 239.077799990773201
130.550651019439101 236.368000013753772

[OBSTACLE]
192.808559909462929 226.367569947615266
188.462350079789758 228.301339885219932
188.011920014396310 228.501749932765961
179.311279971152544 232.372960075736046
178.869070038199425 232.569709913805127
174.514630017802119 234.507140060886741
174.616259923204780 234.735550107434392
178.970699943602085 232.798119960352778
179.413940096274018 232.603740105405450
187.662059962749481 228.986779991537333
188.124769935384393 228.752300022169948
188.563979985192418 228.529749931767583
192.910190066322684 226.595979994162917

[OBSTACLE]
161.678350064903498 220.649059927091002
159.188029887154698 230.233179889619350
159.015029920265079 228.594870027154684
156.109420051798224 231.408119956031442
152.320000100880861 230.227340050041676
150.397940017282963 231.077769957482815
150.751820113509893 232.614189907908440
154.790440080687404 232.844220092520118
155.217589996755123 232.379139885306358
159.446169957518578 232.677770080044866
159.309309907257557 231.381679996848106
159.792399974539876 232.665390092879534
163.797650076448917 230.627160100266337
164.962289957329631 225.614109942689538
163.960940027609468 220.653539886698127

[OBSTACLE]
191.528050107881427 223.489579875022173
187.181840026751161 225.423360122367740
186.731409961357713 225.623769918456674
178.030760111287236 229.494970003142953
177.588559985160828 229.691729899495840
173.234119964763522 231.629160046577454
173.335750121623278 231.857570093125105
177.690189890563488 229.920139946043491
178.132390016689897 229.723390107974410
186.833040118217468 225.852169906720519
187.283469932153821 225.651760110631585
191.629680013284087 223.717989921569824

[OBSTACLE]
144.914530059322715 132.381251882761717
142.604117123410106 133.435244103893638
140.957459891214967 135.113763213157654
134.150168308988214 141.596082961186767
133.977752979844809 141.415049945935607
131.979339960962534 143.594233961775899
130.861953897401690 145.901060113683343
131.232596877962351 146.652809958904982
131.825694898143411 146.325670061632991
159.246780071407557 171.466800039634109
170.145830037072301 189.718120023608208
175.235260035842657 230.522979917004704
187.987579973414540 223.877109959721565
184.236749885603786 214.210300091654062
180.359439896419644 190.392930032685399
186.310669938102365 185.505569949746132
215.940939970314503 194.789180075749755
221.789110070094466 182.588610062375665
221.581229986622930 183.035800103098154
217.567049888893962 191.671419879421592
217.363039981573820 192.110310075804591
215.348839983344078 196.429779957979918
215.575410118326545 196.535429907962680
217.589610116556287 192.215970084071159
217.794159902259707 191.777309970930219
221.818740013986826 183.146550105884671
222.027099877595901 182.699729958549142
224.037500107660890 178.388429917395115
223.810919914394617 178.282779967412353
222.338389931246638 181.442680098116398
200.973389893770218 178.455640124157071
189.526260020211339 174.403710030019283
180.191730083897710 168.319719946011901
159.022629959508777 149.459280101582408
145.685149999335408 133.030517874285579
145.403900016099215 133.145404094830155
145.612779892981052 132.751985890790820

[OBSTACLE]
129.118274962529540 148.522850107401609
129.010749896988273 149.011140055954456
133.465698072686791 150.039879949763417
136.338501088321209 152.644910076633096
136.560500990599394 152.845660094171762
139.527438981458545 155.528649967163801
139.742388026788831 155.723059996962547
142.776061976328492 158.466870049014688
142.924061072990298 158.600710099563003
145.957880113273859 161.344389896839857
146.106190010905266 161.477860054001212
149.060710044577718 164.136689929291606
149.285899931564927 164.357560034841299
152.130359960719943 167.147379945963621
152.344509875401855 167.357409987598658
155.271400054916739 170.228070085868239
155.413579931482673 170.368680115789175
158.467419985681772 173.388949893414974
160.549710039049387 176.741419890895486
160.704130092635751 176.989430012181401
162.792209945619106 180.343110021203756
162.978249974548817 180.638149911537766
165.070919925346971 183.956879898905754
165.243340032175183 184.292910061776638
167.061160085722804 187.835749927908182
167.196500077843666 188.103090059012175
169.130469923838973 191.923519950360060
169.564059907570481 195.908540077507496
169.585689995437860 196.107359910383821
170.018359897658229 200.083850109949708
170.050819991156459 200.382090043276548
170.482870051637292 204.352420046925545
170.515819983556867 204.656810117885470
170.961930016055703 208.777490090578794
170.985020063817501 208.930950080975890
171.570350071415305 212.820210065692663
171.624549888074398 213.194199940189719
172.197939958423376 217.150320103392005
172.241790052503347 217.446909975260496
172.839030073955655 221.486250115558505
172.892060112208128 221.875669900327921
173.390830038115382 225.955700073391199
173.415099922567606 226.154210111126304
173.949169898405671 230.521580055356026
174.445470012724400 230.460889879614115
173.909900095313787 226.083050016313791
173.886909876018763 225.895019955933094
173.388150008395314 221.815019957721233
173.364700125530362 221.623180070891976
173.335000025108457 221.422279933467507
172.736409930512309 217.373779965564609
172.692560087889433 217.077190093696117
172.107870038598776 213.122709933668375
172.064019944518805 212.826130120083690
171.480149896815419 208.877150081098080
171.450100019574165 208.673930000513792
171.012580012902617 204.602780034765601
170.980530045926571 204.304500119760633
170.547880008816719 200.328000113368034
170.515429973602295 200.029769986867905
170.082760071381927 196.053280038759112
170.061119925230742 195.854449896141887
169.608100103214383 191.690780064091086
169.585209963843226 191.480320030823350
167.647289978340268 187.870609927922487
167.505570016801357 187.606630017980933
165.662589920684695 184.031930034980178
165.537410052493215 183.789120046421885
163.398000011220574 180.377500047907233
163.238649889826775 180.123390080407262
161.128490092232823 176.725870035588741
160.970230037346482 176.471060011535883
158.829620042815804 173.024469874799252
158.701840108260512 172.818719884380698
155.765979951247573 170.009349938482046
155.621510054916143 169.871100084856153
152.694619875401258 167.000450044870377
152.480469960719347 166.790409944951534
149.621559949591756 163.986410116776824
149.410820044577122 163.779719928279519
146.441539982333779 161.107029989361763
146.293260008096695 160.973560083657503
143.259440967813134 158.229880034923553
143.111442876979709 158.096029926091433
140.077653005719185 155.352349877357483
139.855666933581233 155.151590052992105
136.895862026140094 152.474830029532313
136.673877965658903 152.274069953709841
133.613894060254097 149.506719997152686
133.492087991908193 149.396559912711382

[OBSTACLE]
63.587500099092722 198.657579934224486
62.973690060898662 198.812339957803488
63.054760079830885 199.321119887754321
64.423809936270118 199.863269934430718
65.784140015020967 201.064830003306270
65.934039875864983 201.197229959070683
67.283120015636086 202.388849928975105
67.433019876480103 202.521259943023324
68.875019950792193 203.756360113620758
68.763919919729233 203.841000068932772
69.377249926328659 215.454380046576262
72.266789926216006 222.600430101156235
74.076560083776712 222.201180104166269
74.541829889640212 223.838770044967532
74.596449891105294 224.031030116602778
75.415789894759655 226.914860028773546
75.470419954508543 227.107110042124987
76.344400076195598 230.183200025931001
76.700290068984032 230.082089882344007
75.826309947296977 227.005999898537993
75.771689945831895 226.813749885186553
74.952339883893728 223.929919973015785
74.897719882428646 223.737659901380539
74.438480017706752 222.121329903602600
76.447690101340413 221.678079944103956
78.594720046967268 211.936070071533322
75.645759981125593 201.715710097923875
78.432640107348561 201.526409927755594
78.731490075588226 201.506110047921538
82.632740037515759 201.238559950143099
86.784570012241602 202.320589888840914
87.074859878048301 202.396240001544356
91.132559906691313 203.480110103264451
91.312079904600978 203.016599994152784
87.203900115564466 201.913180109113455
86.915350081399083 201.831210125237703
82.980589941143990 200.713530108332634
82.759930053725839 200.728660030290484
78.697280092164874 201.007280023768544
78.398449989035726 201.027770005166531
74.297909969463944 201.309000123292208
72.345949877053499 201.111430032178760
69.336259905248880 203.404870117083192
67.830230053514242 202.071560109034181
67.680329941213131 201.939159901812673
66.331250052899122 200.747539931908250
66.181349940598011 200.615139976143837
64.847250105813146 199.436740111559629
64.682369939982891 199.291109992191195
64.307619910687208 198.960090111941099

[OBSTACLE]
98.597399974241853 206.991999875754118
98.424160117283463 207.317959936335683
98.604760123416781 207.413940103724599
98.772920044139028 207.503299908712506
102.309689987450838 209.459079885855317
105.371250025928020 212.471149899065495
105.585089894011617 212.681529968976974
108.425369951874018 215.497920094057918
108.638399876654148 215.709150088950992
111.478689992800355 218.525539962574840
111.620699884369969 218.666340094059706
114.588880073279142 221.609540032222867
114.745020093396306 221.764369960874319
117.430520011112094 224.835250005125999
117.562139946967363 224.985759900882840
120.402799956500530 228.212400013580918
120.808269996196032 227.924539977684617
117.968289926648140 224.699109876528382
117.801809990778565 224.508349997922778
115.097079891711473 221.409329893067479
114.964809939265251 221.278510093688965
114.807780012488365 221.123199881985784
112.006059894338250 218.352130120620131
111.826960081234574 218.174299914389849
109.014690080657601 215.381999881938100
108.775500068441033 215.144820017740130
105.961479926481843 212.354480093345046
105.725789945572615 212.113650077953935
102.874439992010593 209.200120065361261
102.667719880118966 209.093669978901744
98.946150094270706 207.177349906414747
98.777999980375171 207.087980043143034

[OBSTACLE]
128.251671083271503 217.338040117174387
127.897709012031555 217.691189981997013
130.934747960418463 220.735240057110786
131.146652111783624 220.947630023583770
133.971821106970310 223.779299939051270
134.183700615540147 223.991670040413737
137.150126891210675 226.964950030669570
141.672386107966304 226.909539951011539
144.994054874405265 224.197529917582870
145.226429896429181 224.007810065522790
148.346309876069427 221.504549905657768
148.502300027757883 221.379380095750093
151.856160080060363 218.688359940424562
151.543259946629405 218.298379909247160
148.189390087500215 220.989400064572692
148.033569920808077 221.114789899438620
144.959081970155239 223.588760085403919
144.679568046703935 223.805630011484027
141.326268995180726 226.407469902187586
137.267969995737076 226.379790008068085
134.537658663466573 223.638519924134016
134.325780915096402 223.426159881055355
131.500609908252954 220.594479907304049
131.288708020001650 220.382099999114871

[OBSTACLE]
215.255029890686274 216.559489974752069
211.224519917741418 220.165729969739914
211.153809931129217 221.084970105439425
215.467160101979971 225.398320024833083
215.962140066549182 225.469030011445284
220.770459892228246 220.660709934309125
220.625560004264116 220.188499912619591
217.305630063638091 216.913039907813072

[OBSTACLE]
187.924199961125851 219.404889950528741
187.432349883019924 219.494799943640828
188.186599966138601 223.621389912441373
188.259320100769401 224.019210124388337
188.754550013691187 223.955740090459585
188.677179934456944 223.531720060855150

[OBSTACLE]
136.224603094160557 212.086929995566607
130.186925120651722 217.335400069132447
135.435396702960134 223.373080054298043
140.810250118374825 218.700789967551827
141.473073922097683 218.124599922448397
139.266565069556236 215.586299970746040
139.663491100072861 215.187909957021475
139.167280001565814 214.694179985672235
138.806359106674790 215.056900056079030
138.722496908158064 214.960430050268769
139.080492099747062 214.617289938032627
138.334754090756178 213.956549959257245
138.068012930452824 214.207530040293932

[OBSTACLE]
139.476211890578270 220.925089912489057
138.966659987345338 221.233779899775982
139.309503883123398 222.373259989544749
140.129139097407460 222.001510094851255

[OBSTACLE]
140.810250118374825 218.700789967551827
139.052253970876336 220.478469925001264
139.476211890578270 220.925089912489057
140.830367943271995 222.231959961354733
142.587747015058994 220.461530014872551

[OBSTACLE]
146.822579959407449 218.268059967085719
145.440720124170184 218.492669994011521
145.697420099750161 220.071939993649721
147.079279934987426 219.847329966723919

[OBSTACLE]
149.949900051578879 206.153360037133098
145.634879954159260 208.018779912963510
144.490411961451173 209.737210040912032
146.217319965362549 214.862429928034544
147.034369949251413 215.289540113881230
152.698110099881887 213.024119893088937
152.958080023527145 212.597020016983151
150.432699937373400 206.283360086381435

[OBSTACLE]
86.516159931197762 207.991829998791218
83.666160050779581 212.928179958835244
86.610639905557036 214.628169983625412
89.460640037432313 209.691830081865191

[OBSTACLE]
114.697340056300163 187.282160092145205
112.010079938918352 189.039350068196654
111.874200068414211 189.125560121610761
109.397240057587624 190.696999998763204
109.209010088816285 190.816419990733266
106.292370054870844 190.037149926647544
105.874270079657435 189.791709948331118
103.814890030771494 187.548170015215874
103.577300040051341 187.828950025141239
105.760469902306795 190.135089950636029
105.700520016252995 190.315989945083857
102.770390063524246 189.435540083795786
101.849989956244826 192.891279989853501
105.472319936379790 197.751859892159700
108.339710086584091 196.775930011644959
108.733719969168305 198.644769955426455
111.823009941726923 201.586079942062497
112.040269877761602 201.792940115556121
114.912249874323606 204.577110037207603
115.055860038846731 204.716330012306571
117.999649895355105 207.570110047236085
118.215050054714084 207.778920019045472
121.302440017461777 210.771920029073954
121.650459906086326 210.412920014932752
118.563069943338633 207.419909946620464
118.347670035436749 207.211110033094883
115.396969886496663 204.350880123674870
115.260070106014609 204.218330048024654
112.412829967215657 201.461519915610552
112.174140103161335 201.223870078101754
109.154629977419972 198.217549882829189
108.816480031237006 196.613670028746128
108.931640088558197 196.574469879269600
109.016519933938980 191.297199921682477
106.197060020640492 190.394530054181814
109.075359888374805 191.162450099363923
109.172359965741634 191.346419882029295
109.390409979969263 191.224939953535795
109.613040033727884 191.076590074226260
112.076399987563491 189.435119898989797
112.242829883471131 189.324220027774572
114.922139933332801 187.574620032683015

[OBSTACLE]
122.000929992645979 192.932209912687540
120.711279977113008 195.375999966636300
120.259890099987388 195.196630088612437
119.890639940276742 196.125969998538494
120.241860123351216 196.265510078519583
116.726950099691749 202.925970079377294
124.067499954253435 206.799769978970289
125.476598124951124 204.129649931564927
125.572643922641873 204.176450120285153
126.411161050200462 202.358720088377595
129.341474063694477 196.806020122021437
127.978406120091677 196.086689885705709
128.071272997185588 195.875480007380247
127.430480103939772 195.593729875981808
127.357745887711644 195.759149920195341

[OBSTACLE]
196.980000017210841 203.230000063776970
195.984279960393906 203.295320067554712
195.979999909177423 204.229999920353293
196.980000017210841 204.229999920353293

[OBSTACLE]
149.093169886618853 177.436440009623766
148.816419979557395 177.680699899792671
148.913189973682165 177.899649878963828
151.780929900705814 181.150150001049042
154.027140056714416 184.816060010343790
154.183880053460598 185.071870079264045
154.293969981372356 185.251860050484538
152.132549900561571 186.691090073436499
152.608519960194826 192.793570049107075
157.259200075641274 196.017919890582561
159.404709963127971 196.271710004657507
159.469679938629270 196.564200120046735
160.376100037246943 200.762230055406690
160.869819950312376 200.727490000426769
159.963189885020256 196.532149901613593
159.927840046584606 196.351450067013502
159.891650089994073 196.166479988023639
159.109649956226349 192.169380113482475
158.987010056152940 191.968850120902061
157.749339994043112 189.944999953731894
157.146869916468859 188.166579958051443
155.056529967114329 184.744089972227812
154.709550105035305 184.975140066817403
154.621629891917109 184.831399898976088
154.454929931089282 184.554429966956377
152.316420106217265 181.001350013539195
152.213099906221032 180.884279888123274
152.047940120100975 180.697169909253716
149.397649979218841 177.694469941779971
149.272439936175942 177.552619976922870

[OBSTACLE]
210.235170023515821 194.097559908404946
210.123069947585464 194.584829946979880
214.211259903386235 195.525309909135103
214.604139989241958 195.615680068731308
214.712220020592213 195.127539988607168
214.323349921032786 195.038070045411587

[OBSTACLE]
129.127439064905047 190.148289939388633
127.618019068613648 191.460409909486771
129.192560920491815 193.271709932014346
130.701980916783214 191.959589961916208

[OBSTACLE]
87.592499898746610 186.229179985821247
86.076170112937689 187.757179895415902
90.291500044986606 191.258140085265040
90.702220005914569 189.980799900367856
89.394319988787174 187.068940065801144

[OBSTACLE]
148.657779973000288 189.744910011067986
148.026059903204441 189.868639977648854
148.166780071333051 190.595570001751184
148.746920004487038 190.493729878216982
148.772759987041354 190.830150051042438
149.491789983585477 190.647709881886840
149.474059995263815 190.257200030609965
148.920280057936907 190.437340121716261

[OBSTACLE]
149.397840080782771 189.539680033922195
148.757060011848807 189.725460056215525
148.920280057936907 190.437340121716261
149.572360105812550 190.197039926424623

[OBSTACLE]
150.604329966008663 188.909050030633807
150.561330048367381 189.591710027307272
150.959540018811822 189.632819993421435
151.003539981320500 188.934200014919043

[OBSTACLE]
12.788100019097328 187.103490019217134
12.693899916484952 188.299040012061596
22.076199911534786 188.908869987353683
22.128499969840050 187.710010064765811

[OBSTACLE]
47.770240036770701 177.976849973201752
40.829769987612963 184.337170030921698
41.057280069217086 185.559650072827935
31.957199927419424 187.292479891330004
32.206699931994081 188.466259986162186
41.276790043339133 186.739140003919601
41.415620008483529 187.485119914636016
48.767170105129480 188.754780096933246
56.432679975405335 182.931040059775114
56.458240086212754 180.029240017756820
55.159549936652184 178.792219972237945

[OBSTACLE]
146.578089985996485 187.594720004126430
146.556700039654970 188.594469912350178
147.556470064446330 188.615869916975498
147.577860010787845 187.616099892184138

[OBSTACLE]
147.821129914373159 185.356830060482025
147.779080001637340 188.036499945446849
149.478870118036866 188.063169987872243
149.520920030772686 185.383500102907419

[OBSTACLE]
147.528850017115474 186.893440112471581
146.532469885423779 186.978439902886748
146.578089985996485 187.594720004126430
147.573049888014793 187.411550106480718

[OBSTACLE]
125.520508065819740 180.031329877674580
122.881989888846874 181.841909978538752
122.717080051079392 181.955069946125150
120.287890098989010 183.621969977393746
120.249010054394603 183.562029898166656
119.829989997670054 183.834850033745170
119.872599905356765 183.900099880993366
117.231720043346286 185.624599931761622
117.433930020779371 185.934430025517941
120.074880039319396 184.209869876503944
120.280770091339946 184.075420042499900
120.489249899983406 183.932379931211472
122.926399977877736 182.260120091959834
123.091320125386119 182.146969931200147
125.729836039245129 180.336380023509264

[OBSTACLE]
106.887949956580997 178.591129984706640
104.549399977549911 181.058220053091645
108.684049900621176 184.968469915911555
111.022599879652262 182.501380098983645

[OBSTACLE]
102.403410058468580 173.528439933434129
102.160860076546669 173.965659951791167
102.228999920189381 174.003459988161922
100.797050083056092 176.584630105644464
100.700920047238469 176.760000055655837
99.253909941762686 179.399889931082726
99.058849895372987 179.384510060772300
99.123489959165454 179.887289972975850
99.083520099520683 182.784209987148643
98.961890051141381 183.265870017930865
99.495779983699322 183.295459980145097
99.453380042687058 182.794859949499369
99.493430117145181 179.892400084063411
99.614620115607977 179.428329980000854
101.022160006687045 176.938209962099791
101.120570003986359 176.764110121876001
102.552510034292936 174.182950062677264
102.839269945397973 173.769819885492325

[OBSTACLE]
227.533739944919944 180.258319946005940
227.399930069223046 180.737870000302792
227.747360039502382 180.801399881020188
231.576220029965043 181.501530110836029
231.871349941939116 181.555190049111843
235.806500092148781 182.270680032670498
236.101699909195304 182.324350029230118
240.332000087946653 183.093480085954070
240.483900038525462 182.621700055897236
236.191000118851662 181.832940001040697
235.895999958738685 181.778739932924509
231.960800020024180 181.063249949365854
231.665660049766302 181.009590011090040
227.836160100996494 180.313300034031272

[OBSTACLE]
147.670330088585615 130.007636966183782
147.198630021885037 130.171495964750648
148.420189982280135 134.276973344385624
148.473880095407367 134.457423230633140
148.521710000932217 134.582583988085389
151.172930030152202 137.914052037522197
151.359729962423444 138.148784972727299
153.852960001677275 141.276626083999872
154.039960093796253 141.511222980916500
156.533189881592989 144.639072893187404
156.720179915428162 144.873656965792179
159.238379895687103 148.032849999144673
159.338070061057806 148.157909922301769
162.410479970276356 150.934759927913547
162.633040118962526 151.135910013690591
165.588110089302063 153.831669883802533
165.809740098193288 154.033859996125102
168.764800010249019 156.729629924520850
168.912549912929535 156.864419979974627
171.941510047763586 159.627589965239167
172.089259950444102 159.762369962409139
175.136219887062907 162.542000077664852
175.339829977601767 162.727740118280053
178.569809943437576 165.129649993032217
178.810520013794303 165.308649977669120
182.007619952782989 167.712179990485311
182.247409941628575 167.892450084909797
185.444509880617261 170.295980097725987
185.604359898716211 170.416149934753776
188.938409909605980 172.922630002722144
189.121190048754215 173.060039989650249
192.947149984538555 174.473279910162091
193.228489989414811 174.577200086787343
196.997220050543547 176.027470082044601
197.240789942443371 176.121199959889054
201.176450047641993 177.005280107259750
201.468620058149099 177.070909906178713
205.364119950681925 177.976679988205433
205.649670101702213 178.043080000206828
209.576879991218448 178.818229939788580
209.772890042513609 178.856919882819057
213.839470027014613 179.667580090463161
213.986019976437092 179.696790101006627
218.132879901677370 179.677970046177506
218.432479966431856 179.676609914749861
222.726649995893240 179.681369997560978
222.727199932560325 179.181369943544269
218.433029903098941 179.176600053906441
218.133439896628261 179.175400100648403
213.841900108382106 179.158220048993826
209.870639964938164 178.366559939458966
209.674620106816292 178.327880054712296
205.762910032644868 177.556080026552081
205.461879931390285 177.486259946599603
201.548029957339168 176.578460102900863
201.289209946990013 176.520390110090375
197.369539998471737 175.640940042212605
197.110180109739304 175.541190030053258
193.458139970898628 174.136679945513606
193.126529920846224 174.006949961185455
189.128000009804964 172.442670073360205
185.882519977167249 170.001529874280095
185.744140120223165 169.897420099005103
182.547869989648461 167.492800019681454
182.308069942519069 167.312520118430257
179.110980061814189 164.908990105614066
178.870160104706883 164.730129931122065
175.676800087094307 162.358349896967411
175.438189934939146 162.140680085867643
172.426230059936643 159.392990050837398
172.278479905799031 159.258210053667426
169.249530080705881 156.495030010119081
169.101779926568270 156.360250012949109
166.146720014512539 153.664470026269555
165.925090005621314 153.462279913946986
162.970020035281777 150.766530102118850
162.748859999701381 150.563819976523519
159.580240091308951 147.659569988027215
157.111159991472960 144.562004059553146
156.924169957637787 144.327420992776752
154.430949976667762 141.199570074677467
154.243949884548783 140.964971920475364
151.750720096752048 137.837128043174744
151.563730062916875 137.602544976398349
148.883509989827871 134.240096909925342

[OBSTACLE]
75.857350062578917 157.296810010448098
66.446369877085090 164.225949905812740
65.386720122769475 171.781469928100705
69.692490119487047 176.768330074846745
74.570860108360648 178.273329958319664
83.043860066682100 175.244699986651540
86.492970054969192 170.700939930975437
81.024249969050288 157.475329963490367

[OBSTACLE]
242.223599916324019 176.873420029878616
242.184200109913945 177.342450125142932
242.692099940031767 177.330280104652047
245.629399940371513 177.541550081223249
245.828899964690208 177.555899983271956
249.020600114017725 177.785459943115711
249.047099919989705 177.416440118104219
245.855400022119284 177.186870099976659
245.656000077724457 177.172530004754663
242.718700077384710 176.961260028183460

[OBSTACLE]
230.912410011515021 166.843420118093491
230.422109914943576 166.856190115213394
230.499150082468987 167.356329979375005
230.493899909779429 170.335049992427230
230.495709897950292 170.534940026700497
230.522660063579679 173.507679887115955
230.316180093213916 173.621430024504662
230.577739980071783 174.047560030594468
230.645199883729219 173.975510029122233
232.430650116875768 176.436179894953966
232.414250085130334 176.673339894041419
232.917440123856068 176.627219896763563
235.854799970984459 176.838490124791861
236.054299995303154 176.852840026840568
239.245999893173575 177.082410044968128
239.272499950602651 176.713389968499541
236.080800052732229 176.483819950371981
235.881300028413534 176.469470048323274
232.856250051409006 176.251900065690279
230.904629928991199 173.698400035500526
230.866290014237165 170.535579985007644
230.863859932869673 170.335700009018183
230.869119912385941 167.356990054249763

[OBSTACLE]
133.019965980201960 173.891449933871627
130.967058939859271 176.210929909721017
130.547404959797859 176.487290058284998
130.797513993456960 176.851869905367494
131.237184964120388 176.695840023458004
131.157901044934988 176.553520085290074
133.297005062922835 174.136650022119284

[OBSTACLE]
17.410000115633011 165.363060012459755
10.363100096583366 169.150030016899109
14.149999944493175 176.196940094232559
21.196899963542819 172.409970089793205

[OBSTACLE]
251.748300064355135 160.786350024864078
250.286300098523498 163.678759904578328
248.643900034949183 162.747310018166900
245.960299875587225 167.451740093529224
245.850800117477775 167.249300032854080
245.235099876299500 167.582210116088390
245.558200115337968 168.156589921563864
245.213399883359671 167.935569947585464
244.623299986124039 168.828020095825195
244.118700027465820 169.718200089409947
244.905000077560544 170.142350122332573
245.791600076481700 170.603370051831007
245.912700053304434 170.390739943832159
251.656100051477551 173.652689913287759
255.602700049057603 166.693949997425079
253.177000069990754 165.318219931796193
255.301499962806702 166.392149934545159
255.956000033766031 165.097260056063533
256.435200059786439 165.328269917517900
256.798000093549490 164.733040044084191
256.271099913865328 164.474050048738718
256.337799914181232 164.342049909755588
256.801100056618452 164.619240118190646
257.154299961403012 164.017720045521855
256.652699885889888 163.718960098922253
256.835299981757998 163.357790010049939

[OBSTACLE]
237.484000045806170 169.853869993239641
234.993869969621301 170.076020015403628
235.215999875217676 172.566129975020885
237.706100028008223 172.343979952856898

[OBSTACLE]
133.760980116203427 162.977580092847347
132.042272882536054 168.333389908075333
139.662237083539367 172.195429913699627
140.567186912521720 171.001269975677133
138.462254907935858 166.508960053324699

[OBSTACLE]
220.757460063323379 163.965480085462332
213.333150101825595 164.347449950873852
206.725169951096177 167.437769891694188
206.698979940265417 169.331410042941570
215.263980003073812 170.311709996312857
220.796749982982874 169.030570043250918

[OBSTACLE]
119.270699881017208 158.432249939069152
119.233569977805018 158.617639951407909
116.453829975798726 159.653670089319348
115.989190069958568 159.736829968169332
116.045429958030581 159.891940020024776
113.726650038734078 162.200849996879697
114.027760103344917 162.403489965945482
116.190330097451806 160.291590085253119
116.615229975432158 160.068729948252439
116.584140071645379 159.988770112395287
119.548620069399476 158.901779931038618
119.656149912625551 158.930609989911318
122.643000036478043 159.731460101902485
120.433020070195198 166.714120125398040
131.206321120262146 170.123819997534156
133.710788022726774 162.210690015926957
122.937489990144968 158.800989892333746
122.754530059173703 159.379069888964295
119.752369970083237 158.573419963940978

[OBSTACLE]
111.594190020114183 164.324640026316047
109.334500003606081 166.574299922212958
109.192809965461493 166.715370118618011
107.119979979470372 168.779379995539784
106.925900112837553 168.972640112042427
106.771149896085262 169.135410049930215
107.081709969788790 169.449550118297338
107.436009999364614 169.096750030294061
107.381039969623089 169.041540110483766
109.453859897330403 166.977540040388703
109.595539877191186 166.836460037156940
111.862460039556026 164.579190043732524

[OBSTACLE]
236.784600047394633 168.121689939871430
235.763600002974272 168.823929894715548
236.006699921563268 169.370399974286556
237.220000019297004 168.886090088635683

[OBSTACLE]
220.508929928764701 156.491710022091866
220.505810100585222 159.716480048373342
220.505720078945160 159.916429929435253
220.504460027441382 162.886890079826117
220.396839911118150 163.374609975144267
220.926330098882318 163.387069925665855
220.874439915642142 162.887050006538630
220.875689908862114 159.916580049321055
220.875779930502176 159.716629916802049
220.877140061929822 156.517340037971735

[OBSTACLE]
38.007710007950664 155.551050016656518
36.117090107873082 161.082779970020056
37.091480065137148 161.602959958836436
39.315540120005608 155.801860112696886

[OBSTACLE]
231.334119904786348 143.861508965492249
231.354319956153631 144.375098012387753
231.235650060698390 147.302180053666234
231.228410108014941 147.502009989693761
231.119829928502440 150.499470094218850
231.112589975818992 150.699300030246377
231.004039971157908 153.696750076487660
230.996800018474460 153.896590070798993
230.888250013813376 156.893550027161837
230.881000002846122 157.093880111351609
230.773530006408691 160.060900077223778
230.765180122107267 160.291179958730936
230.751049993559718 160.561589878052473
231.122090024873614 160.574019905179739
231.129879914224148 160.341280018910766
231.139849936589599 160.074119931086898
231.250500110909343 157.107259891927242
231.257960088551044 156.907440014183521
231.366519900038838 153.909979909658432
231.373760104179382 153.710139915347099
231.482319915667176 150.712690120562911
231.489560119807720 150.512859933078289
231.598140047863126 147.515400080010295
231.605380000546575 147.315569892525673
231.711430018767715 144.387639937922359
231.781590068712831 143.889862010255456

[OBSTACLE]
39.315540120005608 155.801860112696886
38.092379886657000 159.816230060532689
42.435039896517992 159.365470083430409
43.467660024762154 157.039300091564655

[OBSTACLE]
200.566499875858426 149.415090037509799
196.414530090987682 153.884009923785925
196.362049989402294 154.381239926442504
201.343789966776967 159.009670112282038
201.839799899607897 158.966629961505532
204.961629929021001 155.409489981830120
205.239609964191914 153.347280034795403
201.487719984725118 149.451980050653219

[OBSTACLE]
181.139070047065616 148.886699974536896
177.369400039315224 149.445749949663877
176.712510120123625 152.115219980478287
183.012360027059913 158.221860062330961
186.323840003460646 157.938460120931268
184.526310022920370 152.490139994770288

[OBSTACLE]
38.137760097160935 154.096499970182776
38.002490010112524 155.288620088249445
44.496959913522005 157.131349984556437
44.476970080286264 157.307589976117015
50.659029940143228 156.750330124050379
50.256409915164113 155.597889935597777
44.616739992052317 156.075730081647635

[OBSTACLE]
249.652600055560470 143.883978920057416
249.069900037720799 147.040610108524561
248.706900095567107 149.007369959726930
248.013599943369627 152.763200020417571
247.018600059673190 152.672340022400022
246.867699902504683 154.365629972890019
247.704100012779236 154.440169902518392
247.601399905979633 154.996259976178408
250.604900009930134 155.550660006701946
250.541499881073833 155.857930015772581
251.239600097760558 156.062509976327419
251.944799954071641 156.135899992659688
252.077599978074431 155.822489904239774
252.035500025376678 156.295760069042444
253.015399910509586 156.450170064345002
253.060600077733397 156.003940086811781
254.138599913567305 156.202920097857714
254.022599989548326 156.878129923716187
255.008100075647235 157.047429950907826
255.122000081464648 156.384439934045076
255.763500072062016 156.502850074321032
256.505799908190966 152.481459947302938
257.111600032076240 149.695260012522340
257.023300118744373 149.678090019151568
257.814699970185757 145.390570024028420

[OBSTACLE]
95.184250110760331 146.526039876043797
90.204469989985228 148.742859978228807
89.761270070448518 150.274550020694733
92.361639942973852 155.130280070006847
93.055530013516545 155.416620047762990
97.386710001155734 152.892300104722381
98.443360123783350 151.846589874476194
96.538159986957908 147.769799977540970

[OBSTACLE]
74.296410027891397 146.487489994615316
71.090070046484470 148.701099995523691
62.501289937645197 152.526409914717078
63.012730032205582 153.611970059573650
71.601490024477243 149.786659888923168
71.513450117781758 149.599790051579475
75.075039882212877 147.370140105485916

[OBSTACLE]
12.918400056660175 143.592673921957612
7.102799937129021 145.433550076559186
6.812000116333365 145.840270109474659
8.864099979400635 152.323230067268014
9.335999954491854 152.488529914990067
13.786700014024973 150.974820060655475
15.045300107449293 149.317739931866527
13.701599892228842 144.078968055546284

[OBSTACLE]
184.722280092537403 146.888990029692650
181.746939914301038 148.497709929943085
181.922900034114718 148.823160035535693
184.895840054377913 147.215720051899552

[OBSTACLE]
106.448110006749630 134.867726778611541
105.603410052135587 135.325930640101433
108.228780040517449 141.304592890664935
107.104489970952272 146.410209937021136
108.467710046097636 148.742039976641536
110.495970016345382 147.756149880588055
110.472479900345206 140.063773076981306

[OBSTACLE]
34.207600113004446 132.508511049672961
30.031399922445416 137.619290007278323
30.805800016969442 138.252035016193986
34.252999937161803 134.033315945416689
31.271500065922737 138.032644987106323
37.129499875009060 144.708928931504488
40.811710087582469 145.547159900888801
45.913019925355911 143.732016105204821
53.787300037220120 146.114700073376298
59.510510042309761 144.133442966267467
63.445370011031628 140.332732088863850
63.333569923415780 140.156268049031496
63.794819936156273 139.876158926635981
61.385660050436854 135.138448253273964
60.477289902046323 133.642664020881057
59.793500108644366 134.057918004691601
60.319569977000356 135.086518088355660
59.752800017595291 134.387499550357461
56.509790048003197 137.056258963420987
57.428540093824267 137.790036918595433
57.123569911345840 138.117038011550903
56.844940111041069 137.456483105197549
52.144969878718257 142.493040980771184
41.382949948310852 140.519002955406904
44.958339929580688 141.067465078085661
48.320420114323497 141.506099039688706
48.463640017434955 140.521211000159383
45.094329938292503 140.076755052432418
40.438000084832311 139.437602916732430
40.376659892499447 139.811952877789736
39.447139939293265 139.459285056218505
39.270320087671280 139.599873963743448
36.815670104697347 135.640203980728984
35.053210090845823 132.765590976923704
34.741599932312965 132.944845939055085

[OBSTACLE]
192.372979894280434 141.108763888478279
190.462220041081309 143.712708977982402
190.339939976111054 143.674605935811996
190.322830080986023 143.902671989053488
187.343049924820662 145.471950089558959
187.518999986350536 145.797389885410666
190.489280093461275 144.191486053168774
190.673420112580061 144.298141077160835
190.828149961307645 143.826734963804483
192.621420007199049 141.373969903215766

[OBSTACLE]
29.983700020238757 140.214268891140819
24.951199907809496 141.709233876317739
26.111700050532818 144.161326037719846
28.450499977916479 144.340350916609168
30.315400091931224 142.611505938693881

[OBSTACLE]
48.738009883090854 140.534741906449199
48.487670011818409 141.461464902386069
52.144969878718257 142.493040980771184
52.405590070411563 141.569090047851205

[OBSTACLE]
258.223099987953901 140.127281080931425
257.982099987566471 141.709017874673009
259.563800068572164 141.950078979134560
259.804899897426367 140.368341933935881

[OBSTACLE]
23.972600055858493 137.495489884167910
22.982899881899357 138.129852013662457
25.023100040853024 141.654015909880400
25.832799933850765 141.261174045503139

[OBSTACLE]
202.275240104645491 138.422393929213285
202.131149908527732 138.763152994215488
205.073579885065556 140.007314924150705
205.257480014115572 140.085075013339520
207.916600070893764 141.209433982148767
208.356819972395897 141.452146908268332
208.551089940592647 140.999881960451603
208.091030074283481 140.796906044706702
208.060679957270622 140.868679946288466
205.401569958776236 139.744315948337317
205.217670081183314 139.666552087292075

[OBSTACLE]
161.170229958370328 124.301580106839538
158.210919918492436 127.227565040811896
159.536129990592599 133.590250052511692
165.073729958385229 141.282200887799263
165.505599975585938 139.894780078902841
162.127239955589175 133.254643091931939
163.638859950006008 126.942186886444688

[OBSTACLE]
217.989399991929531 140.496657975018024
214.870109930634499 140.642189020290971
214.675160022452474 140.651283971965313
211.555859902873635 140.796814011409879
211.573100052773952 141.166382012888789
214.692399920895696 141.020852979272604
214.887350080534816 141.011757021769881
218.006649948656559 140.866225976496935

[OBSTACLE]
247.581400014460087 137.142102895304561
247.280599996447563 139.119352027773857
252.619100008159876 139.931547883898020
252.919900026172400 137.954299002885818

[OBSTACLE]
231.672100117430091 135.791032221168280
230.956980027258396 138.235470028594136
234.800740107893944 138.618379086256027
236.236699931323528 137.955872118473053
236.226100008934736 138.147893054410815
241.531799957156181 138.614154104143381
241.698599997907877 136.547975912690163
236.337999925017357 136.116800922900438
236.273499922826886 137.287362115457654
235.945900110527873 136.238751076161861

[OBSTACLE]
91.928569972515106 130.030707903206348
86.552569912746549 137.744247084483504
87.551429914310575 138.409292008727789
92.927429974079132 130.695753078907728

[OBSTACLE]
96.060929875820875 88.193090083077550
85.847810106351972 94.525079978629947
96.230029994621873 109.074780028313398
106.984910052269697 120.849360097199678
118.502749912440777 131.193401003256440
122.267950018867850 137.339953109622002
122.661359924823046 137.205014945939183
122.509029982611537 137.491915924474597
123.207280067726970 137.862648926675320
125.517696021124721 136.808656957000494
127.164355013519526 135.130139105021954
134.406166719272733 128.234040923416615
136.102808089926839 126.825526887550950
137.328822109848261 124.415260087698698
136.897003892809153 123.604410029947758
136.236993893980980 123.895210102200508
133.328114077448845 122.666260069236159
117.121299952268600 106.168349906802177
102.070619920268655 89.555289996787906

[OBSTACLE]
197.258940115571022 129.494858114048839
196.702189967036247 132.640639934688807
196.667400123551488 132.837250968441367
196.152749927714467 135.745144067332149
195.947559932246804 136.206683004274964
196.423190021887422 136.349635105580091
199.372620061039925 137.596755931153893
199.516710005700588 137.255993094295263
196.502819946035743 135.981618845835328
197.032640045508742 132.901887008920312
197.066489942371845 132.705116048455238
197.623249897733331 129.559333976358175

[OBSTACLE]
8.276899885386229 128.180039003491402
7.195100029930472 128.699401002377272
11.083099963143468 137.259961087256670
12.136799991130829 136.688804961740971

[OBSTACLE]
67.924620006233454 127.294641975313425
65.013730041682720 130.053205015137792
65.540860053151846 130.697632972151041
65.652680005878210 130.605082930997014
66.482539968565106 131.961890095844865
69.265110120177269 136.554131079465151
70.116909965872765 136.044418998062611
73.456790009513497 133.187859104946256
71.988729927688837 132.120920112356544
73.697680123150349 132.915447084233165
76.415439974516630 132.012199116870761
76.130620054900646 131.706505995243788
78.379210000857711 129.096220917999744
77.644629897549748 128.451936040073633
75.254210103303194 131.155202910304070
73.783679958432913 131.817606026306748
71.841670023277402 131.006763009354472
68.547840071842074 128.252324117347598
68.814130118116736 128.065413041040301

[OBSTACLE]
26.421199981123209 126.034525092691183
22.210400048643351 131.228567026555538
22.984799891710281 131.861333912238479
27.160900002345443 126.750533077865839

[OBSTACLE]
80.328620066866279 114.638949958607554
76.906969947740436 115.609539896249771
76.841259934008121 115.500829964876175
76.411929884925485 115.749969882890582
75.800819993019104 116.098749926313758
75.893710004165769 116.260399874299765
69.791070101782680 123.403290119022131
70.719600068405271 124.163449946790934
76.828929986804724 117.016709893941879
76.719729965552688 116.928390115499496
77.424519946798682 116.465570004656911
80.775550100952387 115.816729981452227
80.726060075685382 115.686280075460672
84.437820017337799 116.188680035993457
84.368309983983636 118.161330018192530
82.284129979088902 123.423529900610447
77.654639901593328 128.348412914201617
78.661990100517869 129.000516096130013
83.263630047440529 124.057600088417530
77.410220084711909 130.878313947468996
81.873189993202686 128.764129076153040
83.449200103059411 125.966734020039439
83.861350100487471 126.148861125111580
85.695829940959811 121.978990109637380
87.267889911308885 119.188609952107072
87.059909999370575 115.576499942690134
85.439379913732409 114.925530077889562
85.444379886612296 115.109859947115183
84.476180048659444 115.100189913064241
80.494949882850051 114.657449908554554
80.452480036765337 114.965340010821819

[OBSTACLE]
50.303030060604215 129.126060074195266
49.003089917823672 129.138976922258735
49.017010079696774 130.538907973095775
50.316939912736416 130.525991125032306

[OBSTACLE]
94.864890044555068 123.848430030047894
92.165280114859343 129.871060056611896
93.091260055080056 130.246938122436404
95.777420047670603 124.257459947839379

[OBSTACLE]
42.587129948660731 127.635071882978082
42.305049905553460 128.594460915774107
43.771130014210939 129.032032974064350
45.348959919065237 129.502961067482829
48.878610106185079 130.211198022589087
49.003089917823672 129.138976922258735
45.514350039884448 128.517244979739189
44.054990122094750 128.066667057573795

[OBSTACLE]
53.960159942507744 126.318314038217068
50.746630048379302 129.022775078192353
51.641139881685376 129.787927083671093
54.534739907830954 127.011032067239285

[OBSTACLE]
42.029969925060868 83.599970005452633
40.580569971352816 84.277649894356728
39.194590011611581 84.925669915974140
38.345859954133630 84.072970105335116
36.524109877645969 84.418559912592173
36.778229903429747 84.020670047029853
34.618299957364798 83.862009923905134
31.768999882042408 87.853479925543070
31.223300015553832 87.342359935864806
30.539700072258711 88.072200072929263
31.182800084352493 88.674589935690165
17.203800017014146 108.257180107757449
18.900799965485930 119.236189909279346
23.971700090914965 128.722428940236568
26.110500097274780 126.193584026768804
25.900300070643425 125.718813920393586
26.421199981123209 126.034525092691183
28.210300114005804 125.015345094725490
28.221200024709105 122.834520069882274
26.421199981123209 121.834519961848855
24.771199878305197 122.834520069882274
24.771199878305197 123.168779974803329
21.995299877598882 116.899380013346672
21.612199964001775 109.306630007922649
22.616699896752834 109.668199913576245
21.987000033259392 109.835460120812058
22.347799977287650 116.566169941797853
22.201399896293879 116.598519897088408
24.733799910172820 122.265590094029903
25.693600075319409 121.510719917714596
23.412200007587671 116.330970050767064
23.126099919900298 109.532920019701123
24.484699973836541 108.513519996777177
23.937700074166059 106.037059882655740
22.971800062805414 105.836889976635575
31.267299978062510 92.707169903442264
27.929000090807676 98.631309969350696
28.719799965620041 99.070960069075227
31.976200025528669 93.361669974401593
37.927059922367334 94.514140086248517
36.134359929710627 87.097269985824823
37.171999895945191 88.180530052632093
39.050450026988983 87.587730009108782
39.618140067905188 85.831549884751439
41.029270011931658 85.243889875710011
42.453519981354475 84.505839915946126

[OBSTACLE]
251.307599879801273 120.615390082821250
246.286500077694654 120.637870095670223
244.848300023004413 121.013940023258328
244.456099877133965 125.496820053085685
244.955900022760034 127.265293914824724
250.425799945369363 127.825980121269822
251.576399970799685 126.722059082239866
251.756899897009134 121.216839998960495

[OBSTACLE]
39.391430122777820 122.753200102597475
38.273199917748570 123.188569899648428
38.705430021509528 124.328840067610145
38.892420055344701 124.355489993467927
41.171390041708946 127.396260062232614
41.939589958637953 126.820518113672733
39.756580023095012 123.907810114324093
39.826809978112578 123.871430056169629

[OBSTACLE]
56.226590014994144 121.696480074897408
54.871779922395945 122.049350067973137
55.199440084397793 123.307380108162761
53.960159942507744 126.318314038217068
54.798169881105423 126.687279045581818
56.178939901292324 123.147010076791048
56.033280109986663 123.090199884027243
56.554240118712187 122.954510115087032

[OBSTACLE]
222.928710104897618 108.779619941487908
222.451349990442395 108.928360082209110
223.730480046942830 113.033709973096848
223.819719906896353 113.320120107382536
225.009610103443265 117.139050057157874
225.098849963396788 117.425469998270273
226.288739908486605 121.244399948045611
226.377980019897223 121.530819889158010
227.607949962839484 125.478414902463555
227.657100018113852 125.636161984875798
227.792679900303483 125.835756054148078
228.140930123627186 125.678355982527137
228.134479997679591 125.487427124753594
226.855349941179156 121.382079999893904
226.766110081225634 121.095660058781505
225.576219884678721 117.276739915832877
225.486969966441393 116.990319974720478
224.297069963067770 113.171390024945140
224.207839909940958 112.884970083832741

[OBSTACLE]
135.502235507592559 120.884199980646372
135.346820689737797 121.353199901059270
139.531046887859702 122.064330121502280
139.939266107976437 122.133709900081158
140.072355056181550 121.654599895700812
139.612829033285379 121.577140046283603

[OBSTACLE]
199.518910003826022 113.341300087049603
199.520669952034950 116.585000054910779
199.463560022413731 116.595929889008403
199.455250119790435 117.085200017318130
198.929190058261156 120.057509886100888
199.295910056680441 120.077189924195409
199.840739881619811 117.027610056102276
199.966760119423270 117.008790001273155
199.885340072214603 116.515160109847784
199.888880085200071 113.342460058629513

[OBSTACLE]
28.683299962431192 117.364340024068952
27.494299924001098 117.526690028607845
27.656699968501925 118.715659892186522
28.845700006932020 118.553309887647629

[OBSTACLE]
51.696889931336045 98.593920059502125
47.410699892789125 103.813130082562566
47.243739925324917 103.716570055112243
46.277300035580993 106.619700053706765
45.017260098829865 107.720359945669770
46.059109959751368 106.519679976627231
45.324780056253076 105.935970107093453
44.279079884290695 107.145389970391989
43.322490071877837 108.339469945058227
40.903919907286763 111.058369902893901
41.024339944124222 111.208209916949272
41.479230104014277 111.887259995564818
40.322529980912805 111.898190081119537
40.631249891594052 113.079540040344000
42.273509893566370 113.072950104251504
44.179490050300956 115.918170036748052
47.426059897989035 117.123300042003393
47.583940001204610 116.660039881244302
50.130079882219434 117.902419986203313
51.503349943086505 115.098670106381178
52.584630036726594 115.522250086069107
52.815240081399679 114.344619931653142
49.748879978433251 113.199979942291975
51.440000105649233 111.480000084266067
51.339999893680215 108.930000085383654
49.411839963868260 107.612669924274087
49.244020013138652 107.993669919669628
47.918580109253526 105.511759975925088
48.316639959812164 104.337070109322667
52.735189972445369 99.194400105625391

[OBSTACLE]
232.688170094043016 109.270889908075333
229.395740004256368 110.119349900633097
230.818150062114000 115.639019971713424
231.080019995570183 115.571539951488376
231.150989988818765 115.854580057784915
232.702939929440618 115.465390104800463
232.629429968073964 115.172249972820282
234.110589958727360 114.790559979155660

[OBSTACLE]
180.506380107253790 102.712310012429953
180.291289994493127 102.810789914801717
177.084669889882207 105.641089892014861
176.859759874641895 105.839609988033772
173.861520001664758 108.487199982628226
173.636649968102574 108.685770118609071
170.638410095125437 111.333360113203526
170.413540061563253 111.531929997727275
167.265390018001199 114.311900082975626
167.609290033578873 114.674419993534684
170.724520068615675 111.922629950568080
170.968089960515499 111.706699971109629
173.909749975427985 109.098810022696853
174.186660060659051 108.855379940941930
177.190710101276636 106.214399999007583
177.415579883381724 106.015820056200027
180.500340107828379 103.291830103844404
180.638690041378140 103.169659925624728
180.755740050226450 102.984479879960418

[OBSTACLE]
26.860900120809674 111.615799991413951
26.813700115308166 112.814869880676270
28.012799927964807 112.862100061029196
28.059999933466315 111.663029920309782

[OBSTACLE]
139.579210979864001 110.468800077214837
139.446087079122663 110.939620044082403
139.948151092976332 111.003090078011155
142.769339019432664 111.816290002316236
142.767085963860154 111.953920014202595
143.267803927883506 111.881289901211858
146.191230034455657 111.909259976819158
146.211680034175515 112.034440096467733
146.692159976810217 111.873869905248284
149.551030006259680 111.409819917753339
150.058419881388545 111.398209892213345
149.976440090686083 110.912970118224621
149.491399973630905 111.045150049030781
146.632949877530336 111.511830026283860
146.131090046837926 111.541199963539839
143.272473989054561 111.511580077931285
142.775400895625353 111.445899987593293
140.049752080813050 110.648549906909466

[OBSTACLE]
75.179549977183342 109.387859953567386
74.014719994738698 109.763280116021633
74.340110002085567 110.917450077831745
75.521229878067970 110.524540068581700

[OBSTACLE]
200.898820040747523 95.217269947752357
192.133069960400462 95.520609933882952
191.579600069671869 98.584499973803759
199.550829967483878 104.526319988071918
199.553119987249374 106.687319884076715
199.544779909774661 106.956090051680803
199.451549928635359 109.965820005163550
199.450970068573952 110.148370061069727
199.449980081990361 110.465820059180260
199.949970077723265 110.467380098998547
199.981120079755783 110.158059960231185
199.994970085099339 110.020530028268695
199.914699951186776 106.956910053268075
199.909479953348637 106.757519915699959
199.915620032697916 104.798230100423098
201.366739952936769 105.879899952560663
205.603349944576621 101.535190064460039

[OBSTACLE]
82.485530013218522 106.294899964705110
82.533629983663559 108.191770082339644
83.887320086359978 108.472640113905072
84.669489953666925 107.717289905995131
84.014949901029468 106.602970110252500

[OBSTACLE]
126.434965990483761 100.817530006170273
126.007645083591342 101.187769901007414
126.358711123466492 101.543799955397844
126.423059999942780 101.480339979752898
128.469554884359241 103.570559984073043
128.444144893437624 103.603930100798607
128.786193933337927 103.962710089981556
128.835161933675408 103.901929892599583
131.116127986460924 105.738620040938258
131.284531066194177 105.874339984729886
133.609089972451329 107.747719986364245
133.551398925483227 107.859539939090610
133.996063079684973 108.088180068880320
134.199723461642861 107.691910089924932
133.782179960981011 107.412219895049930
131.516204020008445 105.586750013753772
131.360455015674233 105.461279964074492
129.067177874967456 103.613909929990768
128.693600893020630 103.276300113648176
126.677513960748911 101.229409938678145

[OBSTACLE]
27.663400042802095 98.812629897147417
25.857399981468916 101.693320116028190
23.360899994149804 105.675460053607821
23.937700074166059 106.037059882655740
24.208200015127659 106.206629974767566
26.704700002446771 102.224490037187934
28.519900124520063 99.328549951314926

[OBSTACLE]
152.393080070614815 96.965239997953176
149.183049956336617 100.821470087394118
148.546650018543005 102.164969891309738
151.728630093857646 105.346949966624379
153.425689889118075 106.054059891030192
157.350129978731275 102.271040026098490
157.244060095399618 100.680050114169717
153.142839884385467 97.003090074285865

[OBSTACLE]
237.643399955704808 83.575969934463501
234.451580112800002 83.803639942780137
234.252080088481307 83.817869899794459
231.315919943153858 84.027310023084283
230.811649896204472 83.985160030424595
230.821829885244370 84.114210074767470
228.726330036297441 84.717690004035830
226.491139987483621 83.933109920471907
222.188209947198629 92.269970001652837
221.819579880684614 92.188549954444170
221.512340046465397 93.579430058598518
221.083240080624819 94.410819886252284
221.301380116492510 94.534479947760701
220.913680046796799 96.289679892361164
220.846309913322330 96.582019887864590
219.893099935725331 100.717670107260346
221.230450104922056 104.816570123657584
221.286629894748330 104.996860083192587
221.347939912229776 105.193640096113086
221.700360048562288 105.083830039948225
221.611339962109923 104.895690092816949
221.709089884534478 104.865230089053512
220.464919907972217 100.872049927711487
221.340420087799430 96.691150004044175
221.401909897103906 96.397530091926455
221.756450068205595 94.792460091412067
223.136390028521419 95.574719980359077
228.402439970523119 91.550619900226593
231.214699912816286 85.591129995882511
229.335669921711087 84.931570105254650
230.852460125461221 84.502450022846460
231.342239957302809 84.396339906379580
234.278400102630258 84.186910092830658
234.477909933775663 84.172679884359241
237.669700104743242 83.945000069215894

[OBSTACLE]
60.221919883042574 82.280480079352856
57.316490057855844 85.235630013048649
57.559789884835482 87.406429946422577
59.398959903046489 88.164990004152060
59.421420050784945 88.320679916068912
61.477390090003610 89.103630054742098
61.639390066266060 89.142070049419999
61.375549966469407 90.334250014275312
66.423289887607098 92.894509965553880
70.889599900692701 97.963160052895546
72.302349982783198 101.067709950730205
72.821309901773930 104.841249883174896
73.771270047873259 104.702769946306944
73.240990033373237 100.939999921247363
72.698869910091162 101.013760082423687
73.215460097417235 100.758839920163155
71.654889956116676 97.327159931883216
71.247640103101730 97.512499904260039
71.642740052193403 97.015189938247204
72.084800116717815 97.432160116732121
74.069270091131330 95.802350006997585
72.959209978580475 91.394279971718788
66.724810078740120 84.662289982661605
66.727939965203404 83.452759981155396
64.971020054072142 82.359229903668165
64.252250064164400 82.730609904974699

[OBSTACLE]
34.810000034049153 103.719999929890037
34.810000034049153 104.720000037923455
35.809999890625477 104.720000037923455
35.809999890625477 103.719999929890037

[OBSTACLE]
52.535920031368732 97.038619956001639
51.915489882230759 97.822879934683442
56.975159933790565 101.837959997355938
57.084500016644597 101.926489993929863
60.091750100255013 104.361440073698759
60.707079945132136 103.704719888046384
57.622340088710189 100.854759989306331
57.532420037314296 100.991360032930970

[OBSTACLE]
141.971026109531522 95.842530084773898
141.762170121073723 96.196619896218181
140.138500090688467 98.954109968617558
139.240493997931480 100.282099898904562
138.428658982738853 101.660839905962348
138.311870992183685 102.056270018219948
138.656556056812406 102.259220033884048
138.859515879303217 101.914539998397231
139.671349888667464 100.535799991339445
140.569355981424451 99.207800002768636
142.193027017638087 96.450319988653064
142.106853928416967 96.399579970166087
142.309812996536493 96.054899934679270

[OBSTACLE]
134.206265620887280 99.174590064212680
133.970678988844156 99.574140049517155
135.503650205209851 100.518770059570670
138.261129967868328 102.142440089955926
138.428658982738853 101.660839905962348
135.783408796414733 100.045239888131618

[OBSTACLE]
136.105481078848243 92.401639977470040
135.863966597244143 92.716789897531271
134.236526219174266 95.478870067745447
133.424304965883493 96.857369933277369
132.606024099513888 98.223329884931445
132.329382067546248 98.581689940765500
132.863880023360252 98.892120011150837
133.136780876666307 98.428800003603101
133.876838972792029 97.124289879575372
134.666629498824477 95.732130110263824
136.247207075357437 92.949280086904764
137.195092951878905 93.507420038804412
137.417289996519685 93.134100046008825
136.450165892019868 92.604600051417947

[OBSTACLE]
138.381675984710455 93.662090040743351
138.142978074029088 94.065559990704060
139.004689101129770 94.572950117290020
140.555772017687559 95.486269947141409
140.784101095050573 95.098499972373247
139.258386930450797 94.142089951783419

[OBSTACLE]
126.926891002804041 84.375700056552887
122.003549924120307 87.833899967372417
122.853210121393204 89.046539990231395
121.219560010358691 88.823460079729557
120.407790122553706 94.768300093710423
122.389400023967028 95.038890056312084
123.151209913194180 89.471849994733930
128.065049936994910 86.028859969228506

[OBSTACLE]
58.795949947088957 89.112600032240152
58.176160007715225 89.897350100800395
63.357960004359484 93.996659992262721
63.978389902040362 93.212400013580918

[OBSTACLE]
173.086009975522757 88.873540023341775
170.492750052362680 90.806219894438982
170.333579974249005 90.924840001389384
167.786870039999485 92.822830108925700
168.016100088134408 93.138850070536137
170.575139969587326 91.213170010596514
170.719889989122748 91.108350120484829
173.291600039228797 89.245989974588156

[OBSTACLE]
126.282406970858574 82.160999989137053
123.515869975090027 82.390150073915720
118.483989955857396 87.023080084472895
117.994529977440834 89.487379984930158
118.017429923638701 92.575490120798349
118.984520081430674 92.748599974438548
119.294930035248399 90.089139947667718
124.334249915555120 84.377430081367493
126.298142904415727 83.982740007340908
126.926891002804041 84.375700056552887
128.165274951606989 85.149679966270924
128.595651062205434 83.682040069252253

[OBSTACLE]
207.073750086128712 88.124960046261549
207.538790060207248 89.383540023118258
210.346230072900653 90.902179945260286
212.300900118425488 90.416719894856215
212.497249888256192 88.273689877241850

[OBSTACLE]
155.222579911351204 88.548059994354844
153.840720076113939 88.772670021280646
154.130409965291619 90.356839913874865
155.479279886931181 90.127329993993044

[OBSTACLE]
211.669690003618598 85.204859962686896
210.238989908248186 86.256680097430944
211.045680111274123 87.757999906316400
212.569210119545460 87.488349890336394
212.651940006762743 85.565300071612000

[OBSTACLE]
179.520389931276441 71.485190112143755
179.078930094838142 71.793239889666438
179.421119950711727 72.149089900776744
181.042759967967868 74.613119987770915
181.152710085734725 74.780190093442798
182.744740024209023 77.264480078592896
182.816960010677576 77.377199996262789
181.922740107402205 80.393240014091134
181.865990012884140 80.584640102460980
180.963839907199144 83.495530067011714
180.797779904678464 83.603889970108867
178.127379985526204 85.346589982509613
178.328629899770021 85.657039918005466
181.030000029131770 83.903590114787221
181.063750097528100 83.985990090295672
181.474709948524833 83.701190035790205
181.345309875905514 83.514470066875219
182.219380019232631 80.694170035421848
182.278479980304837 80.503459945321083
183.224139958620071 77.452249880880117
183.423610059544444 77.416040059179068
183.148729987442493 76.998370075598359
183.083650125190616 77.041239989921451
181.461759908124804 74.576800027862191
181.351810041815042 74.409739980474114
179.730050079524517 71.945520043373108
179.785689990967512 71.908850055187941

[OBSTACLE]
152.461730120703578 35.602139923721552
151.208020113408566 36.478939885273576
151.611970094963908 37.750309975817800
151.073280097916722 38.110849913209677
150.771140065044165 46.895390124991536
154.017690047621727 57.897380087524652
149.522749884054065 61.390869989991188
149.521989980712533 63.611279893666506
149.458710048347712 70.507139945402741
150.246680025011301 71.047649988904595
134.054830614477396 77.952790064737201
133.385596917942166 79.788940083235502
136.503308080136776 85.255539882928133
137.525691892951727 85.226630112156272
137.142513021826744 83.729450041428208
137.616974087432027 83.571689883247018
136.242933059111238 79.439279939979315
139.876053063198924 78.150340039283037
140.158753953874111 78.049940010532737
143.953360961750150 76.702270042151213
144.210638031363487 76.610420057550073
148.006200073286891 75.255410056561232
148.260719915851951 75.165739953517914
152.316349949687719 73.736829981207848
152.183679929003119 73.256090031936765
148.096689926460385 74.703440107405186
147.908159969374537 74.770210012793541
144.044126914814115 76.141079915687442
143.761395094916224 76.241380115970969
139.991608913987875 77.578820055350661
139.708874076604843 77.679120004177094
136.039045108482242 78.981089908629656
135.656353058293462 79.116850085556507
135.738254897296429 79.347710078582168
135.553059764206409 79.041770026087761
152.812440097332001 72.807629881426692
156.374960001558065 75.251339972019196
164.255480021238327 68.187659969553351
162.829229962080717 70.855859890580177
163.270180094987154 71.091569988057017
165.343969892710447 67.211999902501702
165.440650116652250 67.036979980766773
167.430309914052486 63.435370065271854
167.462650062516332 63.243869896978140
168.151360116899014 59.165660021826625
168.184140063822269 58.971589962020516
168.854519901797175 55.001840069890022
168.888789983466268 54.798919977620244
168.918949998915195 54.611759958788753
168.637330122292042 54.564490048214793
168.716180026531219 54.256830029189587
165.004349928349257 47.534349896013737
153.320760112255812 36.606640107929707

[OBSTACLE]
48.836859930306673 81.992400018498302
47.241889955475926 83.722839988768101
50.404240032657981 84.012109944596887
50.371110057458282 84.282770063728094
51.614779885858297 84.460889948531985
52.391329938545823 83.496010098606348
52.148360023275018 82.146610105410218
51.147719956934452 82.236740123480558
51.192109929397702 82.130749952048063

[OBSTACLE]
116.249730046838522 80.471789930015802
110.867710104212165 81.494710100814700
114.398950003087521 84.146660109981894

[OBSTACLE]
107.794689908623695 76.534199891611934
106.834099916741252 77.166479956358671
109.868200086057186 81.441630022600293
109.603109993040562 81.427559992298484
109.386370070278645 82.536050006747246
110.489999921992421 83.490000022575259
111.169079924002290 83.604080071672797
111.677879970520735 82.558979876339436
110.867710104212165 81.494710100814700
110.643799882382154 81.482819952070713
111.095659984275699 81.185389962047338

[OBSTACLE]
154.070160090923309 77.030059956014156
153.671609899029136 83.016800014302135
155.667190002277493 83.149650078266859
156.065739942714572 77.162899961695075

[OBSTACLE]
138.753981096670032 66.127390014007688
128.340692929923534 70.515270056203008
131.563647938892245 78.163959961384535
141.976934093981981 73.776079919189215

[OBSTACLE]
192.251700125634670 42.390500055626035
185.754950009286404 46.680279895663261
180.928939925506711 52.103089950978756
180.317169958725572 57.006370034068823
185.309819905087352 52.354479907080531
182.496330086141825 55.352860093116760
182.367529990151525 55.490119960159063
182.268020119518042 55.680230073630810
182.535729892551899 55.929850023239851
182.732150070369244 55.832249969244003
185.670809950679541 52.693220023065805
185.875840019434690 52.474220003932714
188.609479889273643 49.554180018603802
189.924300005659461 48.356319889426231
191.557799996808171 68.418570002540946
197.786419903859496 77.510700076818466
201.525190109387040 75.452599944546819
206.063739974051714 67.235020045191050
198.396599907428026 44.454599954187870

[OBSTACLE]
204.690720112994313 71.285350117832422
204.329510042443871 71.760879876092076
206.078799990937114 72.845249874517322
206.249069888144732 72.950149979442358
207.781589990481734 73.894299957901239
207.951869945973158 73.999200062826276
209.467350058257580 74.932830082252622
209.654670003801584 75.048230029642582
210.080359959974885 75.310489973053336
210.841520084068179 75.485790017992258
211.410289881750941 75.248919948935509
211.253309994935989 74.741119947284460
209.811869915574789 74.440350104123354
208.266589874401689 73.488349886611104
208.096309918910265 73.383450033143163
206.563780009746552 72.439310112968087
206.393519919365644 72.334410008043051

[OBSTACLE]
19.607500014826655 69.780039936304092
19.321399927139282 70.964180063456297
20.253200093284249 71.766180088743567
19.923400031402707 71.845050109550357
20.083200009539723 73.541870014742017
21.591699924319983 73.885560063645244
22.415399942547083 72.145849876105785
21.650400068610907 71.431980030611157
21.601499961689115 70.547129921615124
20.297800032421947 69.813320031389594

[OBSTACLE]
96.112250005826354 51.618520058691502
88.143569882959127 52.403140123933554
86.179509926587343 54.217519992962480
85.447810012847185 61.152309877797961
94.387269923463464 70.552510097622871
96.878220001235604 70.434819879010320
96.404889989644289 71.611200040206313
101.682889927178621 73.212029971182346
101.607899889349937 72.544010058045387
101.767449919134378 72.986710080876946
102.516909996047616 73.332970021292567
103.502029879018664 72.344109965488315
103.288240050897002 71.443789964541793
102.156429905444384 71.088709915056825
101.349049955606461 71.825769888237119
99.194979965686798 69.687870098277926
97.348960004746914 69.619329934939742
94.426799984648824 58.264679946005344
96.432459997013211 54.004779998213053

[OBSTACLE]
129.939455883577466 44.089960008859634
128.372331010177732 44.411669941619039
126.805208902806044 44.733389932662249
123.669430045410991 45.377139961346984
123.276390032842755 45.451450059190392
123.350699879229069 45.844490071758628
123.647929960861802 47.416630005463958
122.861610045656562 45.261350004002452
117.903850022703409 47.686429889872670
118.581269904971123 48.407629961147904
118.496069954708219 48.831809917464852
116.777969989925623 48.940640045329928
116.392280068248510 50.438999952748418
118.008300019428134 51.260069981217384
117.920479886233807 51.697310116142035
116.306070014834404 50.628269948065281
115.844159927219152 50.329730026423931
115.545970033854246 50.791869945824146
113.865289902314544 53.396690106019378
112.997830063104630 54.741130108013749
112.103819875046611 56.126720057800412
110.461659952998161 58.739400012418628
110.269380016252398 59.047899898141623
110.198600124567747 59.161480050534010
110.004970114678144 59.472269956022501
108.454200010746717 61.961259925737977
108.348460039123893 62.130979886278510
106.781159900128841 64.649659898132086
106.472760094329715 65.046650050207973
106.892070081084967 65.318840034306049
106.949949972331524 65.225910041481256
109.395359912887216 66.943770116195083
109.558810042217374 67.058589952066541
111.961369933560491 68.682599952444434
112.288470100611448 69.031579904258251
112.628929931670427 68.571339994668961
112.212199894711375 68.311529997736216
112.168490113690495 68.376199984923005
109.754369985312223 66.744830086827278
109.600230054929852 66.640600115060806
107.049439977854490 64.915850115939975
108.652540063485503 62.340990062803030
108.767560059204698 62.156240008771420
110.317549891769886 59.666749890893698
110.383770111948252 59.707949878647923
110.589579949155450 59.371399953961372
111.930259913206100 60.238600037992001
113.264209879562259 61.102099930867553
113.216700078919530 61.189740020781755
115.903389891609550 62.812550067901611
116.264129988849163 63.035959890112281
116.475770110264421 62.708689989522099
117.454849993810058 61.193899875506759
117.057510064914823 60.986890085041523
116.099850051105022 62.461360059678555
113.454309934750199 60.751500092446804
112.164829904213548 59.799010036513209
110.821070093661547 58.930509919300675
112.503800103440881 56.326969927176833
113.393380120396614 54.997310070320964
114.282959885895252 53.667649962007999
116.010429896414280 51.085589937865734
118.631220096722245 52.742899898439646
118.890600102022290 52.339710071682930
123.935479950159788 49.474080121144652
124.453230109065771 52.209339877590537
124.551169881597161 52.189209982752800
124.613930052146316 52.526119993999600
125.008730012923479 52.462779963389039
124.942919919267297 52.108670035377145
124.338200055062771 48.914469899609685
124.139230102300644 47.323750052601099
123.842000020667911 45.751600060611963
126.888039875775576 45.175720062106848
128.460190119221807 44.878489980474114
130.032340111210942 44.581259898841381
129.952657883986831 44.698099941015244
130.288445893675089 46.365689970552921
130.808893935754895 46.266329968348145
130.493084946647286 44.595920098945498
130.387677904218435 44.114520074799657

[OBSTACLE]
146.341940090060234 62.408229941502213
144.298738036304712 67.729379916563630
147.505120011046529 68.942539952695370
149.521989980712533 63.611279893666506

[OBSTACLE]
132.828279985114932 57.004359886050224
128.151730969548225 59.704350018873811
128.336271056905389 60.023989956825972
126.530643906444311 60.480309901759028
127.853741990402341 65.715709989890456
129.792777942493558 65.225669899955392
128.588698022067547 60.461199916899204
129.151724036782980 61.436400068923831
133.828273052349687 58.736419994384050

[OBSTACLE]
100.047529907897115 56.959369936957955
99.467459879815578 62.931259945034981
101.458090050145984 63.124619890004396
102.038160078227520 57.152729881927371

[OBSTACLE]
140.807474032044411 52.147720064967871
140.391781004145741 52.320059956982732
141.081123976036906 53.982830056920648
140.031106034293771 56.150179998949170
140.597669044509530 57.647350011393428
141.187440035864711 59.069940112531185
144.139302922412753 60.184439951553941
145.610490124672651 59.555699899792671
147.081670034676790 58.926960099488497
146.903849886730313 58.497059997171164
145.425839899107814 59.109800085425377
143.976737922057509 59.655109941959381
141.603597002103925 58.637600122019649
141.153285875916481 57.435709889978170
140.550199979916215 56.227259896695614
141.496817003935575 53.810489913448691
141.607028888538480 53.549999976530671
141.286181956529617 53.302410040050745

[OBSTACLE]
120.158679876476526 56.273609977215528
119.615859948098660 57.113460078835487
118.638789961114526 58.625189960002899
119.016729975119233 58.869450101628900
120.035790028050542 57.384859984740615
120.551119912415743 56.528480099514127

[OBSTACLE]
150.233729984611273 57.008339948952198
149.729220047593117 57.217480083927512
148.197119878605008 57.960899909958243
148.369460022076964 58.376589920371771
149.939850065857172 57.725540092214942
150.434779990464449 57.487569898366928

[OBSTACLE]
110.544319935142994 53.856630027294159
108.156260065734386 55.013849912211299
108.920179931446910 56.565230051055551
111.302429884672165 55.378230102360249

[OBSTACLE]
145.419769976288080 45.255939904600382
144.996188990771770 45.539789954200387
145.570639958605170 46.925440002232790
146.160589987412095 48.412700090557337
147.403769977390766 51.346020027995110
148.021640041843057 52.837500069290400
148.564520068466663 54.343839967623353
149.323739949613810 55.978289963677526
149.742680042982101 55.804620115086436
149.062679959461093 54.137739948928356
148.458329988643527 52.656300086528063
147.853969959542155 51.174849914386868
146.645270017907023 48.211969938129187
145.983980102464557 46.755999913439155

[OBSTACLE]
120.058270040899515 53.112930078059435
119.814000092446804 53.490860033780336
121.325729973614216 54.467930020764470
120.755780087783933 55.349769936874509
121.117979893460870 55.586449904367328
121.740599982440472 54.745480064302683
121.657489892095327 54.689879883080721
121.905940063297749 54.307119939476252
121.534700123593211 54.140700101852417

[OBSTACLE]
22.194799901917577 47.165880007669330
19.995299912989140 47.940679918974638
20.140900108963251 50.709589915350080
21.338000083342195 52.521629976108670
24.489800026640296 51.300569912418723
24.648400051519275 49.231289997696877

[OBSTACLE]
129.059555958956480 51.278540007770061
128.076962968334556 51.464320030063391
126.314061898738146 51.826770035549998
126.391889881342649 52.240870082750916
128.083780976012349 51.956800008192658
129.149585897102952 51.754770074039698

[OBSTACLE]
131.172133013606071 50.879139890894294
130.140408072620630 51.074199937283993
130.230337930843234 51.549899931997061
131.311089964583516 51.345019983127713

[OBSTACLE]
131.279915068298578 49.026869963854551
130.833907881751657 49.074570117518306
131.172133013606071 50.879139890894294
131.349587040022016 51.236039986833930
131.678196955472231 51.275440044701099
131.617190949618816 50.815870016813278

[OBSTACLE]
142.268813923001289 38.665329907089472
141.811157986521721 38.866679901257157
142.008728077635169 39.322879901155829
142.080233925953507 39.291920000687242
143.272434007376432 42.044450081884861
143.351814989000559 42.227710001170635
144.501002077013254 44.880750076845288
144.429424060508609 44.911749958992004
144.619640037417412 45.154639910906553
143.326685875654221 45.690669994801283
141.810369919985533 46.211040085181594
138.892631018534303 47.528919931501150
138.511231960728765 47.642009994015098
138.670784002169967 48.036820013076067
139.365658024325967 49.714390123263001
139.781351052224636 49.542049979791045
139.092008080333471 47.879270073026419
142.001853995025158 46.672930056229234
143.518169950693846 46.152549907565117
144.996188990771770 45.539789954200387
145.311429938301444 45.275219874456525
145.174210052937269 44.924729922786355
144.961362937465310 45.012969989329576
144.840420121327043 44.733729902654886
143.691300926730037 42.080659903585911
143.611926985904574 41.897399984300137
142.419725898653269 39.144860096275806

[OBSTACLE]
85.822730027139187 44.610729916021228
85.521420054137707 46.288199946284294
86.882459996268153 47.024019984528422
88.142639994621277 45.569050004705787
87.597270039841533 44.676129883155227

[OBSTACLE]
197.535029947757721 41.086039971560240
195.849910089746118 41.341149983927608
195.591740095987916 42.866670023649931
197.375080101191998 43.590989923104644
198.044729959219694 42.787059964612126

[OBSTACLE]
112.999999886378646 40.199999967589974
112.999999886378646 41.200000075623393
113.999999994412065 41.200000075623393
113.999999994412065 40.199999967589974

[OBSTACLE]
193.457200024276972 31.068000113591552
193.099900111556053 31.178000019863248
193.277449943125248 31.650799959897995
194.205480013042688 34.424399882555008
194.268920123577118 34.614000041037798
195.220560003072023 37.458110041916370
195.284009920433164 37.647740123793483
196.227500075474381 40.467510083690286
196.312249917536974 40.966410012915730
196.828960049897432 40.774279944598675
196.567390104755759 40.353560037910938
195.634159902110696 37.530560111626983
195.571410041302443 37.340730121359229
194.619769910350442 34.496600003913045
194.556330051273108 34.307000096887350
193.628310039639473 31.533399922773242
193.541250061243773 31.273199915885925

[OBSTACLE]
103.938819905743003 18.297800067812204
86.901290109381080 22.700099917128682
83.401430044323206 27.584500098600984
81.179639892652631 36.402310095727444
82.070360016077757 39.071279978379607
92.821559999138117 38.942239992320538
104.398880023509264 30.650700023397803
109.502619942650199 32.031699875369668
115.015310067683458 29.005199996754527
123.496099915355444 30.222399942576885
127.666662940755486 29.037799900397658
134.997268673032522 33.304200014099479
136.763170883059502 31.321099977940321
136.621151939034462 31.970099927857518
137.692226897925138 32.299700081348419
138.393605109304190 32.004200024530292
138.376194974407554 30.573300020769238
138.547266013920307 32.013700073584914
139.563363902270794 32.263299906626344
140.868917070329189 31.059599937871099
139.901079079136252 29.656800013035536
138.387900050729513 30.059799989685416
138.915639091283083 29.606099976226687
138.751119012013078 28.695499906316400
137.640292961150408 28.279400020837784
136.794027937576175 28.971499968320131
136.832655016332865 29.100199984386563
128.042130125686526 22.212399886921048
115.374430026859045 20.155099891126156
114.980029882863164 19.560700077563524
114.019629992544651 19.934999998658895

[OBSTACLE]
146.881050020456314 31.709400024265051
142.884542075917125 35.458209905773401
144.101113881915808 36.024100016802549
147.152650086209178 35.087259896099567
148.209299957379699 33.403400089591742

[OBSTACLE]
269.279399905353785 0.624999878928065
255.283100092783570 0.736300069838762
269.503600057214499 33.749500103294849

[OBSTACLE]
185.161820054054260 6.606999970972538
184.683140041306615 6.751500042155385
184.877479914575815 7.215099921450019
185.735309952870011 10.057999910786748
185.793090015649796 10.249500079080462
186.659579984843731 13.121000044047832
186.717330124229193 13.312399880960584
187.583789918571711 16.183900097385049
187.641580039635301 16.375400014221668
188.508080067113042 19.246899979189038
188.565829955041409 19.438300067558885
189.412020044401288 22.242500055581331
189.506590040400624 22.736299932003021
189.984779963269830 22.592300008982420
189.765970045700669 22.135800020769238
188.925070110708475 19.352599969133735
188.860900020226836 19.140400104224682
188.002749877050519 16.303599961102009
187.934459913522005 16.078100027516484
187.079359944909811 13.254500124603510
187.007089918479323 13.016099939122796
186.154940044507384 10.205500116571784
186.079929890111089 9.954100102186203
185.230909902602434 7.108199978247285

[OBSTACLE]
167.528899954631925 11.877300040796399
166.427300116047263 19.801100101321936
174.351099925115705 20.902699939906597
174.369259905070066 20.772099914029241
176.300579896196723 21.076099975034595
177.088150056079030 15.077900011092424
175.195530066266656 14.828699994832277
175.452689956873655 12.978899879381061

[OBSTACLE]
147.559909997507930 10.905800079926848
146.815530108287930 11.449800096452236
146.342869978398085 17.531400080770254
146.610980071127415 17.953499983996153
153.390539959073067 18.480399912223220
153.749609878286719 18.134899875149131
153.985099950805306 13.411199888214469
152.920430107042193 11.623299960047007

[OBSTACLE]
62.577710011973977 13.345499932765961
58.821539981290698 14.629900027066469
57.984010074287653 15.945199923589826
54.940639939159155 14.353499896824360
52.921670051291585 14.752400116994977
52.968279886990786 16.328399917110801
56.833790000528097 17.328200116753578
56.794039914384484 17.456500064581633
57.681109886616468 18.360899956896901
59.005740098655224 18.289099903777242
59.095990061759949 17.184400102123618
62.328100120648742 15.279400125145912

[OBSTACLE]
158.884890060871840 4.379399903118610
157.075609993189573 7.258000010624528
161.901540113613009 10.291300043463707
163.710819929838181 7.412600107491016

