[SCALE]
1.0

[BORDER]
219.418500121682882 1.309097125194967
219.697499992325902 1.419023917987943
223.522900165989995 2.926073013804853
224.180099931545556 6.733831022866070
224.239200144074857 7.071870127692819
224.914200166240335 10.935178054496646
224.977500205859542 11.308030826039612
225.646499958820641 15.251680207438767
225.698000011034310 15.547249927185476
226.393899796530604 19.543520007282495
226.434899829328060 19.783620210364461
227.111699841916561 23.739140043035150
227.160500134341419 24.021969805471599
227.857499788515270 28.062290190719068
227.891499958932400 28.259350070729852
228.571899952366948 32.201080215163529
228.622899982146919 32.496710009872913
229.320299834944308 36.536990194581449
229.354300005361438 36.734030200168490
230.031999787315726 40.661159870214760
226.299100150354207 41.069890041835606
225.972300032153726 41.106490148231387
222.075299988500774 41.542880097404122
221.698699984699488 41.582979909144342
217.621799819171429 42.017149794846773
217.423000023700297 42.038890155963600
213.347300002351403 42.484589917585254
213.148500206880271 42.506329827010632
209.072800185531378 42.952059851959348
208.873999938368797 42.973800213076174
204.897700040601194 43.408649894408882
204.599500121548772 43.441260210238397
200.623200223781168 43.876099954359233
200.324900029227138 43.908720207400620
196.348699955269694 44.343550014309585
196.050400212407112 44.376169815659523
191.941299866884947 44.825530084781349
189.074000041000545 42.082920134998858
188.882000008597970 41.898900135420263
185.777699938043952 38.923459956422448
185.431899870745838 39.284609854221344
188.537700008600950 42.258499828167260
188.754300060681999 42.465940029360354
191.860100198537111 45.439800191670656
196.105699893087149 44.879809846170247
196.403000042773783 44.840589929372072
200.379299940541387 44.405750185251236
200.677499859593809 44.373139869421721
204.653800209052861 43.938300125300884
204.952000128105283 43.905689809471369
208.928300025872886 43.470850065350533
209.127200096845627 43.449100218713284
213.202799842692912 43.003380130976439
213.401699913665652 42.981629832647741
217.477399935014546 42.535910196602345
217.676099906675518 42.514180224388838
221.751900203526020 42.068470073863864
222.050100122578442 42.035860209725797
226.026400020346045 41.601020013913512
226.324599939398468 41.568410149775445
230.302800103090703 41.133349980227649
231.736100181005895 50.792239969596267
231.342600141651928 67.571260156109929
240.967100150883198 68.708139979280531
219.192400095053017 76.227260073646903
218.644399899058044 76.015579844824970
217.165000191889703 75.444169836118817
223.179299836046994 70.701780011877418
220.851199901662767 67.804410182870924
222.009199913591146 67.880869801156223
222.085899831727147 66.182969775982201
220.524700158275664 66.079149851575494
220.475300019606948 67.336649810895324
212.631700146012008 73.539639944210649
213.010699986480176 74.008080111816525
211.864700061269104 74.793590060435236
212.721400195732713 75.967900198884308
212.553500160574913 76.088850069791079
213.430199837312102 77.305970168672502
214.851100081577897 76.282490193843842
215.338299898430705 76.884539788588881
216.401600087992847 76.046059983782470
216.116599948145449 77.289379993453622
215.722399787046015 77.425519796088338
216.071199988946319 77.487749778665602
215.660799914039671 79.530980112031102
215.238899774849415 81.639160062186420
215.533099966123700 81.698029912076890
215.954000060446560 79.526380086317658
216.366500048898160 77.540449975058436
226.564799966290593 79.360040193423629
230.569900162518024 80.943350163288414
232.412900193594396 81.655210014432669
231.968600223772228 83.541339803487062
231.457500057294965 85.668289791792631
230.959699945524335 87.759899892844260
230.494999783113599 89.861039780080318
230.751599823124707 89.866769937798381
230.466400035656989 89.959840057417750
230.996800074353814 91.622579968534410
228.522699913010001 104.107920164242387
227.583599966019392 106.045400043949485
225.729599893093109 109.925099853426218
224.802400209009647 111.864999895915389
223.875400172546506 113.804800114594400
224.145999937318265 113.934199777431786
225.073099797591567 111.994300186634064
226.000200109556317 110.054499967955053
227.854300006292760 106.174800158478320
228.296500062569976 105.249499836936593
225.698899780400097 118.357999878935516
226.303000054322183 136.304199802689254
225.326399779878557 136.703900210559368
225.594199961051345 137.238899823278189
226.324399840086699 136.940699904225767
226.427600043825805 140.005799932405353
226.265300079248846 140.288099860772491
226.440400076098740 140.387799907475710
226.501499926671386 142.202300014905632
225.897100181318820 142.737699826247990
226.544400225393474 143.478900198824704
228.484999937936664 201.136899874545634
238.507500188425183 204.558700188063085
257.195900077931583 197.676900015212595
271.967899776063859 183.048300156369805
277.391299828886986 164.384400011040270
274.103800030425191 144.895400064997375
266.892700078897178 137.954399855807424
275.544899916276336 122.029800117015839
277.807500073686242 85.781019781716168
265.892699928954244 71.652430160902441
270.302799777127802 72.173360036686063
274.071599850431085 61.465969979763031
287.268999996595085 54.648099956102669
313.276000143960118 55.187840070575476
335.397900058887899 64.242490213364363
339.513999815098941 71.235470171086490
359.460299862548709 76.828380087390542
351.204900122247636 84.569720178842545
356.696099964901805 92.145120124332607
342.091900026425719 93.115140157751739
325.447599976323545 95.227550198324025
327.266299910843372 78.680979916825891
324.154100208543241 72.275099921971560
311.708699925802648 68.373250067234039
298.237899979576468 70.903719966299832
290.381299974396825 125.149099957197905
299.457199941389263 195.945100095123053
298.869899879209697 196.672600214369595
299.945299979299307 205.939199794083834
299.989600069820881 215.549499979242682
302.206999915651977 217.394399824552238
304.271799870766699 233.500299928709865
277.934999922290444 257.980799791403115
353.545300066471100 257.767499797046185
380.000000065192580 266.511000026948750
380.000000065192580 345.232800203375518
366.181499785743654 346.779800052754581
342.488799947313964 361.645200056955218
318.693899950012565 355.709200222045183
294.088500174693763 365.683200103230774
293.727399962954223 404.681199989281595
292.440300211310387 404.667399912141263
293.172099981456995 405.737799787893891
292.045199829153717 407.255999790504575
292.650999817997217 408.109099944122136
294.425799860619009 408.051699898205698
294.470899896696210 407.637800117954612
297.163400100544095 411.576300216838717
317.605300070717931 444.446699982509017
351.674399957992136 485.000000000000000
281.234100060537457 485.000000000000000
288.001199965365231 475.128199825994670
286.232799938879907 462.706000222824514
280.243700160644948 447.829700000584126
282.989400131627917 444.187700105831027
290.247600208967924 446.916099842637777
289.130400130525231 440.913100163452327
277.449499820359051 432.687100116163492
267.947299787774682 452.908399854786694
262.705400199629366 468.515999824739993
261.782599990256131 484.319899929687381
263.744800039567053 485.000000000000000
226.243399819359183 485.000000000000000
224.658900094218552 464.767200197093189
219.173400145955384 464.606300024315715
219.235899788327515 464.421599777415395
217.680999855510890 463.809799971058965
217.278600139543414 464.550600145012140
204.430600041523576 464.173599942587316
180.684400061145425 467.348400014452636
174.187099975533783 485.000000000000000
144.324400192126632 485.000000000000000
154.406999796628952 468.154799789190292
146.055599814280868 461.082700202241540
126.661999812349677 464.863999933004379
127.356399982236326 485.000000000000000
97.070200168527663 485.000000000000000
102.089100140146911 418.159100073389709
105.739300041459501 405.535499835386872
105.977799901738763 405.891299899667501
106.615500147454441 405.509500023908913
106.959100025705993 402.819299832917750
106.638199901208282 401.304300064221025
106.596099999733269 401.107299807481468
104.510200181975961 391.327300048433244
103.937099943868816 388.637700155377388
102.574200043454766 386.320900185965002
101.805300144478679 386.155300163663924
101.651500109583139 387.028699782676995
101.820200090296566 387.532599987462163
96.280400054529309 384.965300071053207
94.936000080779195 376.305299974046648
86.142900064587593 365.372799998149276
85.272899875417352 352.669899906031787
71.550200190395117 341.338299820199609
37.050000112503767 321.516100191511214
26.132629993371665 321.843699803575873
21.346280202269554 308.080899855121970
13.333339849486947 297.439000089652836
0.000000000000000 292.427500179037452
0.000000000000000 79.808080168440938
20.953130223788321 133.150500045157969
26.499800034798682 185.094799832440913
37.950900061987340 292.333299927413464
60.661300183273852 311.476800180971622
82.010200195945799 309.579299963079393
81.795299858786166 310.344799980521202
81.754900123924017 311.574599961750209
82.951600155793130 311.663200142793357
83.046899824403226 310.527399862185121
83.332900009118021 309.461699835956097
83.743300084024668 309.425200005061924
83.513899999670684 308.787000188603997
83.798600216396153 307.726299935020506
85.564899877645075 305.426100078038871
88.076999937184155 303.976900009438396
90.952500221319497 303.599399784579873
93.812499810010195 304.368100035935640
97.196400049142540 304.744799863547087
97.348799840547144 304.724900145083666
100.132800084538758 304.360499875620008
103.403399847447872 303.413499845191836
103.536500218324363 303.336799927055836
105.969200148247182 301.934799808077514
109.002699842676520 300.993099925108254
111.529800123535097 301.211200044490397
114.806499979458749 301.606200151145458
117.489100010134280 301.837700149044394
120.572400041855872 302.720700018107891
120.747500038705766 302.815200192853808
122.903500110842288 303.979799868538976
123.669099952094257 306.397899775765836
123.432299806736410 309.670399804599583
123.344200099818408 310.785900168120861
123.255599918775260 311.982600199989974
122.058899886906147 311.894000018946826
120.861500184983015 311.816899902187288
120.773600125685334 313.002099869772792
121.970300157554448 313.090799874626100
124.363800045102835 313.267899961210787
124.540999955497682 310.874499897472560
124.629600136540830 309.677799865603447
124.846500111743808 306.478000027127564
123.812999813817441 303.099500210955739
120.814900081604719 301.569600044749677
120.731699871830642 301.527200220152736
118.028900199569762 300.765999853610992
114.778000055812299 300.468299956992269
114.752199891954660 300.371100022457540
112.069599861279130 300.139500200748444
108.537500109523535 299.816000140272081
105.593100166879594 300.795300174504519
102.776499995961785 302.329099792987108
100.221500089392066 303.163799843750894
97.032300094142556 303.502999795600772
94.352299999445677 303.296400192193687
91.135100102983415 302.347699995152652
87.766700107604265 302.750600185245275
84.808899834752083 304.411900104023516
82.841100166551769 306.914600012823939
50.798900160007179 217.751199933700264
69.022599887102842 201.354999993927777
97.338299821130931 135.585400164127350
74.039999791420996 64.543560179881752
38.437599856406450 32.225429997779429
18.501499905250967 26.720379940234125
17.462129876948893 8.919417788274586
0.000000000000000 2.684473195113242
0.000000000000000 1.671064132824540
1.184400022029877 2.094396133907139
4.562179842032492 4.203338539227843
6.983269946649671 4.167038807645440
43.512099883519113 17.223250144161284
45.910199796780944 25.557499853894114
83.084999998100102 54.287109957076609
98.930499982088804 56.917820125818253
113.342600064352155 48.841450097970665
114.572900068014860 50.690959906205535
122.463699891231954 49.965410190634429
122.366100209765136 44.808929972350597
139.334500166587532 60.289149791933596
146.578999990597367 55.224170065484941
144.158399971202016 33.289009784348309
143.935699826106429 31.270389859564602
145.086799799464643 0.000000000000000
216.095599909313023 0.000000000000000

[OBSTACLE]
221.840499932877719 397.017199862748384
220.715299947187304 398.591499943286180
220.621999916620553 398.527300134301186
218.214600128121674 402.090099998749793
218.040199801325798 402.334100105799735
215.715100001543760 405.587100163102150
213.034299961291254 409.337699781171978
209.413899951614439 410.356499780900776
209.125100183300674 410.437800176441669
205.274800066836178 411.521399831399322
204.985999846830964 411.602699775248766
200.846899962052703 412.767500001937151
200.982400169596076 413.248799825087190
205.121500054374337 412.083899774588645
205.410199998877943 412.002700106240809
209.251099964603782 410.888800085522234
209.254999868571758 410.902699986472726
198.053299919702113 414.745000195689499
200.620200089178979 423.756300155073404
203.436100138351321 435.806499780155718
204.678599876351655 448.621100005693734
205.613400172442198 448.775499886833131
205.497000189498067 449.358900045044720
207.141799819655716 452.094699842855334
209.030600008554757 452.714299908839166
210.354599789716303 451.016899906098843
209.765699836425483 450.636900020763278
215.119099910371006 450.345499864779413
215.874099908396602 450.470200129784644
216.092299851588905 450.292500196956098
219.359300085343421 450.114699988625944
220.818199776113033 449.337900006212294
220.601499900221825 451.195799983106554
222.003200096078217 451.548000066541135
223.142000059597194 450.503399902954698
223.041399791836739 449.187999875284731
221.018200167454779 449.231400196440518
257.844800013117492 429.621200142428279
253.961600046604872 421.991099910810590
234.992599943652749 401.097199986688793

[OBSTACLE]
212.359000016003847 450.734399878419936
211.109999986365438 450.910499920137227
210.272900098934770 451.889899778179824
211.036400026641786 452.693400145508349
212.480000024661422 452.300799875520170
213.032900169491768 451.891200197860599

[OBSTACLE]
180.528899859637022 422.791199944913387
175.205699875950813 433.133400175720453
174.448699788190424 442.220999854616821
179.099899884313345 446.578399958088994
186.982300053350627 443.448399999178946
185.436999918892980 428.033099984750152

[OBSTACLE]
120.906799868680537 409.459899934008718
121.655099927447736 421.819000048562884
129.044399834237993 433.220400013960898
141.063200128264725 439.350300147198141
155.447100210003555 432.419000011868775

[OBSTACLE]
120.182799906469882 407.135999826714396
119.805199857801199 407.704799962230027
125.135799902491271 411.246499964036047
130.466500222682953 414.788100142031908
135.797200091183186 418.329800143837929
141.127899959683418 421.871599969454110
146.458599828183651 425.413200147449970
151.789300148375332 428.954900149255991
157.120000016875565 432.496600151062012
159.785299813374877 434.267499838024378
161.518599800765514 431.648000199347734
165.094700171612203 426.276200022548437
168.639599955640733 420.940700029022992
168.139800205826759 420.608700038865209
161.056400202214718 431.270099775865674
159.656499996781349 433.429699828848243
157.452000007033348 431.996900225058198
152.127899802289903 428.445399873889983
146.803700225427747 424.893899974413216
141.479600020684302 421.342299799434841
136.155499815940857 417.790799899958074
130.831400062888861 414.239300000481308
125.507200034335256 410.687699825502932

[OBSTACLE]
121.447300179861486 370.963399964384735
110.497599793598056 383.766099927015603
110.571099929511547 385.115599948912859
110.199800073169172 384.440300003625453
109.544200198724866 384.879700024612248
109.218499949201941 387.512300070375204
109.790699966251850 390.197799960151315
111.875700014643371 399.982299921102822
111.917400169186294 400.177899934351444
112.245699902996421 401.718899966217577
113.652200223878026 404.000299973413348
114.388899942860007 404.098900151439011
114.526000041514635 403.302799845114350
113.543600048869848 401.617500204592943
117.218199870549142 403.619800065644085
120.182799906469882 407.135999826714396
159.564100187271833 432.828699965029955
162.635400132276118 427.005200209096074
161.017200159840286 419.160099816508591
162.969700135290623 419.734400198794901
163.533799969591200 417.816199865192175
160.563400215469301 416.959699830040336
159.996199971064925 414.209899855777621
164.023999921046197 413.562799911014736
163.706800052896142 411.588100204244256
159.591800165362656 412.249199873767793
158.701700158417225 407.934200046584010
159.319899980910122 406.965499855577946
158.394999857991934 406.447300002910197
152.470500087365508 402.406700020655990
157.820999850519001 405.919499900192022
158.153100116178393 405.419700150378048
163.483799984678626 408.961400152184069
165.222499943338335 410.116600128822029
164.197900225408375 410.142300017178059
164.448499996215105 420.139200203120708
167.247599833644927 420.069000124931335
166.997000062838197 410.072099938988686
166.267300206236541 410.090400218032300
163.815799974836409 408.461699774488807
158.485100106336176 404.920000224374235
153.154399786144495 401.378300222568214
147.823699917644262 397.836600220762193
142.662599799223244 394.407599945552647
143.719200049526989 392.769199879840016
157.608199878595769 401.621999954804778
162.018400002270937 394.622199907898903
161.772399805486202 394.340199902653694
162.479000161401927 393.275900119915605
161.145999976433814 392.391099808737636
160.681799836456776 393.090300103649497
157.727199797518551 389.704099851660430
161.014799871481955 388.890000092796981
160.485599976964295 386.754599860869348
156.101499940268695 387.840900178998709
155.195499942637980 386.802499932236969
148.449299801141024 382.502499874681234
147.350999847985804 382.755999956279993
145.750999879091978 382.755999956279993
145.750999879091978 382.954300181008875
143.862399789504707 383.188400114886463
142.653200100176036 385.085099935531616
138.830399862490594 382.621100046671927
136.195999826304615 385.436200150288641
139.505899907089770 380.495099965482950
137.145700068213046 378.897600108757615
140.679900185205042 375.830200067721307

[OBSTACLE]
234.138600020669401 398.640600158832967
233.699199999682605 399.049300067126751
240.509700225666165 406.371699953451753
241.326899942941964 407.250400171615183
248.137400168925524 414.572800057940185
255.021100156009197 421.827099779620767
255.460399901494384 421.418500146828592
247.832699958235025 413.217400042340159
247.759500197134912 413.285500206984580
241.766299963928759 406.841699811629951
240.948999971151352 405.963000045157969

[OBSTACLE]
246.170999840833247 372.679799916222692
245.675600017420948 373.684999938122928
245.766800134442747 374.059000005945563
244.271400161087513 374.306800193153322
239.612200157716870 374.091200185939670
239.517900082282722 375.237299934960902
239.731700099073350 375.247200108133256
236.035900139249861 388.406200157478452
238.929800074547529 394.592699939385056
255.321699911728501 412.026000157929957
257.220599921420217 414.155999966897070
257.273399941623211 414.101600055582821
259.335099938325584 416.294300057925284
266.299000000581145 418.964100056327879
275.124400020577013 398.557699872180820
272.832900192588568 383.689199909567833
259.951800145208836 377.739199898205698
260.684699784033000 376.743300203233957
260.316999908536673 375.894599976018071
259.167600101791322 375.701700174249709
258.478599903173745 376.550500225275755
258.844000217504799 377.227400061674416
250.343000027351081 373.300600126385689
247.561499895527959 373.761500208638608
247.726000049151480 373.291600174270570

[OBSTACLE]
238.531999932602048 394.554400118067861
238.092700187116861 394.963000202551484
244.903100137598813 402.285400088876486
245.720400130376220 403.164099855348468
252.530800080858171 410.486500193364918
259.414500067941844 417.740799915045500
259.853900088928640 417.332199830561876
252.970200101844966 410.077900108881295
252.226099870167673 409.131100177764893
252.152700009755790 409.198899967595935
246.159699875861406 402.755500222556293
245.342500158585608 401.876800004392862

[OBSTACLE]
203.594000176526606 403.455799934454262
201.487200143747032 406.282900124788284
205.653099785558879 409.835400069132447
207.774300193414092 406.724100136198103

[OBSTACLE]
211.902199937030673 394.640699834562838
209.299399782903492 398.493099864572287
208.135300129652023 397.709300019778311
206.348099801689386 400.363799873739481
207.508000079542398 401.144699859432876
205.632200022228062 403.921099943108857
212.261099959723651 408.399700154550374
218.531099874526262 399.119200222194195

[OBSTACLE]
214.550400050356984 392.642900175414979
213.099199892021716 394.296399834565818
218.034600182436407 398.678300133906305
219.511000206694007 396.996300099417567

[OBSTACLE]
180.800000098533928 394.209699919447303
180.800000098533928 395.209700069390237
181.799999796785414 395.209700069390237
181.799999796785414 394.209699919447303

[OBSTACLE]
203.404399980790913 384.671399802900851
202.841300191357732 385.795700019225478
202.926299939863384 385.878700129687786

[OBSTACLE]
172.113099968992174 372.420899863354862
171.865199957974255 372.967300168238580
175.297900037840009 374.598100073635578
177.693600114434958 375.611200178973377
183.521899995394051 378.254999914206564
185.407299851067364 379.110299805179238
185.313999820500612 379.365500053390861
188.319599889218807 380.463899830356240
189.350300151854753 380.899000200442970
190.854900176636875 381.676300205290318
190.144399916753173 383.109799930825830
191.577999917790294 383.820400014519691
192.288500177673995 382.386800013482571
195.234099812805653 383.535199775360525
195.457800002768636 383.009700137190521
189.598200162872672 380.352500071749091
188.537600184790790 379.867400168441236
188.868799777701497 378.961099795997143
185.863200160674751 377.862700019031763
185.618499931879342 378.532300069928169
183.785799820907414 377.694000038318336
177.941399849951267 375.064799874089658

[OBSTACLE]
192.288500177673995 382.386800013482571
191.687100115232170 383.823200049810112
194.585199877619743 385.195899847894907
195.262999935075641 383.746599955484271

[OBSTACLE]
175.124100008979440 361.306500127539039
172.706899871118367 362.243699808605015
172.080799965187907 362.486399947665632
169.721199972555041 363.394199935719371
166.174699845723808 364.758700178936124
167.483600033447146 368.344399896450341
168.723300187848508 371.542099821381271
169.532499997876585 370.731800142675638
168.414299874566495 367.988599832169712
168.078100057318807 368.117100177332759
166.947500100359321 365.109200095757842
169.943100172095001 363.983800010755658
172.313099908642471 363.093499904498458
172.937200176529586 362.854700121097267
175.114999781362712 362.021300038322806
177.840200187638402 363.243600134737790
183.684199959971011 365.852799853309989
189.528200183995068 368.462000023573637
195.372100132517517 371.071300017647445
198.294099792838097 372.375900102779269
198.439199798740447 372.050999798811972
204.307300020009279 374.606099980883300
206.933700148947537 375.974800051189959
206.652800012379885 376.611399976536632
205.204300065524876 375.932599874213338
203.898900034837425 378.895300095900893
205.363200148567557 379.540000203996897
205.749999796971679 378.661599908955395
205.947899823077023 378.750099814496934
204.625100186094642 381.664000195451081
203.300399831496179 384.549500024877489
203.404399980790913 384.671399802900851
204.745900095440447 381.717900084331632
206.096200062893331 378.816300164908171
207.461999822407961 375.757400053553283
204.385200082324445 374.438400045037270
198.538800021633506 371.828000182285905
195.616799909621477 370.523400097154081
189.772800137288868 367.914199926890433
183.928799913264811 365.304899932816625
178.084899964742362 362.695700214244425

[OBSTACLE]
202.368900044821203 381.897400007583201
201.552199898287654 383.290299898944795
202.926099840551615 384.110300103202462
203.746199868619442 382.736400160938501

[OBSTACLE]
203.898900034837425 378.895300095900893
202.569199907593429 381.861700122244656
204.017600030638278 382.541600093245506
205.326399942860007 379.622100093401968

[OBSTACLE]
199.650900051929057 376.390399998053908
198.868400175124407 378.338799970224500
198.458300023339689 379.359899982810020
199.942999877966940 379.956199997104704
201.135700182057917 376.986799836158752

[OBSTACLE]
196.376600032672286 374.698300142772496
194.393800143152475 376.050499924458563
194.559200066141784 378.600500058382750
196.872699977830052 379.685700056143105
198.868400175124407 378.338799970224500
198.690099944360554 375.783599964343011

[OBSTACLE]
233.502399842254817 374.140500049106777
232.753400113433599 374.635899872519076
232.587300068698823 375.275900131091475
233.068099869415164 375.370800052769482
234.038499775342643 374.785599904134870
235.834499956108630 375.137099865823984
236.030699815601110 375.175499962642789
237.836499894037843 375.529000014066696
238.483500014990568 376.440100059844553
239.022300159558654 376.550699872896075
239.079399830661714 375.894399876706302
238.599499799311161 375.063600181601942
238.108799825422466 374.970800173468888
237.951800008304417 374.940100060775876
236.145999929867685 374.586600009351969
235.949699794873595 374.548199912533164
234.158699838444591 374.197600171901286
233.987000174820423 374.164000200107694

[OBSTACLE]
172.376800146885216 373.366500101983547
171.727599836885929 374.828600026667118
174.675999958999455 376.072299908846617
175.297900037840009 374.598100073635578

[OBSTACLE]
206.779499915428460 371.301099848933518
205.915299896150827 373.104800013825297
211.326399939134717 375.697199972346425
212.190500134602189 373.893499807454646

[OBSTACLE]
186.674900082871318 372.334600146859884
186.044899821281433 373.805200001224875
188.965200218372047 375.111899999901652
189.615100198425353 373.574799872003496

[OBSTACLE]
195.909799956716597 371.656399890780449
195.280100069940090 373.100600186735392
198.193599800579250 374.410299868322909
198.785699987784028 372.925000167451799

[OBSTACLE]
190.011599920690060 369.595699938945472
188.723099925555289 372.521899878047407
190.187400039285421 373.166699809953570
191.476999903097749 370.238100034184754

[OBSTACLE]
200.539200068451464 368.526800130493939
199.677500161342323 370.333700077608228
205.160499997437000 372.769499965943396
205.992999859154224 370.951399877667427

[OBSTACLE]
178.252399801276624 370.368399918079376
177.608500090427697 371.794899781234562
179.042100091464818 372.505400041118264
179.752599899657071 371.071800040081143

[OBSTACLE]
188.219599919393659 368.810199927538633
186.933000190183520 371.731900116428733
188.428499987348914 372.329200175590813
189.684999901801348 369.452500198967755

[OBSTACLE]
186.335200108587742 367.984100081957877
184.475800064392388 370.649699801579118
185.780099774710834 371.625899877399206
187.624200126156211 368.950300160795450

[OBSTACLE]
257.615999775007367 365.477300169877708
254.524099989794195 366.664199852384627
254.313600030727684 368.776399856433272
255.822300058789551 370.042099822312593
255.715699973516166 370.173400202766061
256.301799891516566 371.259299870580435
257.094400040805340 371.490499945357442
257.921799854375422 370.366300004534423
258.971299966797233 370.060499925166368
258.818200053647161 367.289100065827370

[OBSTACLE]
176.981900162063539 368.978599985130131
176.775399930775166 369.358899793587625
176.218599881976843 370.384700107388198
177.624700004234910 371.148100211285055
178.388100108131766 369.741899813525379

[OBSTACLE]
174.575100219808519 365.594200175255537
172.362200124189258 366.872299974784255
172.367999842390418 369.427200057543814
174.504900141619146 370.605700085870922
176.775399930775166 369.358899793587625
176.826300136744976 368.435099991038442
176.665699887089431 366.772899851202965

[OBSTACLE]
209.680400164797902 352.842199867591262
206.578100183978677 353.978699818253517
204.493100135587156 356.789399995468557
204.437500080093741 356.864299923181534
203.244600128382444 359.406100050546229
202.536699804477394 360.375199988484383
203.508299854584038 361.079400056041777
204.220100082457066 360.104900146834552
205.588999800384045 357.216599830426276
205.707500148564577 357.056599878706038
207.152499938383698 355.105599970556796
209.748299778439105 354.156000004149973
212.373199840076268 354.751700172200799
214.957200144417584 356.639300216920674
217.485700217075646 358.558500143699348
218.722000038251281 360.724899959750473
218.093499843962491 363.182300184853375
216.206000074744225 365.766200213693082
215.498100202530622 366.735300151631236
214.790300154127181 367.704299814067781
213.821300039999187 366.996399941854179
212.852299925871193 366.288599893450737
212.108599892817438 367.312799864448607
213.113499991595745 367.965400055982172
215.051500219851732 369.381099976599216
216.467099864967167 367.443100200034678
217.175000188872218 366.474100085906684
219.062499958090484 363.890099781565368
219.959400179795921 360.458500022068620
218.174900063313544 357.494800207205117
215.665000192821026 355.670300102792680
213.080999888479710 353.782700058072805

[OBSTACLE]
177.347099925391376 366.965600005351007
176.826300136744976 368.435099991038442
178.271200102753937 369.037200175225735
178.835500036366284 367.552600144408643

[OBSTACLE]
261.322900052182376 363.591800038702786
261.067000133916736 364.908899781294167
262.761499825865030 367.613600171171129
264.600599952973425 368.264300096780062
265.924600185826421 366.566900094039738

[OBSTACLE]
189.286000067368150 363.496799841523170
188.455699943006039 365.316300173290074
193.914200034923851 367.807299918495119
194.744500159285963 365.987700214609504

[OBSTACLE]
178.368799784220755 365.193300074897707
178.368799784220755 366.793300043791533
179.968800204806030 366.793300043791533
179.968800204806030 365.193300074897707

[OBSTACLE]
176.219099904410541 364.713300219736993
176.219099904410541 366.313400012440979
177.819099873304367 366.313400012440979
177.819099873304367 364.713300219736993

[OBSTACLE]
97.122099967673421 339.944000137038529
93.977799909189343 360.039699841290712
110.323100094683468 365.716099953278899
116.203100127168000 351.371199814602733
108.745400132611394 343.572100130841136

[OBSTACLE]
183.141700010746717 360.851299939677119
182.349399784579873 362.687699855305254
187.860499797388911 365.060099880211055
188.652599924243987 363.224100163206458

[OBSTACLE]
177.116800071671605 358.118199901655316
176.300500123761594 359.943999974057078
181.778000164777040 362.392799993976951
182.580799958668649 360.596799813210964

[OBSTACLE]
246.386799947358668 353.978899917565286
244.175500194542110 354.026200142689049
243.946900055743754 355.986600201576948
245.348599799908698 356.338900108821690
246.487400215119123 355.294200121425092

[OBSTACLE]
213.945199907757342 350.241200155578554
213.832699828781188 350.251700174994767
211.953900088556111 350.427600117400289
209.962700093165040 350.614099903032184
208.096300186589360 350.706399888731539
207.955699930898845 350.752999992109835
207.073400183580816 351.045099818147719
206.374499811790884 351.276499992236495
206.155900121666491 351.392000205814838
204.606099785305560 352.210799814201891
202.837700210511684 353.145100087858737
203.304900033399463 354.029199825599790
205.073300059884787 353.094999827444553
206.841599810868502 352.160700005479157
208.129499959759414 351.742399847134948
210.055899848230183 351.609799950383604
212.047099843621254 351.423300164751709
214.038400114513934 351.236900202929974
215.071100015193224 351.529399775899947
216.649200175888836 352.806499982252717
218.203800185583532 354.064499964006245
219.704900053329766 355.388699844479561
220.360999950207770 354.596699993126094
218.812099834904075 353.331500049680471
217.263299995101988 352.066300106234848
215.718699982389808 350.795700191520154
215.663700224831700 350.858100010082126
215.442599970847368 350.568600120022893
214.493299927562475 350.249499985948205

[OBSTACLE]
182.689999979920685 341.790600148960948
179.838699968531728 343.370999870821834
177.741899932734668 346.037800186313689
176.334300194866955 348.944599977694452
175.254599992185831 351.088099940679967
177.398000131361187 352.167699867859483
177.937900144606829 351.096000024117529
176.866100025363266 350.556199834682047
177.435400183312595 349.415799980051816
178.812299808487296 346.711000218056142
180.646299887448549 344.342299997806549
183.155200164765120 342.967699933797121
185.682200170122087 343.185899876989424
188.765500201843679 344.068799922242761
188.940600198693573 344.163399920798838
191.096599819138646 345.327900224365294
191.862200112082064 347.746000131592155
191.625899989157915 350.937300040386617
191.537299808114767 352.134000072255731
191.448700078763068 353.330700104124844
190.252000046893954 353.242099923081696
189.055300015024841 353.153500193729997
188.966699833981693 354.350300049409270
190.163399865850806 354.438899778760970
192.556799929589033 354.616100140847266
192.733999839983881 352.222700077109039
192.822699844837189 351.025900221429765
193.058900143951178 347.834700136445463
192.006099973805249 344.447699938900769
189.008100065402687 342.917699948884547
188.924800031818449 342.875199848785996
186.225200141780078 342.110000206157565

[OBSTACLE]
259.157300181686878 345.994800063781440
258.800099873915315 347.627199860289693
259.871199871413410 347.956700189970434
260.572500079870224 347.661299854516983
260.555100021883845 346.230299789458513

[OBSTACLE]
250.457300096750259 345.514199910685420
249.314400129951537 347.062899926677346
249.906400041654706 347.905899807810783
251.681200084276497 347.850300204008818
251.865899879485369 346.154200169257820

[OBSTACLE]
232.401400129310787 342.230000169947743
230.492399847134948 342.826499831862748
228.583499840460718 343.422999945469201
226.674500009976327 344.019500059075654
224.765500179491937 344.616099996492267
222.856499897316098 345.212600110098720
220.947599890641868 345.809100223705173
221.245799809694290 346.763600138947368
223.154800091870129 346.167100025340915
225.063799922354519 345.570599911734462
226.972699929028749 344.973999974317849
228.881700211204588 344.377499860711396
230.790700041688979 343.780899923294783
232.699699872173369 343.184399809688330

[OBSTACLE]
303.340199808590114 276.053499970585108
276.173200011253357 285.062799840234220
280.211299881339073 310.054899891838431
284.391299975104630 346.628800053149462
338.744200146757066 341.901100138202310
361.586500043049455 323.815800026059151
351.173999910242856 281.162000168114901
314.250700152479112 282.957900073379278

[OBSTACLE]
175.941600101068616 333.945600031875074
175.224399901926517 334.642499862238765
176.618200014345348 336.076899808831513
178.011899851262569 337.511300207115710
179.405699963681400 338.945700153708458
179.661000035703182 339.196000001393259
180.565200042910874 339.699500007554889
181.111299972981215 339.733899924904108
181.226699911057949 339.741200162097812
183.114299955777824 339.711200171150267
185.114100156351924 339.739799918606877
187.113899905234575 339.768600217066705
189.113700105808675 339.797199964523315
191.113499854691327 339.825999811291695
192.108699879609048 340.227800132706761
193.513299934566021 341.694099884480238
194.907000223174691 343.128400007262826
196.300799883902073 344.562799953855574
197.694599996320903 345.997199900448322
198.411800195463002 345.300300070084631
197.018000083044171 343.865900123491883
195.624199970625341 342.431500176899135
194.230500133708119 340.997200054116547
192.831500149331987 339.567900155670941
192.770000100135803 339.623999781906605
192.581399949267507 339.312499808147550
191.671899794600904 338.893200056627393
191.127799954265356 338.826099936850369
191.014799852855504 338.824500045739114
189.128000205382705 338.797399913892150
187.128200004808605 338.768699890933931
185.128399804234505 338.739999867975712
183.128699879162014 338.711299845017493
181.188400089740753 338.762400150299072
180.122900162823498 338.248799871653318
178.729100050404668 336.814399925060570
177.335400213487446 335.379999978467822

[OBSTACLE]
248.461000053212047 339.399800021201372
247.965599778108299 340.405000043101609
248.116599777713418 341.150200143456459
249.561500195413828 341.354300086386502
250.015899986028671 340.011599827557802

[OBSTACLE]
237.783699873834848 284.646800146438181
237.521600038744509 285.101999882608652
237.295700111426413 285.055000032298267
218.717999858781695 287.907699835486710
227.135700015351176 326.166600165888667
237.068699863739312 341.015600156970322
245.573200210928917 336.573699875734746
251.248799925670028 336.370199779048562
254.195299781858921 332.070299996994436
264.775999872945249 326.544000115245581
264.796499889343977 308.079399787820876
258.774699908681214 289.525200137868524
242.067299918271601 286.047999868169427
242.093300181441009 285.592600032687187

[OBSTACLE]
111.478099972009659 325.156199820339680
108.446500091813505 335.237199985422194
118.160700150765479 340.687299971468747
129.562999885529280 334.183099847286940

[OBSTACLE]
161.418500007130206 330.931799956597388
160.868699820712209 331.764199994504452
162.456700154580176 332.979999799281359
164.044700036756694 334.195800055749714
165.632699918933213 335.411599860526621
167.220699801109731 336.627400116994977
168.808700134977698 337.843199921771884
170.396799840964377 339.059100002050400
171.004700195044279 338.264999785460532
169.416699861176312 337.049199980683625
167.828600155189633 335.833400175906718
166.240599821321666 334.617599919438362
164.652599939145148 333.401800114661455
163.064600056968629 332.185999858193099

[OBSTACLE]
185.344199910759926 269.906599977985024
159.271299787797034 277.825499977916479
140.215499945916235 322.612900077365339
154.822900118306279 331.678899871185422
161.241000173613429 309.149000169709325
178.864499982446432 289.934799815528095

[OBSTACLE]
190.035699917934835 301.513799889944494
182.931499974802136 307.836200078018010
183.973600026220083 315.934399901889265
189.976699980907142 320.508999903686345
191.919600157998502 316.901199826970696

[OBSTACLE]
273.045000042766333 296.178200072608888
272.625500191934407 296.210200153291225
272.603899855166674 296.711799893528223
272.705599991604686 296.707600066438317
273.467799951322377 299.539799853228033
273.519700202159584 299.732700106687844
274.298399998806417 302.626000195741653
274.350299797952175 302.818899997510016
275.128799946978688 305.711599788628519
275.208400175906718 306.208000108599663
275.332099944353104 306.174799883738160
276.842399863526225 308.867699834518135
277.164099933579564 308.684899853542447
275.690499944612384 306.078599994070828
275.486100078560412 305.615399898961186
274.707599929533899 302.722799931652844
274.655700130388141 302.529900129884481
273.876999882049859 299.636500217020512
273.825100082904100 299.443599963560700
273.084500008262694 296.691999998874962

[OBSTACLE]
140.209500128403306 291.920599839650095
139.695200179703534 292.255099941976368
138.019199962727726 293.040000107139349
137.855000183917582 293.113999813795090
137.107399795204401 293.450700105167925
136.597500224597752 293.974599852226675
135.240699965506792 295.416599959135056
135.089999889023602 295.576800010167062
134.747400055639446 295.941000180318952
134.422300104051828 296.651200065389276
134.522699820809066 297.256599855609238
134.584499793127179 299.286400047130883
135.184200140647590 299.268200043588877
135.121299847960472 297.202999889850616
135.568300029262900 296.003399998880923
137.034499957226217 294.385700048878789
138.071799883618951 293.610499957576394
139.971600114367902 292.783999913372099
141.252200026065111 292.739000152796507
143.119699801318347 293.407400059513748
143.308000029064715 293.474800102412701
145.178200015798211 294.183600195683539
145.365199823863804 293.614099938422441
143.494900013320148 292.905299845151603
143.333199894987047 292.843900071457028
141.669099940918386 292.211999995633960
141.463400106877089 292.134099933318794
140.995800085365772 291.956900022923946

[OBSTACLE]
145.225399965420365 287.508900100365281
144.950399822555482 288.470399877987802
146.873300005681813 289.020400163717568
148.796200188808143 289.570499821566045
149.651899826712906 290.218400163576007
150.624700020998716 292.000499991700053
151.595399850048125 293.749100123532116
152.469700141809881 293.263800120912492
151.498999861069024 291.515199989080429
150.521800192072988 289.770100014284253
150.447899857535958 289.808200187981129
150.347200217656791 289.458300117403269
149.578799889422953 288.815999845974147
149.071199879981577 288.609000043943524
147.148300148546696 288.059000209905207

[OBSTACLE]
275.694200200960040 276.977100125513971
275.481899799779058 277.428399957716465
275.490799928084016 277.435200172476470
273.718700096942484 279.781599934212863
273.550500138662755 279.722599997185171
273.402199898846447 280.200100191868842
273.486200054176152 280.226100003346801
272.591599845327437 283.021700135432184
272.466199910268188 283.018299802206457
272.503500138409436 283.519600071012974
272.416100101545453 286.472799866460264
272.410200107842684 286.672699982300401
272.323199817910790 289.616899825632572
272.315600109286606 289.871300128288567
272.327600196003914 290.111599978990853
272.481299955397844 293.202699818648398
272.850799821317196 293.184300167486072
272.697900007478893 290.132800117135048
272.692899783141911 289.627899867482483
272.779999896883965 286.683700024150312
272.785899890586734 286.483799908310175
272.873400202952325 283.530600112862885
272.961900108493865 283.031799956224859
273.828400140628219 280.331900143064559
274.075399930588901 279.906800221651793
275.785800064913929 277.657399843446910
276.130699911154807 277.291400134563446

[OBSTACLE]
118.176999888382852 279.173299833200872
117.706099809147418 279.341399967670441
119.160800124518573 283.418499780818820
119.217500048689544 283.577599963173270
121.212399848736823 287.188400174491107
121.357199931517243 287.450500009581447
123.415299947373569 291.217700191773474
123.854100122116506 290.978000187315047
121.796000106260180 287.210800005123019
121.650900100357831 286.948700170032680
119.665100076235831 283.361100186593831
119.600200145505369 283.178600128740072

[OBSTACLE]
91.567399986088276 285.044900211505592
91.322800032794476 285.081199943087995
89.620899828150868 285.333900079131126
87.610399960540235 285.630200183950365
85.631999997422099 285.922899856232107
83.653500210493803 286.215500156395137
81.674999971874058 286.508199828676879
81.821300121955574 287.497400036081672
83.799799908883870 287.204800187610090
85.778300147503614 286.912100063636899
87.756700110621750 286.619500215165317
89.735199897550046 286.326800091192126
91.713700136169791 286.034199791029096
93.028600141406059 286.120700058527291
94.798100036568940 286.552600194700062
94.927899898029864 286.584299900569022
95.854800110682845 286.729800105094910
96.593600194901228 286.696599880233407
96.845100186765194 286.685299915261567
98.570800013840199 286.374000040814281
98.424499863758683 285.384700009599328
96.531400023959577 285.697900149971247
95.171499806456268 285.614199917763472
93.380800224840641 285.080100074410439
93.232599808834493 285.077200215309858
92.303400035016239 285.059199859388173

[OBSTACLE]
201.622699899598956 274.833299787715077
200.808400041423738 277.942399983294308
200.756199867464602 278.135400060564280
199.989800080657005 280.968200145289302
199.847200186923146 281.449900167062879
198.840500097721815 284.475199854932725
199.200900187715888 284.537400025874376
200.197799927555025 281.566499797627330
200.430099871009588 281.116900132037699
200.340500096790493 281.086600217968225
201.114000021480024 278.229200113564730
201.166300019249320 278.036100212484598
201.976600149646401 274.940399895422161

[OBSTACLE]
104.850099803879857 279.961299956776202
104.307500030845404 280.039499942213297
104.198000086471438 280.067699942737818
102.370499847456813 280.537599977105856
100.433500115759671 281.035700011998415
100.682599819265306 282.004200103692710
102.619600002653897 281.506100068800151
104.556499910540879 281.008000033907592
105.622400036081672 281.133999815210700
107.247599870897830 282.110100067220628
107.210099995136261 282.157700215466321
108.210299792699516 282.582199838943779
108.928200113587081 282.760099871084094
109.172399868257344 282.820599875412881
110.780700119212270 282.997199939563870
110.915500205010176 283.012000061571598
111.852399962954223 283.059799857437611
112.583799986168742 282.949499967508018
112.832600218243897 282.912000091746449
114.516200143843889 282.421699864789844
116.453199875541031 281.923599829897285
116.204199995845556 280.955100189894438
114.254000033251941 281.409299881197512
112.417300194501877 281.962799872271717
111.056100009009242 282.021900084801018
109.152000127360225 281.784800016321242
107.871799962595105 281.318499962799251
106.146199959330261 280.307300123386085
106.101700221188366 280.377600025385618
105.837799943983555 280.126600055955350

[OBSTACLE]
87.323200083337724 277.098999903537333
87.431299784220755 277.244599931873381
85.432899827137589 277.323500039055943
83.434400046244264 277.402299870736897
81.436000089161098 277.481199977919459
79.437499856576324 277.559999809600413
77.439099899493158 277.638899916782975
77.478500041179359 278.638100121170282
79.471200103871524 278.484199810773134
81.475399779155850 278.480400182306767
83.473900011740625 278.401599898934364
85.472299968823791 278.322699791751802
87.470699925906956 278.243800136260688
87.464200085960329 278.078899784013629
88.099899790249765 278.734599933959544
88.866800051182508 278.784500095061958
88.969100033864379 278.163600061088800
88.359299865551293 277.396500152535737

[OBSTACLE]
209.886000175029039 198.157300068996847
243.282100129872561 273.710399814881384
243.372600125148892 273.914999780245125
243.479000111110508 273.912899866700172
243.536900179460645 274.081599847413599
244.459999860264361 274.669999778270721
245.108299949206412 274.882999849505723
249.235200099647045 276.987600144930184
252.432499825954437 273.732399898581207
253.641100120730698 273.707999978214502
254.370799977332354 271.759000159800053
255.572000211104751 270.535999941639602
255.076099913567305 269.874899820424616
261.145099843852222 253.663799874484539
259.569600070826709 220.461100195534527
251.854200167581439 216.997600179165602
258.941299975849688 218.806600039824843
258.219500202685595 217.301499992609024
260.606100051663816 218.135400097817183
261.202699989080429 214.120400180108845
257.618400063365698 216.048000212758780
255.517400200478733 211.666899858973920
252.394400103949010 215.541700171306729
252.616599774919450 214.447000198997557
250.719699854962528 214.492299882695079
250.436800080351532 215.845599984750152
251.164499847218394 216.687900195829570
235.745200105011463 209.766000211238861
235.646300003863871 209.382199794054031
228.732199827209115 206.428499976173043
228.775600148364902 206.637199944816530

[OBSTACLE]
125.468599838204682 49.399219928309321
122.463699891231954 49.965410190634429
112.814599862322211 51.482270024716854
125.465299780480564 73.943190118297935
132.798899807967246 70.443529943004251
107.729599815793335 94.557719784788787
114.620199841447175 131.278599891811609
98.589700139127672 186.327399848960340
114.409100036136806 219.055500095710158
139.293300034478307 273.864100025966763
150.759399831295013 252.983300057239830
154.876899830996990 247.742100139148533
155.318599864840508 248.045900128781796
154.321900224313140 248.953500017523766
154.378900071606040 249.140400001779199
153.350499821826816 250.232299938797951
156.377000105567276 253.074800097383559
157.335500200279057 252.054299931041896
157.201500060036778 251.922200056724250
158.161999792791903 251.059700204059482
156.756900167092681 249.485900145955384
156.877499977126718 249.118600017391145
158.327299891971052 250.116100055165589
159.120199964381754 248.962299870327115
158.966899951919913 248.851400134153664
159.786999979987741 247.854200019501150
156.609399872832000 245.182399931363761
155.672000092454255 246.353400074876845
155.756499818526208 246.529500116594136
154.956099861301482 247.641300223767757
154.642999996431172 247.392299892380834
152.013299809768796 250.699899960309267
163.153500161133707 230.412399871274829
153.999799955636263 188.370800018310547
155.668999957852066 191.428900184109807
156.967900148592889 190.678800134919584
154.892499898560345 187.084999782964587
153.850800045765936 187.686599944718182
153.527200161479414 186.200499846599996
153.976100157015026 186.364299878478050
155.398299917578697 182.465600119903684
154.114100025035441 181.975099793635309
153.138999817892909 184.417399973608553
150.042400183156133 170.195499933324754
156.828400213271379 115.063399942591786
151.182700213976204 101.933119790628552
154.625800037756562 105.157199851237237
155.063799815252423 105.567399826832116
158.139599962159991 102.282620114274323
157.701600184664130 101.872510025277734
156.402999917045236 103.259350024163723
156.690000146627426 102.470020120963454
156.450999812223017 100.921240155585110
155.290000117383897 100.370029788464308
154.953499925322831 100.445629837922752
155.240000132471323 100.000019962899387
155.340000102296472 98.200010117143393
153.160600154660642 97.347240149974823
151.896500079892576 97.799740126356483
152.566999900154769 97.114940206520259
152.053499897010624 96.639230065047741
149.896699879318476 98.942299969494343
149.701099866069853 98.487410093657672
149.703000131994486 98.016019929200411
149.498400166630745 98.016029866412282
147.637299955822527 93.687640097923577
146.822299975901842 91.792149906978011
146.533600031398237 90.287160072475672
146.423100042156875 88.139980179257691
146.310099940747023 85.971670160070062
146.067500077188015 81.612769989296794
144.003299968317151 77.840599846094847
141.939200134947896 74.068440091796219
140.907100080512464 72.182340114377439
138.867499991320074 68.502399944700301
138.826700057834387 66.352780014276505
138.651199862360954 62.226969795301557
140.474800197407603 61.088099819608033
142.298400080762804 59.949250170029700
144.121999964118004 58.810380194336176
147.769200182519853 56.532670054584742
149.423100040294230 55.499750180169940
150.456399787217379 57.153510013595223
152.145200036466122 59.856520174071193
148.757199794054031 58.921260056085885
141.656599831767380 63.409090130589902
148.988500144332647 75.009770039469004
147.051499960944057 74.569270149804652
145.720999888144433 80.419889912009239
148.402500050142407 81.029709954746068
149.627499906346202 75.642810184508562
156.557500073686242 71.262909974902868
157.330400152131915 66.870559793896973
153.056300082243979 60.108020165935159
152.572699794545770 59.974529985338449
150.710800089873374 56.994580118916929
149.571599927730858 55.171200209297240
149.475799784995615 55.231060166843235
149.434499829076231 55.173629857599735
149.317200076766312 55.330149978399277
147.610300099477172 56.278210128657520
143.963099881075323 58.555919816717505
142.139499997720122 59.694789792411029
140.315900114364922 60.833649830892682
138.557899831794202 62.002270012162626
138.445299929007888 62.059230110608041
138.526799972169101 66.358460034243762
138.567500081844628 68.508070027455688
140.643899925053120 72.326350188814104
141.662699924781919 74.217389863915741
143.740200088359416 77.984609920531511
145.804299921728671 81.756780063733459
146.013100165873766 86.008240003138781
146.123499879613519 88.155400021933019
146.189899877645075 90.321499914862216
136.225600070320070 67.147340052761137
135.641999812796712 67.708730190061033
131.499299947172403 56.345330122858286

[OBSTACLE]
114.981199777685106 262.452599788084626
114.903199891559780 266.651900205761194
114.897599820978940 266.951799839735031
114.817900219932199 271.251099775545299
115.313099944032729 271.304000071249902
115.397400022484362 266.961100166663527
115.403200192376971 266.661200080998242
115.481099803000689 262.461900115013123

[OBSTACLE]
277.372099780477583 261.069399970583618
277.007699962705374 261.133100208826363
277.567399870604277 264.293900104239583
277.648000144399703 264.789599850773811
278.061199802905321 267.573199896141887
278.038000026717782 268.067400027066469
278.457600153051317 268.178300214931369
278.585199825465679 267.694900026544929
278.451099861413240 267.663800166919827
278.080899873748422 264.724699920043349
278.042699876241386 264.421600052155554
278.004199955612421 264.229099997319281

[OBSTACLE]
151.570199984125793 261.621300070546567
151.218499923124909 261.972099910490215
151.650400059297681 262.323799971491098
151.961600109934807 261.932500121183693

[OBSTACLE]
151.778999776579440 253.378300163894892
150.902800122275949 254.510700111277401
153.033599876798689 256.202799966558814
150.919799981638789 254.692899794317782
150.150400060229003 255.961599894799292
153.521900014020503 258.271699924953282
154.312200150452554 257.116100201383233
154.159299884922802 257.006900180131197
154.976299954578280 256.006499831564724
152.019199803471565 253.471299819648266

[OBSTACLE]
155.604300126433372 256.548399934545159
155.304699963890016 256.925200037658215
155.695600067265332 257.235999889671803
156.006800117902458 256.844600215554237

[OBSTACLE]
174.432299775071442 247.529800189658999
173.791900221258402 247.596500110812485
173.589799916371703 247.614400191232562
173.007700177840889 247.665899791754782
172.269499939866364 247.978399810381234
171.978099783882499 248.515000217594206
170.824699797667563 249.936799779534340
170.698700016364455 250.092099881730974
169.438699944876134 251.645300099626184
169.904599799774587 252.023299895226955
171.164599871262908 250.469999853521585
171.290600104257464 250.314800026826560
172.466300097294152 248.865599958226085
173.748100153170526 248.161800089292228
175.057400087825954 248.294499809853733
175.242599905468524 248.313300111331046
176.974200177937746 248.875500131398439
177.164400219917297 248.937300103716552
178.889699848368764 249.450500183738768
179.081399957649410 249.507500031031668
180.870099901221693 250.039599784649909
181.996700130403042 250.971699869260192
182.386600188910961 252.215900225564837
182.442300068214536 252.393699982203543
182.585600083693862 254.208700112067163
182.601399798877537 254.408100205473602
182.808199953287840 256.397300111129880
183.405200089327991 256.336800106801093
183.198199835605919 254.345999858342111
183.174599860794842 254.147400162182748
182.959499876014888 252.340000192634761
182.940900125540793 252.160900016315281
182.856199848465621 251.345300190150738
182.528499960899353 250.714299883693457
182.463800129480660 250.594700118526816
182.185700028203428 250.081099839881063
181.611199998296797 249.565100176259875
181.006799801252782 249.456099802628160
179.222000213339925 248.925000093877316
179.060300095006824 248.877100022509694
177.375200102105737 248.377199997194111
177.142100213095546 248.311200197786093
175.366600048728287 247.809000159613788
175.217999885790050 247.764599793590605

[OBSTACLE]
198.692499781027436 250.147400014102459
198.083700109273195 250.225500175729394
196.252899812534451 250.225399900227785
194.252899964340031 250.225399900227785
194.052900024689734 250.228400034829974
192.232900122180581 250.255399891175330
191.232899972237647 250.255399891175330
190.571400104090571 250.516300033777952
190.445800069719553 250.568399932235479
189.906299803406000 250.791999846696854
189.318000148050487 251.306199971586466
189.161499901674688 251.899600126780570
188.461399837397039 253.591100135818124
188.384900018572807 253.775900206528604
187.619999847374856 255.623900010250509
188.174400059506297 255.853300094604492
188.939299779012799 254.005400114692748
189.015800049528480 253.820600043982267
189.729399816133082 252.096300008706748
190.757300043478608 251.056299870833755
192.049999865703285 250.810199850238860
192.232900122180581 250.775400185957551
194.053199947811663 250.801100074313581
194.253199887461960 250.803900109604001
196.052800049073994 250.829300074838102
196.252799988724291 250.832100110128522
198.117800103500485 250.858300020918250
199.473099843598902 251.377400094643235
200.195199991576374 252.477799961343408
200.297299874946475 252.633399986661971
200.952200079336762 254.332199781201780
201.024099872447550 254.518799842335284
201.789500066079199 256.366500174626708
202.343800002709031 256.136899990960956
201.578399809077382 254.289200110360980
201.499099954962730 254.105600183829665
200.777699928730726 252.434400091879070
200.708799818530679 252.268099947832525
200.394999831914902 251.510500013828278
199.900999800302088 250.999099924229085
199.804900186136365 250.902999858371913
199.391799899749458 250.489999847486615

[OBSTACLE]
153.715900136157870 250.884299832396209
152.781099840067327 252.057300065644085
152.866000216454268 252.233200008049607
152.019199803471565 253.471299819648266
155.444699921645224 255.814100052230060
156.221600179560483 254.657199908979237
156.078999834135175 254.554199804551899
156.899000038392842 253.548899958841503
156.377000105567276 253.074800097383559

[OBSTACLE]
274.635599860921502 248.031899952329695
274.170599775388837 248.116599777713418
274.353400208055973 248.567900061607361
274.696799986995757 251.472000093199313
274.593299860134721 251.499499971978366
274.725200086832047 251.981700016185641
274.804799864068627 251.959900031797588
275.618699975311756 254.951700023375452
275.975500084459782 254.854099890217185
275.209500044584274 251.849300218746066
275.108799953013659 251.362699796445668
274.705900214612484 248.526800204999745
274.669699855148792 248.272000155411661

[OBSTACLE]
70.122000160627067 244.791199904866517
62.624100078828633 247.279400066472590
65.192600139416754 254.855800056830049
72.641699928790331 252.384100183844566

[OBSTACLE]
223.024800131097436 241.099900146946311
221.083600120618939 241.745000001974404
220.923900092020631 241.798099945299327
219.261499852873385 242.350700167007744
219.025599928572774 242.427799832075834
218.550299922935665 242.583099934272468
217.926599853672087 243.053299891762435
217.729000202380121 243.634900059551001
216.913800123147666 245.322399889118969
216.843300121836364 245.462300023064017
216.474600201472640 246.194700091145933
216.409399895928800 246.922800056636333
216.400999790057540 247.038499917834997
216.264400165528059 248.917500209063292
216.249899966642261 249.117000126279891
216.119399983435869 250.912300185300410
216.104899784550071 251.111699827015400
215.959900054149330 253.106499803252518
216.558299981988966 253.149999948218465
216.703300164081156 251.155199971981347
216.717799911275506 250.955799878574908
216.848299894481897 249.160499819554389
216.862800093367696 248.960999902337790
217.000000015832484 247.073300033807755
217.342400201596320 245.715199806727469
218.278299914672971 243.871000083163381
219.242700003087521 243.028500224463642
221.113300188444555 242.369400192983449
221.301899887621403 242.303000194951892
223.200299874879420 241.673499955795705

[OBSTACLE]
86.609400217421353 249.327099886722863
82.599100149236619 250.575099871493876
82.312700217589736 250.664200074970722
78.206800105981529 251.941900127567351
78.343700105324388 252.422600104473531
82.461200105026364 251.141599994152784
82.747699860483408 251.052499790675938
86.757999928668141 249.804499805904925

[OBSTACLE]
159.673799779266119 251.429200069978833
159.349399949423969 251.836899933405221
159.740800075232983 252.148099984042346
160.047799847088754 251.729499902576208

[OBSTACLE]
76.886000107042491 246.960599855519831
75.948000028729439 247.307100044563413
77.333999881520867 251.059300005435944
78.271999959833920 250.712799816392362

[OBSTACLE]
99.003299996256828 245.471099875867367
94.630100177600980 246.831200192682445
94.777500196360052 247.308900034986436
99.170900108292699 245.941799855791032

[OBSTACLE]
290.729600153863430 231.185599872842431
289.645000002346933 231.698899776674807
288.622199823148549 232.183099910616875
288.574100104160607 232.080700104124844
285.701699778437614 233.492000098340213
285.618700119666755 233.532800031825900
282.707200027070940 234.958400125615299
281.690600216388702 235.463000000454485
282.114599817432463 236.359000001102686
282.258200207725167 239.042499801144004
281.996599943377078 240.188600001856685
283.120200037956238 240.595900118350983
283.442700053565204 239.514699848368764
283.274700194597244 236.165799824520946
286.122400225140154 234.704300197772682
286.207199874334037 234.664600132964551
289.141700095497072 233.288099803030491
290.158200082369149 232.783499928191304
292.647899859584868 235.121099837124348
292.780699855647981 235.245800102129579
293.819499849341810 235.480900080874562
294.223499908111989 234.350999793969095
293.101899903267622 233.937600036151707
291.242900057695806 232.270299848169088

[OBSTACLE]
192.935499846935272 233.426300222054124
192.865400044247508 234.423900083638728
194.860400119796395 234.564199964515865
195.831699795089662 235.021099867299199
197.152100047096610 236.563399867154658
198.463600170798600 238.073399863205850
199.218600168824196 237.417700164951384
197.883700169622898 235.882600126788020
196.589999850839376 234.402699945494533
196.541100186295807 234.501399947330356
196.354700224474072 234.133599796332419
195.470100012607872 233.664199784398079
194.930600197985768 233.566699926741421
194.817900019697845 233.558799843303859

[OBSTACLE]
65.929299858398736 231.841800045222044
65.149500193074346 231.886499882675707
64.801900135353208 232.166499798186123
64.669699985533953 232.273000059649348
62.895699888467789 233.261500145308673
63.192200092598796 233.783099879510701
65.105599849484861 232.702700006775558
66.255899877287447 232.590900049544871
68.179699829779565 233.086999994702637
68.373300204984844 233.136900155805051
70.172500167973340 233.632000056095421
71.187200164422393 234.412600118666887
72.301100185140967 236.290299990214407
72.822699919342995 235.993900061585009
71.844399929977953 234.272499885410070
71.735699931159616 234.081199974752963
71.488599865697324 233.646499803289771
70.932600214146078 233.160099931992590
70.460799913853407 233.089099908247590
70.297700003720820 233.044199971482158
68.532500211149454 232.558399946428835
68.339699781499803 232.505399826914072
66.630100044421852 232.035199869424105
66.411299803294241 231.974899964407086

[OBSTACLE]
266.025499925017357 232.189799849875271
265.222200108692050 232.304300018586218
264.818900171667337 232.760100052691996
263.191300048492849 233.974700164981186
263.550200071185827 234.455499965697527
265.206000194884837 233.219799990765750
266.445199875161052 232.898099920712411
268.409699937328696 233.169099884107709
268.607000117190182 233.196400115266442
270.576799875125289 233.537600156851113
271.552100181579590 234.105599895119667
272.899699937552214 235.813900115899742
273.380600013770163 235.455099917016923
272.196400091052055 233.868199903517962
272.064799787476659 233.691900214180350
271.765700099058449 233.291200213134289
271.137800202704966 232.860100022517145
270.509300008416176 232.841300172731280
268.697500112466514 232.578000193461776
268.499499810859561 232.550499862991273
266.801100214943290 232.314399839378893
266.519200033508241 232.269100155681372

[OBSTACLE]
173.123499862849712 231.950099845416844
172.977099888958037 231.973099973984063
172.059099804610014 232.117699957452714
171.331900060176849 232.232200126163661
171.097300103865564 232.310600210912526
169.434899864718318 232.866000016219914
167.537999944761395 233.499799906276166
167.854899889789522 234.448200180195272
169.751799809746444 233.814399838447571
171.648800005204976 233.180599948391318
172.987500084564090 232.977700149640441
174.909799969755113 233.160500130616128
176.904800045304000 233.300899835303426
178.899899944663048 233.441299991682172
178.970100022852421 232.443700130097568
176.962200091220438 232.302700127474964
174.987200009636581 232.163500115275383

[OBSTACLE]
182.960299821570516 232.724499991163611
182.890100195072591 233.722000028938055
184.885099818930030 233.862400185316801
186.880200169980526 234.002700066193938
188.875199793837965 234.143100222572684
188.945399872027338 233.145600184798241
186.894699917174876 233.004400082863867
184.955299897119403 232.864900147542357

[OBSTACLE]
98.965399921871722 226.064199819229543
98.393800202757120 226.328300195746124
96.596799977123737 226.906400206498802
96.460499824024737 226.949899899773300
94.745599939487875 227.496699951589108
94.555199798196554 227.557999901473522
92.841799980960786 228.109600078314543
92.651399839669466 228.170900028198957
90.924900067038834 228.726999955251813
90.747700156643987 228.783999802544713
89.020999833010137 229.339900081977248
88.844000021927059 229.396899929270148
87.105399887077510 229.957299958914518
86.940299887210131 230.010199802927673
86.464100112207234 230.162699869833887
85.836300039663911 230.627499856054783
85.631599798798561 231.205799966119230
84.704700037837029 233.012800188735127
85.238599781878293 233.286700011231005
86.168000106699765 231.441000220365822
87.151200044900179 230.613000108860433
89.028899916447699 229.971199859865010
89.218099913559854 229.906500028446317
90.931500182487071 229.354899851605296
91.121899872086942 229.293599901720881
92.835300141014159 228.742000176571310
93.025699830614030 228.680699774995446
94.739100099541247 228.129100049845874
94.929399965330958 228.067800099961460
96.642799782566726 227.516300198622048
96.833199923858047 227.454999797046185
98.609500033780932 226.883100154809654
99.886100217700005 226.979899890720844
101.846900023519993 227.939999876543880
102.120700022205710 227.406100132502615
100.358999934978783 226.502499971538782
100.163199822418392 226.401999979279935
99.718300006352365 226.173800039105117

[OBSTACLE]
61.202099965885282 226.589100062847137
60.897599854506552 227.541700163856149
62.802699781022966 228.150699934922159
64.707699883729219 228.759700157679617
66.460900041274726 229.406300080008805
66.608599983155727 229.418600089848042
67.534699798561633 229.495700206607580
68.268399834632874 229.556699781678617
68.514799778349698 229.536099941469729
70.261399820446968 229.390299813821912
72.254500081762671 229.223899845965207
74.247599891386926 229.057600153610110
76.240599877201021 228.891200185753405
76.157400119118392 227.894700192846358
74.164400133304298 228.060999885201454
72.171299871988595 228.227399853058159
70.217299829237163 228.392100105993450
68.185200076550245 228.560099964961410
66.836500000208616 228.440199824981391
65.012199995107949 227.807199880480766
63.107199892401695 227.198200109414756

[OBSTACLE]
264.245200087316334 226.981899980455637
264.101900071837008 227.971600210294127
266.081300079822540 228.258199789561331
268.060599812306464 228.544799820519984
270.039999820291996 228.831399851478636
272.047099806368351 229.076100080274045
273.998700012452900 229.404599913395941
274.155399906449020 228.417000048793852
272.162600019946694 228.128300104290247
270.183299835771322 227.841700073331594
268.203899827785790 227.555100042372942
266.224600095301867 227.268500011414289

[OBSTACLE]
299.052500212565064 218.848400018177927
297.253900095820427 219.676400129683316
297.053999979980290 219.768400192260742
296.599900112487376 219.977499907836318
296.032199845649302 220.514000039547682
295.898299980908632 221.112800166010857
295.263700145296752 222.830099887214601
295.194399836473167 223.017699993215501
294.577400158159435 224.687400017865002
294.501099986955523 224.893700149841607
294.327799980528653 225.362699963152409
294.310800121165812 226.140099791809916
294.634499829262495 226.661699977703393
295.483700078912079 228.506400175392628
296.028700140304863 228.255400205962360
295.164700220339000 226.378699927590787
295.107999844476581 225.099800182506442
295.760699859820306 223.226899984292686
295.826500011608005 223.037999910302460
296.473300033248961 221.287599788047373
297.337500052526593 220.343200145289302
299.303300082683563 219.393400079570711

[OBSTACLE]
284.337199986912310 226.395899886265397
282.342300186865032 226.470199967734516
280.344000053592026 226.544599873013794
278.345399997197092 226.618899954482913
278.382599949836731 227.618199982680380
280.381200006231666 227.543899901211262
282.385299857705832 227.456799787469208
284.377600173465908 227.395100090652704

[OBSTACLE]
89.213999910280108 223.799199825152755
85.432599904015660 225.103599810972810
83.542000176385045 225.755799803882837
81.651300173252821 226.407999796792865
81.977400169707835 227.353300112299621
83.842700207605958 226.635500066913664
85.758699900470674 226.048900126479566
87.649399903602898 225.396700133569539
89.540099906735122 224.744599964469671

[OBSTACLE]
181.862400067038834 223.302599857561290
178.671700004488230 225.900599886663258
184.002000126056373 227.165799830108881

[OBSTACLE]
172.943199994042516 224.545300146564841
171.592600103467703 225.951800015754998
175.376300122588873 227.152499775402248
177.300100075080991 226.421700050123036
176.975699793547392 224.865099950693548

[OBSTACLE]
296.788499811664224 214.773700041696429
294.971200120635331 215.608600191771984
293.156799837015569 216.450100005604327
293.189099840819836 216.526799923740327
292.832600106485188 216.600500158965588
292.133700186386704 217.317900005728006
291.888799858279526 217.808199780993164
291.193900117650628 219.683699915185571
290.499200024642050 221.559100225567818
289.804400107823312 223.434599908068776
289.109700014814734 225.310000218451023
288.398700184188783 226.114000156521797
288.590200194157660 226.972300182096660
289.103599921800196 226.865099798887968
289.802499841898680 226.147799775935709
290.047400170005858 225.657400176860392
290.742200086824596 223.781999866478145
291.437000003643334 221.906500183977187
292.131700096651912 220.031099873594940
292.826500013470650 218.155600191093981
293.536800174042583 217.348699942231178
295.388600057922304 216.517299949191511
297.206000024452806 215.682399799115956

[OBSTACLE]
94.217999936081469 212.705199830234051
93.910099943168461 212.910299818031490
95.683600017800927 215.572500107809901
95.794500205665827 215.738900075666606
97.457199916243553 218.234699945896864
97.567999828606844 218.401099913753569
99.230699990876019 220.897000059485435
99.341600178740919 221.063400027342141
101.004299889318645 223.559199897572398
101.115099801681936 223.725599865429103
102.764700008556247 226.201599841006100
102.888700151816010 226.387800155207515
102.998500019311905 226.646599932573736
103.414800087921321 226.369699975475669
103.193099987693131 225.951500092633069
103.084600088186562 226.014800132252276
101.422999794594944 223.520499877631664
101.312199882231653 223.354099909774959
99.649500171653926 220.858200215734541
99.538599983789027 220.691799796186388
97.875899821519852 218.195999925956130
97.765099909156561 218.029599958099425
96.102400198578835 215.533800087869167
95.991500010713935 215.367400120012462

[OBSTACLE]
208.988099908456206 222.353600189089775
207.639800030738115 223.884100201539695
209.827100061811507 224.768600137904286
211.891699917614460 223.639199873432517

[OBSTACLE]
97.628499832935631 219.579200195148587
95.902800005860627 220.590100111439824
94.177200002595782 221.601099851541221
94.682599822990596 222.463999902829528
96.369699905626476 221.392300059087574
98.133999928832054 220.441999970935285

[OBSTACLE]
192.234299913980067 219.444100186228752
186.765299802646041 221.062600081786513
187.052699779160321 222.176099903881550
192.521800165995955 220.557600008323789

[OBSTACLE]
105.350400027818978 213.356599877588451
103.805500091984868 214.626700221560895
102.260499880649149 215.896800113841891
100.715700220316648 217.166999829933047
99.170700008980930 218.437100173905492
99.805799867026508 219.209600053727627
101.350699802860618 217.939399885945022
102.895600190386176 216.669299993664026
104.440599950030446 215.399200101383030
105.985499885864556 214.128999933600426

[OBSTACLE]
278.814299986697733 213.628599885851145
275.402700221166015 216.558599905110896
275.585199827328324 215.509900189936161
271.952499807812274 213.730300022289157
270.179500207304955 214.541799845173955
273.257000069133937 217.049299878999591
274.819099963642657 217.059900173917413
274.657399845309556 217.198699987493455
275.832499992102385 217.845599832944572
278.937600008212030 217.015100060962141
280.067100096493959 215.379200107418001

[OBSTACLE]
181.604799982160330 213.524499912746251
180.448200213722885 215.062999832443893
181.053899927064776 215.916199809871614
182.827800200320780 215.838499846868217
183.013400216586888 214.164500171318650

[OBSTACLE]
208.557300092652440 213.094799965620041
208.200099784880877 214.727200213819742
209.271099958568811 215.056700091809034
209.972499990835786 214.761300208047032
209.965099929831922 213.330399966798723

[OBSTACLE]
285.265400167554617 212.979699950665236
282.069499781355262 213.023900217376649
281.515300120227039 214.998599924147129
283.871399955824018 214.875799925066531

[OBSTACLE]
64.658800219185650 213.374200034886599
61.463399855419993 214.533799937926233
61.509900134988129 214.891999838873744
64.785000099800527 213.722000191919506

[OBSTACLE]
285.722699817270041 208.198199970647693
284.121000133454800 209.265699987299740
284.409400154836476 210.271499855443835
286.090799891389906 210.841099936515093
286.839099950157106 209.269399791955948

[OBSTACLE]
88.810199950821698 204.473900087177753
88.417100110091269 204.752699858509004
85.711499950848520 205.734500004909933
85.523500097915530 205.802699993364513
82.704000067897141 206.825899919494987
82.516000214964151 206.894099907949567
79.696399909444153 207.917299834080040
79.508499880321324 207.985499822534621
76.688900026492774 209.008700200356543
76.500999997369945 209.076900188811123
73.493500114418566 210.168199827894568
73.658400014974177 210.496599837206304
76.644700211472809 209.417299833148718
76.814899807795882 209.355600136332214
79.629499888978899 208.335099969990551
79.822599790059030 208.264899891801178
82.613399797119200 207.249800148420036
82.829400002956390 207.171600162982941
85.649699978530407 206.150500150397420
85.837699831463397 206.082300161942840
88.625800078734756 205.070500024594367
88.699199939146638 205.182299981825054
89.100000215694308 204.915100098587573

[OBSTACLE]
207.609899863600731 205.739499777555466
202.690199916251004 208.152500088326633
203.715899954549968 209.016500008292496
206.879699984565377 209.048599912784994
208.383399788290262 207.748400205746293

[OBSTACLE]
227.924599908292294 204.365700110793114
227.822299925610423 204.593699951656163
232.155899954959750 206.538600218482316
232.611999912187457 206.743300007656217
236.945599941536784 208.688199822790921
237.048000199720263 208.460100158117712
232.714400170370936 206.515199891291559
232.258199937641621 206.310500102117658

[OBSTACLE]
280.606500087305903 193.134800116531551
275.271500116214156 195.717299901880324
274.394500064663589 201.461399979889393
270.924699855968356 207.175700166262686
273.533499827608466 207.576700090430677
279.378599920310080 208.475200203247368
285.553399990312755 196.933199982158840

[OBSTACLE]
199.919899925589561 204.442600128240883
199.425599970854819 205.445000114850700
199.605899839662015 206.184400045312941
201.021499936468899 206.394300158135593
201.476000002585351 205.051599899306893

[OBSTACLE]
229.207600108347833 201.505100224167109
229.111400218680501 201.719599911011755
233.445600094273686 203.664699825458229
233.901799875311553 203.869499890133739
238.235399904660881 205.814299881458282
238.287199879996479 205.575299998745322
234.003799934871495 203.642399818636477
233.547999900765717 203.436699984595180

[OBSTACLE]
181.337600098922849 196.721699978224933
180.648599900305271 197.570500029250979
181.234800093807280 198.656400148756802
182.027299967594445 198.887499948032200
182.854699781164527 197.763399831019342
182.509599835611880 196.904799882322550

[OBSTACLE]
157.566199800930917 188.199800024740398
156.815199982374907 192.301600133068860
158.254999900236726 192.525100223720074
159.045200212858617 188.449799949303269

[OBSTACLE]
168.376099877059460 178.633500006981194
167.649400155059993 178.710499848239124
167.533899941481650 178.722799858078361
165.657299938611686 178.890399970114231
165.458000120706856 178.908199775032699
163.646800071001053 179.086400181986392
163.467600070871413 179.103999887593091
162.654499905183911 179.214100129902363
161.910600224509835 179.618900134228170
160.063699837774038 180.584600190632045
160.346499788574874 181.113800085149705
162.274700119160116 180.027600042521954
163.704899786971509 179.676300180144608
165.431400011293590 179.501500106416643
165.713900038972497 179.469099827110767
167.714000162668526 179.239899842068553
169.169900170527399 179.465400022454560
170.924599943682551 179.950700025074184
171.114500062540174 180.013500042259693
172.822799831628799 180.578700196929276
173.015400161966681 180.632600085809827
174.954199884086847 181.174699836410582
176.209399830549955 181.942499866709113
177.616099799051881 183.097300096414983
177.770300032570958 183.224799945019186
179.308099830523133 184.497199850156903
179.879600177519023 185.697100115939975
180.076899905689061 187.702299836091697
180.672800173051655 187.633099802769721
180.516799949109554 185.670200083404779
180.499399891123176 185.451000095345080
180.339100016281009 184.980600038543344
180.088399969972670 184.244599989615381
179.702399815432727 184.020500052720308
179.555600094608963 183.935300204902887
178.150299917906523 182.761700125411153
177.996799806132913 182.633500155061483
176.590200113132596 181.478800200857222
176.451000100933015 181.364500131458044
175.798199810087681 180.867499965243042
175.096300207078457 180.663999868556857
174.982199785299599 180.630899919196963
173.187799947336316 180.064700171351433
172.997099882923067 180.004500090144575
171.274700113572180 179.481899859383702
171.083299927413464 179.423800143413246
169.341700109653175 178.895200095139444
169.169499971903861 178.842900097370148

[OBSTACLE]
156.009999900124967 185.460000047460198
156.009999900124967 187.459999895654619
161.009500175714493 187.510299803689122
161.010000198148191 185.460000047460198

[OBSTACLE]
200.825699823908508 177.513199970126152
197.472699796780944 177.599000115878880
194.556400030851364 179.697600142098963
193.409100137650967 182.748999916948378
193.540299790911376 186.138800149783492
194.777800207957625 185.881499988026917
194.642099901102483 183.031499944627285
195.673400009982288 180.291900066658854
197.683599954470992 178.846200155094266
200.641299951821566 178.698899960145354
203.771200086921453 179.242399954237044
205.906000020913780 180.567099857144058
207.809000033885241 183.171900101006031
210.711000151932240 185.047200135886669
213.872899916023016 185.538900154642761
217.034899955615401 186.030699997209013
218.184100114740431 186.240300186909735
218.405100093223155 185.029300055466592
217.219299827702343 184.844900183379650
214.057400063611567 184.353200164623559
211.061200145632029 183.887299858033657
208.777899872511625 182.463800129480660
206.889699981547892 179.880200023762882
203.892900217324495 177.983000180684030

[OBSTACLE]
164.618799868039787 173.849299815483391
161.604000199586153 174.846799853257835
161.660900223068893 176.885500173084438
163.835700144991279 176.042100093327463

[OBSTACLE]
168.423499925993383 171.670500165782869
167.136599821969867 171.992500158958137
167.257599830627441 173.094199993647635
168.644199981354177 173.655999815091491
169.334200224839151 173.633000138215721
169.466099999845028 172.390100201591849

[OBSTACLE]
177.739800019189715 170.210699802264571
176.110600004903972 171.281999899074435
179.533199812285602 173.293199888430536
181.569400019943714 172.994400123134255
181.600600155070424 171.418099952861667

[OBSTACLE]
217.514899810776114 168.904400002211332
215.564699848182499 169.501900160685182
216.964600053615868 171.400999817997217
219.314900171011686 171.520500211045146

[OBSTACLE]
207.487599886953831 165.906700016930699
207.009699945338070 166.900499798357487
212.024700012989342 169.552299892529845
212.589499969035387 168.550500203855336

[OBSTACLE]
206.097000008448958 165.651199845597148
204.333799853920937 166.423299978487194
204.513699975796044 167.451399853453040
206.016700109466910 168.285700157284737
207.009699945338070 166.900499798357487

[OBSTACLE]
211.448499816469848 140.648900149390101
210.546700097620487 142.434099935926497
215.009500142186880 144.688700186088681
215.911299861036241 142.903600223362446

[OBSTACLE]
179.674600013531744 131.124100186862051
178.923600194975734 132.536799972876906
183.603499862365425 135.024599935859442
184.354500132612884 133.611799874342978

[OBSTACLE]
156.051499955356121 127.309299856424332
154.720999882556498 133.159900195896626
157.402500044554472 133.769699912518263
158.733000117354095 127.919100024737418

[OBSTACLE]
223.004600037820637 130.276100081391633
221.981499935500324 130.644299979321659
222.121600168757141 131.928999894298613
223.390199993737042 132.837099805474281
224.124100129120052 131.087299981154501

[OBSTACLE]
216.273100194521248 127.019599867053330
215.980199971236289 128.131600073538721
221.533000138588250 129.412499908357859
221.830600211396813 128.301699846051633

[OBSTACLE]
164.280000114813447 100.379999973811209
164.280000114813447 101.237589940428734
158.427599784918129 101.886110003106296
158.139599962159991 102.282620114274323
156.123200100846589 104.651930117979646
156.558899865485728 107.878400078043342
166.541400128044188 116.195599790662527
164.080199822783470 119.238399812020361
164.235700024291873 119.364199945703149
164.106200085952878 119.516700012609363
167.383300140500069 122.300699804909527
167.447999971918762 122.224499909207225
169.086499861441553 123.616500031203032
170.660299919545650 125.084700048901141
170.734300077892840 125.175599791109562
175.086999880149961 125.184600194916129
177.236899859271944 125.210699830204248
179.386700014583766 125.236799917183816
183.686400149017572 125.289099914953113
183.692499790340662 124.789100065827370
179.392800107598305 124.736899891868234
177.242999952286482 124.710699981078506
175.093099973164499 124.684599894098938
170.984000079333782 124.703700118698180
169.410200021229684 123.235500101000071
167.697199950926006 121.814500032924116
167.706999848596752 121.919699874706566
164.653099961578846 119.325200002640486
166.925700115971267 116.515699969604611
169.619699935428798 118.760300222784281
170.626499848440289 117.550499783828855
171.269999812357128 118.579999902285635
173.270000112242997 119.829999976791441
175.269999960437417 118.579999902285635
176.520000034943223 116.580000054091215
175.545099927112460 114.851099993102252
177.120799799449742 114.213000000454485
176.114900107495487 111.728899842128158
174.678500071167946 112.370299892500043
173.302699862979352 109.483399819582701
173.507100180722773 109.212899878621101
172.986099841073155 108.819000092335045
171.743900026194751 106.212500133551657
165.597599879838526 101.091579776257277
165.385700128972530 101.115069990046322
165.530000189319253 100.480009880848229

[OBSTACLE]
179.430000060237944 113.328000041656196
179.430000060237944 113.615800216794014
177.210199926048517 113.453399976715446
177.120799799449742 114.213000000454485
176.728499904274940 120.035800086334348
177.536200098693371 120.094899847172201
177.473499905318022 122.855699863284826
180.772600043565035 122.930700066499412
180.831699804402888 120.336000095121562
183.809599895030260 120.553900115191936
184.291200092993677 113.971500005573034
181.434800033457577 113.762500113807619
181.429999908432364 113.328000041656196

[OBSTACLE]
186.700399871915579 115.232399846427143
186.201799814589322 115.248999958857894
186.078899991698563 119.446700033731759
186.000600182451308 121.663799956440926
186.500300108455122 121.679300200194120
186.567000029608607 119.530299990437925

[OBSTACLE]
214.942900044843554 81.627840222790837
214.100900208577514 85.796660049818456
214.391700066626072 85.868759942241013
213.854300165548921 88.555800099857152
211.159100201912224 89.148479807190597
211.596200210042298 87.555219978094101
210.824199900962412 87.345640114508569
210.282400073483586 89.341249973513186
209.437100179493427 89.527130038477480
207.972399867139757 93.887700112536550
210.937100178562105 97.330439938232303
210.032299873419106 100.215100073255599
209.389000008814037 102.266590036451817
208.938700221478939 103.702320214360952
208.744099801406264 103.661610167473555
209.322500186972320 101.783220111392438
206.933200126513839 101.047519985586405
206.287700072862208 103.147779977880418
204.973199814558029 102.872820035554469
205.029700091108680 102.611129884608090
202.245399923995137 102.002749834209681
202.182800006121397 102.289150217548013
201.443999921903014 102.134609860368073
200.754500152543187 105.421600150875747
199.215999781154096 105.039499900303781
199.881699928082526 102.371250106953084
199.687599982134998 102.323040175251663
199.024699870496988 104.991939952597022
198.964399965479970 105.234599891118705
200.711500030010939 105.626599863171577
199.801499852910638 109.964200071990490
207.631100001744926 111.606700140982866
207.797400145791471 110.789999994449317
211.100299912504852 111.476599904708564
215.310099897906184 112.352899834513664
217.428399994969368 112.711999956518412
221.624800101853907 113.667299817316234
223.729600044898689 114.105399870313704
223.875400172546506 113.804800114594400
221.685899952426553 113.373600100167096
217.474799999035895 112.496999795548618
217.516899900510907 112.301500057801604
219.432199923321605 112.794000022113323
219.642000212334096 111.686599841341376
215.030899927951396 110.740200108848512
215.351599953137338 109.085499853827059
215.546300197020173 110.308399796485901
219.644699972122908 109.656000155955553
219.424600214697421 108.273500008508563
215.404199874028563 108.814400066621602
215.792200118303299 106.812999974936247
214.222500063478947 106.493399818427861
212.729200003668666 106.351899793371558
212.347299852408469 110.189399877563119
210.852000154554844 109.882499929517508
210.645400099456310 110.860900194384158
215.295100128278136 111.882399953901768
215.371200200170279 112.059200117364526
211.161500038579106 111.182900187559426
207.859200118109584 110.486799851059914
209.014600194059312 104.444520180113614
209.228400210849941 103.762910105288029
209.658100157976151 102.392719904892147
210.317000090144575 100.309680197387934
211.167400032281876 97.597970007918775
219.689299985766411 100.460680196993053
223.171400204300880 98.887569871731102
224.572500102221966 94.716599993407726
222.746100183576345 91.360350046306849
214.171700133010745 88.486010157503188
214.682600200176239 85.940859834663570
214.876599870622158 85.988969942554832
215.716300145722926 81.770029980689287

[OBSTACLE]
183.208899954333901 108.320699958130717
182.924800035543740 108.732100077904761
186.327000102028251 111.146099981851876
186.267300043255091 113.067899844609201
186.757400170899928 113.006000048480928
186.833800165913999 110.934399878606200
186.603900059126318 110.927300192415714
186.723300176672637 110.781200141645968

[OBSTACLE]
217.840000214055181 105.229999865405262
217.840000214055181 107.230000165291131
222.840000060386956 107.230000165291131
222.919299914501607 105.233200099319220

[OBSTACLE]
210.370000209659338 104.810009929351509
210.370000209659338 105.810000142082572
215.619999980553985 105.810000142082572
215.619999980553985 104.810009929351509

[OBSTACLE]
170.491599938832223 104.177679843269289
170.169399846345186 104.675919902510941
171.442799796350300 105.644600219093263
171.827900181524456 105.192099791020155

[OBSTACLE]
168.073599855415523 96.331470096483827
167.748900102451444 96.711639817804098
169.410900142975152 98.128339783288538
170.941700078547001 99.569860193878412
172.557600038126111 100.982939852401614
172.608699891716242 100.851059951819479
174.301499868743122 102.285229987464845
175.948000117205083 103.667849833145738
176.269500087946653 103.284960025921464
174.623100114986300 101.902329791337252
172.976599866524339 100.519700008444488
172.908000131137669 100.581519855186343
171.278199818916619 99.200390139594674
169.708399940282106 97.727899956516922

[OBSTACLE]
105.747299948707223 90.414830208756030
105.441600144840777 92.056749854236841
106.461200090125203 92.376719946041703
107.162499846890569 92.081300187855959
107.145099788904190 90.650360197760165

[OBSTACLE]
201.899500032886863 84.988949918188155
199.721199953928590 87.051729909144342
201.783999819308519 89.230010113678873
203.962299898266792 87.167240059934556

[OBSTACLE]
167.675199867226183 76.663889870978892
165.478099938482046 76.695379992015660
163.328199959360063 76.683710091747344
163.325500199571252 77.183700003661215
165.508699775673449 77.193320128135383
167.415499868802726 77.119829929433763
170.375999901443720 80.148780187591910
170.330000096000731 82.082049851305783
170.230000126175582 82.080120225436985
170.189300016500056 84.285800033248961
170.287400172092021 84.188769934698939
170.195400109514594 88.236699965782464
167.746199890971184 88.242140137590468
167.646600119769573 80.661420170217752
166.165600069798529 80.668229870498180
166.113800094462931 80.394190023653209
164.618100197985768 80.484170122072101
164.653599984012544 80.675170109607279
164.467999967746437 80.676030130125582
164.467999967746437 79.677020087838173
162.468000119552016 79.677020087838173
162.468000119552016 80.685209855437279
161.429000026546419 80.689990106038749
159.632600098848343 80.698229861445725
159.642199897207320 81.365659986622632
157.973600192926824 81.319549968466163
157.888099970296025 79.566380074247718
159.585999995470047 78.369059870019555
161.350800041109324 77.116679833270609
161.119300043210387 76.678329994902015
159.308199817314744 77.953549809753895
157.555099935270846 79.198120101355016
157.702400130219758 79.361039786599576
157.470799856819212 79.362329817377031
157.481700074858963 81.305949990637600
156.540100015699863 81.279939790256321
156.539899916388094 85.279939938336611
159.698799997568130 85.280079962685704
159.748200136236846 88.697390011511743
166.189200044609606 88.745590006001294
170.489200102165341 88.736049830913544
170.488799903541803 88.536059828475118
170.688700019381940 88.540439880453050
170.782799995504320 84.241470131091774
170.687799798324704 84.231369858607650
170.729900151491165 82.089790035970509
170.876999795436859 79.942499930039048
170.616699950769544 79.960030075162649
170.776800177991390 79.834399777464569
167.767999875359237 76.765169934369624
167.655499796383083 76.878360197879374

[OBSTACLE]
153.841699818149209 86.885740077123046
150.064700189977884 87.302729878574610
150.218300125561655 88.694270178675652
153.995300205424428 88.277279925532639

[OBSTACLE]
160.763299879617989 79.451509970240295
160.321200098842382 80.102509818971157
161.429000026546419 80.689990106038749
161.723699788562953 80.262250048108399

[OBSTACLE]
159.914600104093552 71.347500039264560
158.977899993769825 72.644639988429844
160.112899877130985 73.464259868487716
161.049599987454712 72.167129856534302

[OBSTACLE]
229.888899871148169 63.969120224937797
222.113400162197649 65.574470027349889
223.179299836046994 70.701780011877418
223.741699955426157 73.406999846920371
231.574199963361025 71.778610167093575

[OBSTACLE]
104.764100010506809 68.378070066682994
99.591600103303790 69.016950130462646
99.450400001369417 70.076449788175523
101.086899801157415 70.686310031451285
105.754499910399318 69.975419961847365

[OBSTACLE]
185.162999820895493 51.089630005881190
185.033799805678427 51.567650097422302
187.233599945902824 51.854519788175821
191.202999805100262 52.354759937152267
190.713599799200892 56.325519839301705
190.450600194744766 58.459400129504502
189.924600082449615 62.727100183255970
189.663699939846992 64.847399918362498
189.173299889080226 68.823810028843582
187.372799958102405 68.551860158331692
185.289000053890049 68.245069971308112
183.115300000645220 67.807269841432571
181.267900043167174 67.528419932350516
181.549499849788845 65.339660034514964
182.593399891629815 65.384530159644783
182.804699796251953 64.567010193131864
188.900400111451745 65.440280176699162
188.965399865992367 65.014719981700182
189.178399937227368 65.040119946934283
189.515799898654222 62.210160098038614
189.395900210365653 62.195859998464584
190.102800037711859 57.567619830369949
182.188899810425937 56.397210047580302
182.132699908688664 56.776989959180355
181.981199886649847 56.738280002027750
181.609900030307472 58.191599948331714
181.910899984650314 58.276890134438872
181.018400141038001 64.311109823174775
181.176600102335215 64.333769828081131
180.731300087645650 67.856860142201185
180.885699968785048 67.899090130813420
181.208799830637872 67.987450012005866
183.027600040659308 68.364999922923744
185.151699855923653 68.721410222351551
187.277600113302469 69.042270146310329
189.403600194491446 69.363130070269108
189.423999935388565 69.164210124872625
189.631899958476424 69.189830063842237
190.157900070771575 64.922120072878897
190.344899878837168 62.781619792804122
190.946899787522852 58.520550117827952
191.209800019860268 56.386669827625155
191.735800132155418 52.118990099988878
191.537400083616376 52.094540041871369
191.562399850226939 51.896089855581522
187.296100039966404 51.358460043556988

[OBSTACLE]
173.570000021718442 63.150009852834046
172.569999871775508 64.949999824166298
173.570000021718442 66.750020058825612
175.569999869912863 66.750020058825612
176.570000019855797 64.949999824166298
175.569999869912863 63.150009852834046

[OBSTACLE]
204.088000208139420 51.392900161445141
195.809299964457750 59.061610074713826
201.447399803437293 65.152680100873113
209.740100223571062 57.476609875448048
207.553900061175227 55.123440162278712
208.649999825283885 53.955320003442466
206.203999840654433 51.746190176345408
205.332200112752616 52.732050125487149

[OBSTACLE]
199.055399983190000 44.892819914966822
195.691300090402365 45.385130168870091
196.516599990427494 51.025049872696400
199.880800158716738 50.532750007696450

[OBSTACLE]
224.831200055778027 43.153119911439717
224.535999819636345 43.203940168023109
221.994299967773259 43.430480142123997
219.466900215484202 43.772770115174353
219.168899944052100 43.807189906947315
219.203900159336627 44.105149977840483
219.469099952839315 46.842770092189312
219.850500081665814 49.621219951659441
219.820500090718269 49.860849943943322
220.162500077858567 49.887580140493810
221.371899866499007 49.600299862213433
221.396499886177480 49.866940099745989
222.640899890102446 49.667719779536128
222.726900135166943 49.844679841771722
224.043100108392537 49.484150116331875
223.989300043322146 49.291500099934638
225.290800170041621 49.228250198066235
225.514299809001386 49.282490210607648
225.508800013922155 49.167320183478296
225.496700103394687 48.914810209535062
225.230900011956692 46.177250170148909
224.865599973127246 43.451140057295561

[OBSTACLE]
219.515599780716002 47.932979799807072
218.857000223360956 48.009369857609272
219.035899848677218 49.616419826634228
219.696400123648345 49.620320182293653

[OBSTACLE]
216.541699869558215 47.495760093443096
212.764599965885282 47.912749894894660
212.918300176970661 49.304290194995701
216.695299805141985 48.887299941852689

[OBSTACLE]
166.852600178681314 46.676419810391963
165.651100021786988 47.733029997907579
166.047400096431375 48.183589959517121
167.248899801634252 47.126980223692954

[OBSTACLE]
189.274599826894701 39.164049793034792
188.523600008338690 40.576839917339385
193.203500127419829 43.064540056511760
193.954499945975840 41.651749932207167

[OBSTACLE]
223.844900159165263 38.630130174569786
218.870999948121607 39.140320182777941
219.075099891051650 41.129880086518824
224.049000102095306 40.619690078310668

[OBSTACLE]
226.830000211484730 36.030009905807674
224.929999881424010 36.730030020698905
224.629999971948564 39.030009903945029
226.030000001192093 40.030010053887963
228.029999849386513 40.030010053887963
228.930000029504299 38.630019961856306
229.054199820384383 36.879870076663792

[OBSTACLE]
173.751299935393035 32.906540050171316
170.652599935419858 36.830570213496685
174.262700024992228 39.681380139663815
177.361400024965405 35.757349976338446

[OBSTACLE]
169.438600121065974 2.774390960112214
169.517699875868857 7.119360063225031
169.523099847137928 7.417891975492239
169.603299922309816 11.398178050294518
169.607300101779401 11.597197819501162
169.689499814994633 15.677000102587044
169.695500084199011 15.975519819185138
169.775700159370899 19.955809959210455
169.781699976883829 20.254330127499998
169.865400209091604 24.416060205549002
169.867800045758486 24.533139984123409
173.005599812604487 27.392819775268435
173.153400029987097 27.527469899505377
176.135499947704375 30.340949785895646
176.283699912019074 30.480750096030533
179.427600223571062 33.552229814231396
179.782899813726544 33.183229970745742
176.604899959638715 30.140169775113463
176.460500075481832 30.001889858394861
173.499200097285211 27.166339876130223
173.354800213128328 27.028009821660817
170.360399833880365 24.160830145701766
170.281600002199411 20.244279992766678
170.275600184686482 19.945739950053394
170.195400109514594 15.965449810028076
170.189399840310216 15.666930093429983
170.107200127094984 11.587129165418446
170.102900024503469 11.388113913126290
170.015299888327718 7.351114815101027
170.010800138115883 7.109415172599256
169.930800162255764 2.830474777147174

[OBSTACLE]
172.686099931597710 20.084949899464846
170.954000088386238 21.084899911656976
173.453899961896241 25.415080185048282
175.185999805107713 24.415130172856152

[OBSTACLE]
164.727300219237804 1.292969030328095
164.710900206118822 1.992781818844378
164.547299821861088 8.990874923765659
164.533300097100437 9.590698131360114
169.032000126317143 9.695907910354435
169.046100126579404 9.096068893559277
165.047199847176671 9.002562891691923
165.210799779742956 2.004472045227885
169.209700059145689 2.097992049530149
169.226100072264671 1.398177905939519

