[SCALE]
1.0

[BORDER]
27.679989943280816 5.009999899193645
10.479999994859099 5.009999899193645
10.479999994859099 12.710099956020713
27.680019969120622 12.710000062361360
35.710009885951877 12.720000110566616
35.709979860112071 0.000000000000000
134.307999974116683 0.000000000000000
132.099999897181988 2.300000116229057
132.063979860395193 10.699900006875396
140.099170021712780 10.618499955162406
142.815370140597224 7.885200120508671
155.509999860078096 7.780400123447180
156.479839971289039 7.772399969398975
162.570000113919377 7.759999874979258
176.270000040531158 7.759999874979258
189.710100051015615 7.727200109511614
189.860030040144920 7.726799957454205
196.739999977871776 7.709999922662973
199.740000003948808 10.610000044107437
199.633010141551495 23.990400023758411
199.631180008873343 24.219500068575144
199.526440063491464 37.319299913942814
199.530660137534142 37.690600026398897
199.606659868732095 44.380000000819564
199.469990041106939 44.380000000819564
196.669999929144979 47.280000122264028
196.670450028032064 55.340549992397428
205.070000002160668 55.279989894479513
207.569999927654862 52.679999880492687
207.569990111514926 44.520000098273158
207.569990111514926 44.380000000819564
207.613140130415559 37.690199874341488
207.615519966930151 37.320000035688281
207.569960085675120 24.220000114291906
207.699999976903200 24.220000114291906
207.739999881014228 10.610000044107437
207.739999881014228 2.209999971091747
205.441589979454875 0.000000000000000
210.110000045970082 0.000000000000000
210.110019966959953 9.910000134259462
222.109999861568213 9.910000134259462
222.109999861568213 0.000000000000000
240.000000065192580 0.000000000000000
240.000000065192580 67.900150045752525
239.603000143542886 67.899910127744079
233.199999909847975 67.899900022894144
226.799999950453639 67.899919943884015
220.399999991059303 67.899930048733950
214.000010136514902 67.899949969723821
207.599040111526847 67.899960074573755
201.199990008026361 67.899979995563626
197.399989878758788 67.899990100413561
197.399989878758788 89.499979894608259
199.599990090355277 89.499979894608259
199.599990090355277 88.699980080127716
198.499989984557033 88.199979979544878
198.499989984557033 87.599979974329472
198.399990079924464 87.599979974329472
198.399990079924464 71.699980124831200
198.499979879707098 68.999980101361871
198.499979879707098 68.882680116221309
201.199990008026361 68.899979908019304
204.399999948218465 68.899970091879368
207.600009888410568 68.899959987029433
210.800010012462735 68.899959987029433
214.000019952654839 68.899949882179499
217.200020076707006 68.899940066039562
220.399999991059303 68.899929961189628
223.600000115111470 68.899929961189628
226.827199896797538 68.898420007899404
230.000099968165159 68.899910040199757
233.214099928736687 68.899509888142347
236.400099927559495 68.899890119209886
240.000000065192580 68.899890119209886
240.000000065192580 96.589980004355311
232.700000097975135 96.589999925345182
232.700000097975135 84.700000062584877
201.099999919533730 84.700000062584877
201.099999919533730 96.699999878183007
201.966640064492822 96.699999878183007
201.966659985482693 99.384669978171587
201.966670090332627 102.684670006856322
201.936220135539770 105.827459935098886
201.938360054045916 106.174720032140613
202.366040032356977 106.174629954621196
202.366680102422833 105.824670130386949
202.366669997572899 102.684670006856322
202.366650076583028 99.484669882804155
202.366639971733093 96.699999878183007
227.999900067225099 96.699999878183007
228.000100143253803 131.590019958093762
240.000000065192580 131.589980116114020
240.000000065192580 203.729999894276261
238.939999863505363 203.729999894276261
235.798100028187037 203.733370006084442
232.539999904111028 203.729999894276261
229.840100063011050 203.730320073664188
229.839999880641699 203.629989884793758
229.723400017246604 203.629879886284471
229.739999976009130 200.929999966174364
229.736700020730495 197.729459954425693
229.739999976009130 194.529980085790157
229.839999880641699 194.629990095272660
229.841799987480044 194.033870063722134
230.939999986439943 193.529989989474416
230.939999986439943 192.729989886283875
228.740500109270215 192.764079896733165
228.740200139582157 194.539280012249947
228.740000063553452 200.929989861324430
228.720200043171644 204.708229918032885
229.382799882441759 204.711539978161454
229.366199923679233 207.539709918200970
229.359999876469374 210.859999908134341
229.365699877962470 213.999599879607558
229.760000072419643 214.060010137036443
229.760000072419643 204.713429873809218
232.575100110843778 204.727529892697930
235.740000028163195 204.730000095441937
240.000000065192580 204.730000095441937
240.000000065192580 213.249999880790710
236.240000128746033 213.250020090490580
236.139999935403466 230.140009988099337
236.139999935403466 244.339999910444021
240.000000065192580 244.339990094304085
240.000000065192580 310.000000000000000
212.298809858039021 310.000000000000000
212.320010121911764 304.990000100806355
229.520000070333481 304.990000100806355
229.520000070333481 297.289900043979287
212.319980096071959 297.289999937638640
204.289989890530705 297.279999889433384
204.290019916370511 310.000000000000000
105.692000091075897 310.000000000000000
107.899999879300594 307.699999883770943
107.936019916087389 299.300099993124604
108.175180060788989 299.319499861449003
108.180000074207783 292.060000132769346
100.179999908432364 292.060000132769346
100.179999908432364 299.300000099465251
99.900010107085109 299.300000099465251
97.182880053296685 302.114199940115213
84.489999916404486 302.219599876552820
83.520160093903542 302.227600030601025
77.429999951273203 302.240000125020742
63.730000024661422 302.240000125020742
50.289900014176965 302.272799890488386
50.139970025047660 302.273200042545795
43.260000087320805 302.290000077337027
40.260000061243773 299.389999955892563
40.366989923641086 286.009599976241589
40.368820056319237 285.780499931424856
40.473560001701117 272.680700086057186
40.469339927658439 272.309399973601103
40.393339907750487 265.619999999180436
40.530010024085641 265.619999999180436
43.330000136047602 262.719999877735972
43.329550037160516 254.659450007602572
34.930000063031912 254.720010105520487
32.430000137537718 257.320000119507313
32.397030033171177 265.479999901726842
32.396460119634867 265.619900105521083
32.369429934769869 272.309800125658512
32.367939902469516 272.679900070652366
32.440600125119090 285.780100068077445
32.314989911392331 285.780100068077445
32.259999895468354 299.389999955892563
32.259999895468354 307.790000028908253
34.558410085737705 310.000000000000000
29.890000019222498 310.000000000000000
29.889980098232627 300.089999865740538
17.889999914914370 300.089999865740538
17.889999914914370 310.000000000000000
0.000000000000000 310.000000000000000
0.000000000000000 242.099849954247475
0.396999921649694 242.100089872255921
6.799999866634607 242.100099977105856
13.200000114738941 242.100080056115985
19.600000074133277 242.100069951266050
25.999989928677678 242.100050030276179
32.400959953665733 242.100039925426245
38.800010057166219 242.100020004436374
42.600009897723794 242.100009899586439
42.600009897723794 220.500020105391741
40.400009974837303 220.500020105391741
40.400009974837303 221.300019919872284
41.500010080635548 221.800020020455122
41.500010080635548 222.400020025670528
41.600009985268116 222.400020025670528
41.600009985268116 238.300019875168800
41.500019896775484 241.000019898638129
41.500019896775484 241.117319883778691
38.800010057166219 241.100020091980696
35.600000116974115 241.100029908120632
32.399989888072014 241.100040012970567
29.199990052729845 241.100040012970567
25.999980112537742 241.100050117820501
22.799979988485575 241.100059933960438
19.600000074133277 241.100070038810372
16.399999950081110 241.100070038810372
13.172799879685044 241.101579992100596
9.999900097027421 241.100089959800243
6.785900136455894 241.100490111857653
3.599900137633085 241.100109880790114
0.000000000000000 241.100109880790114
0.000000000000000 211.650019884109497
12.000099997967482 211.649989858269691
11.999899921938777 176.649979930371046
0.000000000000000 176.650020061060786
0.000000000000000 106.269990000873804
1.059999912977219 106.270000105723739
4.200500082224607 106.266459943726659
7.459999872371554 106.270000105723739
10.159900002181530 106.269679926335812
10.159999895840883 106.370010115206242
10.276600047945976 106.370120113715529
10.260000089183450 109.070000033825636
10.250699874013662 112.268549967557192
10.259700119495392 115.369720039889216
10.260000089183450 115.470019914209843
10.158200077712536 115.966129936277866
9.060000078752637 116.470010010525584
9.060000078752637 117.270010113716125
11.259499955922365 117.235920103266835
11.259799925610423 115.460719987750053
11.260000001639128 109.070010138675570
11.279800022020936 105.291770081967115
10.617199894040823 105.288460021838546
10.633800141513348 102.460290081799030
10.639999900013208 99.140000091865659
10.634299898520112 96.000400120392442
10.239999992772937 95.939989862963557
10.239999992772937 105.286570126190782
7.424899954348803 105.272470107302070
4.260000037029386 105.269999904558063
0.000000000000000 105.269999904558063
0.000000000000000 96.750000119209290
3.759999936446548 96.749979909509420
3.860000129789114 79.859990011900663
3.860000129789114 65.660000089555979
0.000000000000000 65.660000089555979
0.000000000000000 0.000000000000000
27.701189918443561 0.000000000000000

[OBSTACLE]
3.929999889805913 284.190000016242266
3.929999889805913 302.689999984577298
15.929999994114041 302.689999984577298
15.929999994114041 284.190000016242266

[OBSTACLE]
203.720009950920939 274.910000031813979
203.749980069696903 278.860000018030405
203.749980069696903 279.309999877586961
203.750010095536709 289.760000016540289
211.350010065361857 289.760000016540289
211.349980039522052 279.309999877586961
211.349980039522052 278.860000018030405
211.320009920746088 274.910000031813979

[OBSTACLE]
142.200000081211329 249.859999958425760
132.150000138208270 249.880009870976210
131.600000085309148 249.880009870976210
123.649996118620038 249.880000054836273
120.973396329209208 252.603009976446629
120.950913326814771 260.650000004097819
120.759988250210881 260.650000004097819
120.760010769590735 271.250000000000000
121.642999118193984 271.250000000000000
121.642997097223997 273.966000042855740
121.642995076254010 276.699999999254942
120.909993592649698 276.699999999254942
120.909999655559659 285.100000072270632
123.610001988708973 287.699999902397394
131.749999942258000 287.686500111594796
131.749999942258000 287.810000143945217
141.979949939996004 287.803399944677949
142.349990122020245 287.803199868649244
159.279949897900224 287.792299911379814
159.279990028589964 279.290000069886446
158.910000082105398 279.290000069886446
158.910000082105398 276.392999934032559
158.520480059087276 276.456900117918849
158.510829927399755 279.290000069886446
142.349999938160181 279.290000069886446
142.349999938160181 279.110000068321824
131.749999942258000 279.110000068321824
129.509994052350521 276.699999999254942
122.141486955806613 276.699999999254942
122.142996909096837 273.966000042855740
122.142998930066824 271.250000000000000
129.523859927430749 271.250200076028705
129.549991935491562 260.979999862611294
131.878800112754107 258.561600064858794
142.197900004684925 258.621900035068393

[OBSTACLE]
172.459999863058329 237.959899865090847
161.859999867156148 237.959920074790716
161.859999867156148 238.219940094277263
153.799999989569187 238.219929989427328
151.058139903470874 240.876730047166348
151.095039928331971 248.320009857416153
150.959990052506328 248.320009857416153
150.960029894486070 258.920000037178397
158.510169936344028 258.920000037178397
158.510160120204091 259.072000076994300
158.509999886155128 262.220000065863132
158.509990070015192 265.419999901205301
158.528259927406907 265.748999956995249
158.910000082105398 265.750000048428774
158.909290144219995 265.436599859967828
158.897000048309565 262.290900023654103
158.910000082105398 259.079999942332506
158.910000082105398 258.920000037178397
159.760029874742031 258.920000037178397
159.700000137090683 249.319939902052283
162.299999967217445 246.619939878582954
172.460009967908263 246.659899940714240
172.459999863058329 239.049929948523641
175.560009898617864 239.050000105053186
178.609989956021309 239.050000105053186
178.609989956021309 246.849889885634184
181.086160046979785 249.234359906986356
181.099880123510957 266.359899919480085
181.100010043010116 266.520000007003546
180.980010041967034 276.679999902844429
178.380009923130274 279.379999926313758
178.370000058785081 279.000000115483999
167.770000062882900 279.000000115483999
167.769989958032966 287.786799985915422
178.380020027980208 287.779999999329448
186.880020005628467 287.779999999329448
189.580020029097795 285.079999975860119
189.632510105147958 276.959399869665504
189.634320028126240 276.680400054901838
189.700009925290942 266.520000007003546
189.700100002810359 266.360000101849437
189.709990052506328 249.449879899621010
189.709990052506328 240.949879921972752
187.009990029036999 238.249890003353357
178.609989956021309 238.249890003353357
178.609989956021309 238.550000004470348
172.459999863058329 238.550000004470348

[OBSTACLE]
16.349999997764826 255.160000100731850
0.674399994313717 255.160199888050556
0.749999862164259 283.759999964386225
16.328299976885319 283.740799883380532

[OBSTACLE]
224.190000072121620 255.289999861270189
224.190000072121620 269.120000125840306
223.989999974146485 269.120000125840306
223.989999974146485 283.319999864324927
231.589999943971634 283.319999864324927
231.589999943971634 269.689999986439943
231.690000137314200 269.689999986439943
231.690000137314200 255.289999861270189

[OBSTACLE]
73.769999919459224 254.440000094473362
60.240700067952275 254.537539901211858
53.109999932348728 254.440000094473362
53.109999932348728 262.439999971538782
87.470000134781003 262.439999971538782
87.470000134781003 255.729999961331487
97.059999881312251 255.729999961331487
97.179999882355332 255.700000105425715
97.179999882355332 262.919999975711107
100.080000003799796 265.719999903813004
100.143549982458353 282.459899866953492
108.143549859523773 282.459899866953492
108.079999880865216 265.719999903813004
108.079999880865216 257.320000119507313
105.480000050738454 254.819999905303121
97.179999882355332 254.819999905303121
97.179999882355332 255.289899967610836
97.124810079112649 255.238500060513616
96.978930113837123 255.241200076416135
93.850810118019581 255.298299985006452
90.659999921917915 255.229999860748649
87.470000134781003 255.229999860748649
87.470000134781003 254.440000094473362

[OBSTACLE]
158.510810006409883 272.862999951466918
158.509999886155128 273.193000098690391
158.520570136606693 276.332999933511019
158.910000082105398 276.392999934032559
158.910000082105398 272.862999951466918

[OBSTACLE]
214.410030012950301 255.640000104904175
213.710019998252392 258.340000128373504
213.709979867562652 267.339999917894602
214.409969961270690 269.640000034123659

[OBSTACLE]
204.000580059364438 243.929240070283413
204.010800104588270 244.326610118150711
203.913040012121201 247.466980079188943
204.065730068832636 250.676000081002712
204.010000089183450 253.869999945163727
204.003369864076376 253.986080130562186
203.710039928555489 253.988420125097036
203.709970060735941 268.040000116452575
211.509970128536224 268.040000116452575
211.528280116617680 253.926109867170453
204.410109994933009 253.982830122113228
204.410099890083075 253.780009904876351
204.409999996423721 250.670009925961494
204.409999996423721 247.469999985769391
204.314870052039623 244.398409985005856
204.430009908974171 244.398470036685467
207.540000071749091 244.399999910965562
213.880000030621886 244.399999910965562
214.259630003944039 244.393009953200817
214.229999985545874 243.979999907314777
213.789990069344640 244.001240013167262
210.740010011941195 244.000010108575225
204.339999947696924 244.000010108575225

[OBSTACLE]
229.365699877962470 224.609920103102922
229.367100121453404 224.971999973058701
229.380099866539240 228.087939871475101
229.387800050899386 231.207490088418126
229.366699969395995 234.560000114142895
229.366699969395995 240.859999880194664
229.436700018122792 244.029999859631062
226.296699894592166 244.019679920747876
223.096799952909350 244.009159905835986
222.746700104326010 244.007999869063497
222.746799997985363 244.424610128626227
223.137200009077787 244.426070135086775
226.222599875181913 244.416150059551001
229.436499942094088 244.356240136548877
229.786499897018075 244.355389885604382
229.769200105220079 244.045380018651485
229.766699876636267 240.960000073537230
229.766699876636267 228.159999866038561
229.770699953660369 224.960010135546327
229.771199999377131 224.609970049932599

[OBSTACLE]
54.166660048067570 212.203379943966866
54.166660048067570 216.603389894589782
53.866660045459867 216.603389894589782
53.827129872515798 220.500180050730705
53.199840132147074 220.500180050730705
53.199860053136945 222.300180066376925
53.199869869276881 225.500170085579157
53.199899895116687 231.900179861113429
53.199929920956492 238.300159899517894
53.199929920956492 242.100160028785467
56.999949971213937 242.100140107795596
63.399960035458207 242.100130002945662
69.799979915842414 242.100110081955791
76.199989980086684 242.100099977105856
82.600000044330955 242.100080056115985
89.058649996295571 242.092920048162341
95.349590042605996 242.094320002943277
99.200020013377070 242.100050030276179
99.200020013377070 241.637499947100878
101.979999924078584 241.560000078752637
105.180000048130751 241.560009894892573
107.599999876692891 241.560009894892573
107.599999876692891 242.233339929953218
112.100007133558393 242.233339929953218
112.100007133558393 242.633340125903487
118.600007863715291 242.633340125903487
118.599776029586792 242.533339932560921
125.000010132789612 242.533339932560921
125.000010132789612 242.033330015838146
142.500009899958968 242.033330015838146
142.500009899958968 225.033330060541630
142.200009897351265 225.033330060541630
142.200000081211329 220.433330116793513
130.199999976903200 220.433330116793513
130.199999976903200 225.033330060541630
129.900002861395478 225.033330060541630
125.000010132789612 229.933330006897449
118.570519890636206 229.933340111747384
118.570202020928264 229.796320078894496
112.100005978718400 229.833339918404818
112.100005978718400 230.233340114355087
107.599999876692891 230.233340114355087
107.599999876692891 241.061809901148081
105.180000048130751 241.060010083019733
101.979999924078584 241.059999978169799
99.200020013377070 241.008410099893808
99.200020013377070 238.300049901008606
99.190269988030195 231.900090072304010
99.185520131140947 228.783959913998842
99.200009908527136 222.300079884007573
99.200009908527136 218.500080043449998
95.400010067969561 218.500089859589934
89.000000003725290 218.500089859589934
87.199999988079071 218.500099964439869
87.199999988079071 220.700099887326360
88.000000091269612 220.700099887326360
88.499999903142452 219.600100070238113
89.099999908357859 219.600100070238113
89.099990092217922 219.500090060755610
98.100010091438890 219.500090060755610
98.100010091438890 219.600089965388179
98.220269931480289 219.600199963897467
98.200009996071458 222.300079884007573
98.200009996071458 235.100069986656308
98.200020100921392 238.300049901008606
98.200020100921392 241.000049924477935
98.100019907578826 241.000049924477935
95.400019884109497 241.100050117820501
92.200000127777457 241.100070038810372
88.915660018101335 241.114519974216819
85.799999879673123 241.100080143660307
82.600000044330955 241.100080143660307
79.399990104138851 241.100100064650178
76.167929889634252 241.102149905636907
72.999969935044646 241.100109880790114
69.794549858197570 241.100169932469726
66.599950054660439 241.100130090489984
63.421239983290434 241.101029999554157
60.199939990416169 241.100139906629920
57.047590008005500 241.104720002040267
54.300029920414090 241.100859949365258
54.299930026754737 241.000150106847286
54.182619936764240 241.000150106847286
54.199920017272234 238.300159899517894
54.289039885625243 240.706249969080091
71.366699943318963 240.703349877148867
77.666699998080730 240.703340061008930
77.966710105538368 240.703340061008930
84.166699862107635 240.803320044651628
84.166699862107635 240.703320140019059
90.766699919477105 240.703310035169125
90.766699919477105 240.403310032561421
95.166700053960085 240.403299927711487
95.162430033087730 228.456209972500801
90.766679998487234 228.405619896948338
90.766679998487234 228.103309925645590
84.166679941117764 228.103320030495524
84.201770043000579 228.017690088599920
77.966680079698563 228.103339951485395
77.666680077090859 228.003329942002892
77.666680077090859 228.103339951485395
71.366680022329092 228.103350056335330
66.466669971123338 223.203370030969381
66.466659866273403 216.603369973599911
66.162479920312762 216.603369973599911
66.070520011708140 212.205380126833916

[OBSTACLE]
7.200000062584877 227.000000048428774
7.200000062584877 238.999999864026904
38.799999952316284 238.999999864026904
38.799999952316284 227.000000048428774

[OBSTACLE]
203.950000088661909 134.499999918043613
196.880000075325370 134.500010022893548
196.880000075325370 142.500009899958968
203.950000088661909 142.500000083819032
206.950000114738941 145.399999916553497
206.950000114738941 165.651660030707717
206.691699940711260 165.647239880636334
203.892519949004054 165.599380135536194
203.694280115887523 165.595990102738142
203.292689993977547 165.589119959622622
203.290839940309525 166.062960047274828
203.893330069258809 166.151669947430491
203.893190044909716 166.051670042797923
206.690360037609935 166.051659937947989
206.690330011770129 166.060160137712955
206.950000114738941 166.051659937947989
206.950000114738941 189.586660070344806
206.756679899990559 189.586660070344806
203.956679971888661 189.586669886484742
203.956679971888661 189.486669981852174
203.356669861823320 189.487090054899454
203.354600099846721 189.995829984545708
203.956679971888661 190.086669987067580
203.956679971888661 189.986670082435012
206.756679899990559 189.986659977585077
206.950000114738941 189.986659977585077
206.950000114738941 203.549999892711639
206.950080087408423 203.660009950399399
206.950199902057648 203.821330126374960
206.787819871678948 203.788849962875247
206.814539982005954 204.387659905478358
206.950550107285380 204.288809932768345
206.952929943799973 207.488810056820512
206.955310069024563 210.688819997012615
206.957680089399219 213.888820121064782
206.959990058094263 217.000000057742000
204.246849976480007 219.889919869601727
204.087719954550266 219.888890041038394
204.167849970981479 219.808059902861714
203.592640049755573 219.786630114540458
203.087720042094588 218.688879925757647
202.287719938904047 218.688879925757647
202.287719938904047 220.885989861562848
204.099660133942962 220.888960110023618
204.060000041499734 227.999999960884452
212.459990009665489 227.999999960884452
214.959989935159683 225.400000130757689
214.959989935159683 217.000000057742000
214.950989978387952 204.881580062210560
216.820339867845178 204.878530129790306
220.687799975275993 204.888900015503168
220.687799975275993 201.088899886235595
220.687899868935347 194.688899926841259
220.687899868935347 192.888899911195040
218.487860104069114 192.888890095055103
218.487849999219179 193.688889909535646
219.587859921157360 194.188890010118484
219.567310120910406 194.734119996428490
219.687850009649992 194.688890110701323
219.687839904800057 197.888900050893426
219.687830088660121 201.088899886235595
219.687809878960252 203.788800016045570
219.587809974327683 203.788899909704924
219.587809974327683 203.906199894845486
216.887809950858355 203.888889998197556
214.950239909812808 203.875510022044182
214.950079964473844 203.660000134259462
214.949999991804361 203.549999892711639
214.966700132936239 196.679920004680753
214.967240020632744 196.460039913654327
214.999710079282522 183.100119866430759
214.999999944120646 182.980000050738454
214.949989886954427 169.400000125169754
218.066049888730049 169.400000125169754
218.049999922513962 158.899998012930155
214.949999991804361 158.899998879060149
214.949999991804361 137.000000132247806
212.349999872967601 134.499999918043613

[OBSTACLE]
161.249989997595549 171.209999900311232
161.252379938960075 172.340029887855053
154.010229948908091 172.340029887855053
153.990010144189000 186.040000077337027
154.031670130789280 193.189759980887175
154.110000040382147 206.630000015720725
154.110000040382147 206.859999969601631
154.110009856522083 217.130000106990337
153.967899866402149 217.053920114412904
153.987709991633892 225.450259922072291
156.569989956915379 227.950000008568168
164.670000132173300 227.950010113418102
164.969990029931068 227.950010113418102
178.200110103935003 227.979630026966333
178.370000058785081 227.979999864473939
191.900030057877302 227.990529984235764
191.900030057877302 220.869980026036501
192.520000133663416 220.869980026036501
192.510509947314858 218.583350069820881
191.719989925622940 218.669980103150010
191.219990113750100 219.769979920238256
190.619999924674630 219.769979920238256
190.720000118017197 219.869980113580823
187.519070059061050 219.909100029617548
184.320859936997294 219.833680028095841
181.620000135153532 219.769979920238256
181.488260030746460 219.769860105589032
181.519999941810966 217.069990001618862
181.519999941810966 213.869980061426759
181.519990125671029 210.669979937374592
181.519990125671029 207.970069991424680
181.619990030303597 207.969979913905263
181.619990030303597 207.852679928764701
184.319979948922992 207.869980009272695
187.420000089332461 207.869969904422760
187.419989984482527 207.969970097765326
188.019989989697933 207.969970097765326
188.519999906420708 209.069969914853573
189.319989904761314 209.069969914853573
189.319989904761314 206.869959887117147
187.519989889115095 206.869969991967082
184.319979948922992 206.869980096817017
180.519989924505353 206.869980096817017
180.519989924505353 210.669990042224526
180.520000029355288 217.069990001618862
180.520000029355288 219.985149996355176
178.370000058785081 219.979999987408519
178.200099999085069 219.979629861190915
164.970000134781003 219.950009947642684
161.970000108703971 217.130000106990337
165.226050103083253 217.130000106990337
165.210000136867166 206.630000015720725
162.109809946268797 206.630000015720725
162.098469994962215 193.136589992791414
161.989999916404486 193.189999898895621
161.990010021254420 186.040000077337027
161.998949926346540 179.976540124043822
165.049999943003058 180.009999880567193
171.452940125018358 180.009979959577322
177.849999861791730 180.009990064427257
180.424749981611967 179.981880104169250
180.449999980628490 182.609989894554019
180.449999980628490 189.009460071101785
180.475079929456115 195.409889919683337
180.449999980628490 199.209989942610264
189.249999960884452 199.209989942610264
189.249290022999048 196.986230053007603
188.449999857693911 197.009990019723773
187.950000045821071 198.109990125522017
187.350000040605664 198.109990125522017
187.350009856745601 198.209990030154586
181.550000086426735 198.209990030154586
181.550000086426735 198.109990125522017
181.429580012336373 198.109859917312860
181.449999893084168 195.409999918192625
181.449999893084168 185.809979913756251
181.449899999424815 182.617099955677986
181.443919949233532 179.453970119357109
181.555610010400414 179.469410041347146
181.550000086426735 178.909989958629012
181.047860067337751 179.009570078924298
177.872380083426833 179.011000059545040
174.649989921599627 179.009989863261580
171.449990086257458 179.009989863261580
168.249979857355356 179.009999968111515
162.350089997053146 179.009999968111515
162.349990103393793 178.910000063478947
162.210470130667090 176.212040064856410
162.249989910051227 173.010010020807385
162.349990103393793 173.110000109300017
162.342420127242804 172.492629867047071
163.449989920482039 172.010000003501773
163.449989920482039 171.209999900311232

[OBSTACLE]
38.061640011146665 203.825279967859387
37.633960032835603 203.825370045378804
37.633319962769747 204.175329869613051
37.633330067619681 207.315329993143678
37.633349988609552 210.515330117195845
37.633360093459487 213.300000121816993
7.299999967217445 213.300000121816993
7.212399868294597 225.299359867349267
38.899999856948853 225.299999937415123
38.899999856948853 213.300000121816993
38.033360000699759 213.300000121816993
38.033340079709888 210.615330021828413
38.033329974859953 207.315329993143678
38.063779929652810 204.172540064901114

[OBSTACLE]
70.682909945026040 213.136009955778718
70.669999988749623 213.599990019574761
71.009830133989453 213.599739996716380
74.139999970793724 213.599990019574761
77.340000094845891 213.600000124424696
77.270000046119094 216.669990094378591
77.270000046119094 219.870000034570694
77.269989941269159 223.069999869912863
77.296350030228496 223.397869914770126
77.689370084553957 223.398850085213780
77.669990137219429 223.069999869912863
77.667219964787364 219.903210056945682
77.656859895214438 216.741289915516973
77.666740128770471 213.517159987241030
77.669999953359365 213.199999928474426
77.354659922420979 213.200540104880929
74.139999970793724 213.199999928474426
71.000000135973096 213.199990112334490

[OBSTACLE]
229.760000072419643 214.060010137036443
229.375199880450964 214.136449862271547
229.350600056350231 217.183569958433509
229.340000068768859 217.550000110641122
229.779999880120158 217.550000110641122
229.760000072419643 217.199999867007136

[OBSTACLE]
99.099990082904696 139.299980038776994
96.886669946834445 139.300200035795569
96.899999976158142 140.099980141967535
98.000000081956387 140.599990058690310
98.099989881739020 141.099980054423213
98.099989881739020 144.299989994615316
98.099999986588955 147.499990118667483
98.099999986588955 163.500006040558219
98.112709866836667 166.621289961040020
98.099999986588955 169.900010041892529
98.100030012428761 173.096439978107810
98.099999986588955 176.300010001286864
98.000000081956387 176.200019912794232
97.993170069530606 176.785509930923581
96.899999976158142 177.300020018592477
96.899999976158142 178.100020121783018
98.013140140101314 178.100020121783018
98.010000130161643 181.169999986886978
98.009990025311708 184.370000110939145
98.010000130161643 187.499999897554517
64.799920013174415 187.499999897554517
64.799930118024349 188.180040130391717
58.306630058214068 188.180079972371459
58.306630058214068 188.480079974979162
53.906629923731089 188.480099895969033
53.906689975410700 200.480100000277162
58.306699926033616 200.480080079287291
58.306699926033616 200.780080081894994
64.706699885427952 200.780039951205254
64.906699983403087 200.780039951205254
71.306699942797422 200.880000013858080
77.806700095534325 200.879969988018274
77.806700095534325 200.759480046108365
84.106699861586094 200.779940057545900
84.306699959561229 200.779940057545900
90.706699918955564 200.779899926856160
90.706699918955564 200.479899924248457
95.106700053438544 200.479880003258586
95.106629896908998 188.500000098720193
98.099999986588955 188.500000098720193
98.099999986588955 188.600000003352761
98.220260115340352 188.600110001862049
98.199999891221523 191.300000026822090
98.199999891221523 204.100010050460696
98.200009996071458 207.300019990652800
98.200009996071458 210.000030118972063
98.100010091438890 210.000030118972063
98.100010091438890 210.100030023604631
95.400010067969561 210.100030023604631
92.200000127777457 210.100040128454566
89.099999908357859 210.109769944101572
89.099999908357859 210.000050039961934
88.499999903142452 210.000050039961934
88.000000091269612 208.900049934163690
87.199999988079071 208.900049934163690
87.199999988079071 211.100049857050180
89.000000003725290 211.100040040910244
95.400010067969561 211.100029936060309
99.200009908527136 211.100029936060309
99.200009908527136 204.100010050460696
99.192769927904010 197.640290139243007
99.200000092387199 191.300000026822090
99.200000092387199 187.499999897554517
98.509999942034483 187.499999897554517
98.509990125894547 184.370000110939145
98.564649857580662 181.179499989375472
98.512210017070174 178.100020121783018
99.099999899044633 178.100020121783018
99.097629878669977 176.265689888969064
99.099999899044633 173.100009877234697
99.099999899044633 147.499995892867446
99.099990082904696 141.099989870563149
102.130149910226464 141.015569912269711
102.329999879002571 141.010000118985772
105.530000003054738 141.010000118985772
105.530000003054738 139.810000108554959
102.238499885424972 139.817020092159510
102.129970043897629 139.816509941592813
99.099990082904696 139.802150083705783

[OBSTACLE]
115.183334061875939 188.373860102146864
115.130004994571209 188.779989900067449
110.530005050823092 188.779989900067449
110.529996966943145 200.779990004375577
115.129996910691261 200.779990004375577
115.178149985149503 201.186129907146096
124.729996994137764 201.080000111833215
129.729993091896176 206.079999962821603
129.928849032148719 206.079999962821603
129.877404086291790 210.581729952245951
141.877399859949946 210.581729952245951
141.921769967302680 205.966159878298640
141.729979915544391 205.966379875317216
141.728950086981058 188.405300043523312
124.730003923177719 188.480000002309680

[OBSTACLE]
24.589979955926538 186.130059985443950
24.589979955926538 186.570060085505247
24.939979910850525 186.550059989094734
28.079980034381151 186.550049884244800
31.279979869723320 186.550029963254929
34.488099962472916 186.471519898623228
37.680630004033446 186.544679878279567
37.609999990090728 189.620000012218952
37.610019911080599 192.820000136271119
37.610030015930533 196.019999971613288
37.610049936920404 199.220000095665455
37.641680138185620 199.565270114690065
38.035400025546551 199.569659950211644
38.015149906277657 199.130029976367950
38.010029923170805 196.019999971613288
38.010010002180934 192.919989936053753
38.008040133863688 189.592159995809197
38.009979976341128 186.479990072548389
38.022039970383048 186.184970028698444
37.779980022460222 186.150000030174851
37.590199969708920 186.151939872652292
34.640790019184351 186.182089857757092
34.539690129458904 186.181099871173501
31.379980063065886 186.150030056014657
28.179979939013720 186.150039872154593
24.939979910850525 186.150060081854463

[OBSTACLE]
192.069180049002171 176.489749923348427
192.071209968999028 176.890249876305461
192.072219876572490 177.089730007573962
192.087479932233691 180.090159922838211
192.103740079328418 183.290080074220896
192.120010042563081 186.489999936893582
192.120019858703017 189.489150000736117
191.994640035554767 189.488940108567476
191.970330076292157 190.070449970662594
192.620019959285855 189.990000063553452
195.620019985362887 189.990000063553452
198.637329908087850 189.989989958703518
198.642009897157550 190.120100006461143
199.220020016655326 190.089989863336086
199.220020016655326 189.489989858120680
198.619379941374063 189.491269998252392
198.622959945350885 189.590680068358779
195.553209893405437 189.601489948108792
192.620019959285855 189.590779962018132
192.620019959285855 189.489999962970614
192.428410062566400 189.489680072292686
192.520009949803352 186.489999936893582
192.519819978624582 183.281389903277159
192.504210006445646 180.171190137043595
192.519030068069696 177.089950004592538
192.619989933446050 177.089999951422215
192.624110113829374 176.490029972046614

[OBSTACLE]
170.499999942258000 187.999999998137355
170.499999942258000 188.999999910593033
171.500000143423676 188.999999910593033
171.500000143423676 187.999999998137355

[OBSTACLE]
12.113300012424588 186.126669952645898
12.111300118267536 186.566679868847132
12.455999935045838 186.546540036797523
15.603300090879202 186.552639901638031
18.803299926221371 186.558839948847890
19.153299881145358 186.559519860893488
19.153400063514709 186.145930085331202
18.903300119563937 186.146659944206476
18.713300069794059 186.146659944206476
15.603300090879202 186.146670049056411
12.463299967348576 186.146670049056411

[OBSTACLE]
77.969999955967069 151.059998041018844
77.698969980701804 151.072280053049326
75.163709903135896 151.209084130823612
74.619730031117797 151.211813883855939
71.963050076738000 151.201092060655355
71.700000045821071 151.094994023442268
71.098779952153563 151.099419947713614
70.163179980590940 151.104231877252460
70.163330109789968 153.333340985700488
71.963330125436187 153.333338098600507
71.963330125436187 151.733337026089430
75.163329960778356 151.733335871249437
77.700000097975135 151.695000091567636
77.969999955967069 151.695000091567636
77.969999955967069 164.510001093149185
77.800000002607703 164.510001093149185
75.698170140385628 166.845360100269318
75.130870006978512 166.838899925351143
75.163329960778356 166.133329933509231
73.392879990860820 166.130029978230596
73.469960074871778 166.819970076903701
73.469960074871778 167.507730126380920
68.080010022968054 167.500210097059608
68.080010022968054 167.319990098476410
54.879010105505586 167.320010019466281
54.879010105505586 167.209999961778522
54.879000000655651 164.209999069571495
54.878989895805717 161.210001064464450
54.978990089148283 161.210001064464450
54.978990089148283 160.610001059249043
54.378979979082942 160.610001925379038
54.378979979082942 161.210001930594444
54.478989988565445 161.210001930594444
54.479000093415380 164.209999069571495
54.383500022813678 167.210139986127615
54.379999991506338 167.320010019466281
54.379999991506338 167.809999966993928
54.380019912496209 175.320009896531701
67.930000061169267 175.319989975541830
67.930000061169267 175.500000081956387
74.669980006292462 175.509399902075529
74.669980006292462 177.719970075413585
74.569980101659894 177.719970075413585
71.869989894330502 177.819980084896088
68.769989963620901 177.819980084896088
68.769989963620901 177.719979891553521
68.196009946987033 177.707390114665031
67.669980041682720 176.619989890605211
66.869979938492179 176.619989890605211
66.869990043342113 178.819990102201700
68.730609919875860 178.812520019710064
71.869989894330502 178.819979997351766
75.617820126935840 178.862140029668808
75.663330061361194 175.510000130161643
83.299999954178929 175.510000130161643
85.999999977648258 173.009999915957451
85.970000121742487 164.660000950098038
85.970000121742487 151.059998907148838
78.963330090045929 151.059998041018844

[OBSTACLE]
104.749999996274710 169.561999924480915
104.752909904345870 172.821070114150643
104.752089967951179 172.962009962648153
104.734810097143054 175.900010094046593
104.400000041350722 175.900010094046593
104.400000041350722 178.100020121783018
105.199999855831265 178.100010016933084
105.699999956414104 177.000009911134839
106.299999961629510 177.000009911134839
106.299999961629510 176.900010006502271
109.400009997189045 176.900010006502271
112.633820082992315 176.892500082030892
115.800005048513412 176.900010006502271
122.200005874037743 176.900010006502271
125.346892019733787 176.897169966250658
128.600006988272071 176.899999901652336
138.200009958818555 176.899999901652336
141.413700133562088 176.899619959294796
141.300009889528155 176.999989990144968
141.900009894743562 176.999989990144968
142.400009995326400 178.099990095943213
143.200010098516941 178.099990095943213
143.200010098516941 175.899989884346724
141.400010082870722 175.899989884346724
138.200009958818555 175.899999989196658
125.399999935179949 175.899999989196658
118.999999975785613 175.900010094046593
105.944459950551391 175.900010094046593
105.949650090187788 172.961999857798219
105.950000006705523 172.762000048533082
105.950000006705523 169.561999924480915

[OBSTACLE]
143.810000047087669 176.389989936724305
143.540909914299846 176.453269971534610
143.467659857124090 176.807090137153864
143.810000047087669 176.889990037307143
147.009999882429838 176.889990037307143
150.210000006482005 176.890000142157078
153.410000130534172 176.890000142157078
153.690000036731362 176.820000093430281
153.715599952265620 176.461829934269190
153.474829960614443 176.398549899458885
153.330159978941083 176.398169957101345
150.210000006482005 176.390000041574240
147.003350025042892 176.437129927799106

[OBSTACLE]
27.540010055527091 82.000000039115548
25.040010130032897 84.599999869242311
25.040010130032897 92.999999942258000
25.049010086804628 105.118419937789440
23.179659908637404 105.121469870209694
19.312200089916587 105.111099984496832
19.312200089916587 108.911100113764405
19.312099907547235 115.311100073158741
19.312099907547235 117.111100088804960
21.512139961123466 117.111109904944897
21.512150065973401 116.311110090464354
20.412140144035220 115.811109989881516
20.432689944282174 115.265880003571510
20.312150055542588 115.311109889298677
20.312159871682525 112.111099949106574
20.312169976532459 108.911100113764405
20.312189897522330 106.211199983954430
20.412190090864897 106.211100090295076
20.412190090864897 106.093800105154514
23.112190114334226 106.111110001802444
25.049759866669774 106.124489977955818
25.049920100718737 106.339999865740538
25.050000073388219 106.450000107288361
25.033299932256341 113.320079995319247
25.032760044559836 113.539960086345673
25.000289985910058 126.899880133569241
25.000000121071935 127.019999949261546
25.050009889528155 140.599999874830246
21.933949887752533 140.599999874830246
21.950000142678618 151.100001987069845
25.050000073388219 151.100001120939851
25.050000073388219 172.999999867752194
27.649999903514981 175.500000081956387
36.049999976530671 175.500000081956387
43.119999989867210 175.499989977106452
43.119999989867210 167.499990100041032
36.049999976530671 167.499999916180968
33.049999950453639 164.600000083446503
33.049999950453639 144.348339969292283
33.308300124481320 144.352760119363666
36.107480116188526 144.400619864463806
36.305719949305058 144.404009897261858
36.707310071215034 144.410880040377378
36.709160124883056 143.937039952725172
36.106669995933771 143.848330052569509
36.106810020282865 143.948329957202077
33.309640027582645 143.948340062052011
33.309670053422451 143.939839862287045
33.049999950453639 143.948340062052011
33.049999950453639 120.413339929655194
33.243319876492023 120.413339929655194
36.043320093303919 120.413330113515258
36.043320093303919 120.513330018147826
36.643329914659262 120.512909945100546
36.645399965345860 120.004170015454292
36.043320093303919 119.913330012932420
36.043320093303919 120.013329917564988
33.243319876492023 120.013340022414923
33.049999950453639 120.013340022414923
33.049999950453639 106.450000107288361
33.049919977784157 106.339990049600601
33.049799874424934 106.178669873625040
33.212179904803634 106.211150037124753
33.185460083186626 105.612340094521642
33.049449957907200 105.711190067231655
33.047070121392608 102.511189943179488
33.044689996168017 99.311180002987385
33.042319975793362 96.111179878935218
33.040010007098317 92.999999942258000
35.753150088712573 90.110080130398273
35.912280110642314 90.111109958961606
35.832150094211102 90.191940097138286
36.407360015437007 90.213369885459542
36.912280023097992 91.311120074242353
37.712280126288533 91.311120074242353
37.712280126288533 89.114010138437152
35.900339931249619 89.111039889976382
35.940000023692846 82.000000039115548

[OBSTACLE]
199.250010056421161 165.519990082830191
198.650469966232777 165.536650093272328
198.656799932941794 165.619989987462759
195.649999920278788 165.620000092312694
192.649999894201756 165.620009908452630
192.049999888986349 165.520010003820062
192.066659899428487 166.119550094008446
192.150000082328916 166.105329971760511
192.150009898468852 169.120010035112500
192.150020003318787 172.120909970253706
192.050020098686218 172.120010061189532
192.050020098686218 172.720010066404939
192.650020103901625 172.720010066404939
192.655369900166988 172.125440118834376
192.535600000992417 172.124369870871305
192.549870070070028 169.127580011263490
192.549999989569187 166.020010104402900
192.650009999051690 166.020010104402900
195.649999920278788 166.019999999552965
198.687210045754910 166.019989894703031
198.698560101911426 166.169259892776608
199.226229880005121 166.176979998126626

[OBSTACLE]
152.800000077113509 98.899950142949820
151.000000061467290 98.899959959089756
144.599989997223020 98.899970063939691
140.799989867955446 98.899970063939691
140.799989867955446 105.899989949539304
140.807230137288570 112.359709860756993
140.799999972805381 118.699999973177910
140.799999972805381 122.500000102445483
141.609990019351244 122.500000102445483
141.539989970624447 122.840000009164214
141.540000075474381 126.040000133216381
141.540000075474381 131.899979878216982
140.899999877437949 131.899979878216982
140.902369897812605 133.734310111030936
140.899999877437949 136.899990122765303
140.899999877437949 169.040690138936043
138.010000092908740 169.040039964020252
137.809999994933605 169.040000122040510
134.609999870881438 169.040000122040510
134.609999870881438 170.240000132471323
137.877999860793352 170.236129974946380
138.010030118748546 170.237809978425503
140.899999877437949 170.274550057947636
140.899999877437949 170.700019961223006
143.113330118358135 170.699799964204431
143.100000089034438 169.900019858032465
141.999999983236194 169.400009941309690
141.999999983236194 168.800020040944219
141.900000078603625 168.900019945576787
141.900000078603625 146.499993959441781
141.887289909645915 143.378710038959980
141.900000078603625 140.099989958107471
141.899970052763820 136.903560021892190
141.900000078603625 133.699989998713136
141.999999983236194 133.799980087205768
142.006829995661974 133.214490069076419
143.100000089034438 132.699979981407523
143.100000089034438 131.899979878216982
142.029049983248115 131.899979878216982
142.039999887347221 129.239999968558550
142.039999887347221 126.040000133216381
142.039990071207285 122.840000009164214
141.969990022480488 122.500000102445483
175.200080052018166 122.500000102445483
175.200069947168231 121.819959869608283
181.693370006978512 121.819920027628541
181.693370006978512 121.519920025020838
186.093370141461492 121.519900104030967
186.093310089781880 109.519899999722838
181.693300139158964 109.519919920712709
181.693300139158964 109.219919918105006
175.293299891054630 109.219960048794746
175.093300081789494 109.219960048794746
168.693300122395158 109.119999986141920
162.193299969658256 109.120030011981726
162.193299969658256 109.240519953891635
155.893299914896488 109.220059942454100
155.693300105631351 109.220059942454100
149.293299857527018 109.220100073143840
149.293299857527018 109.520100075751543
144.893300011754036 109.520119996741414
144.893369879573584 121.499999901279807
141.900000078603625 121.499999901279807
141.900000078603625 121.399999996647239
141.779739949852228 121.399889998137951
141.799999885261059 118.699999973177910
141.799999885261059 105.899989949539304
141.799990069121122 102.699980009347200
141.799990069121122 99.999969881027937
141.899989973753691 99.999969881027937
141.899989973753691 99.899969976395369
144.599989997223020 99.899969976395369
147.799999937415123 99.899959871545434
150.899999868124723 99.890230055898428
150.899999868124723 99.999949960038066
151.499999873340130 99.999949960038066
151.999999973922968 101.099950065836310
152.800000077113509 101.099950065836310

[OBSTACLE]
111.489699892699718 156.840501986443996
111.010691029950976 156.841657115146518
111.018673861399293 157.243486866354942
111.022606091573834 157.441420955583453
111.082222973927855 160.442223884165287
111.082224128767848 163.442225065082312
110.982223935425282 164.042225070297718
111.582223074510694 163.942224876955152
114.582223966717720 163.942226031795144
117.582940859720111 163.973452905192971
117.781879082322121 163.975522955879569
118.182875905185938 163.979695104062557
118.184911888092756 163.529882906004786
117.582226013764739 163.442225931212306
117.582361130043864 163.542226990684867
114.582223966717720 163.542226124554873
111.582223940640688 163.542326018214226
111.582223940640688 163.442225065082312
111.391766862943769 163.442225065082312
111.482224036008120 160.442223884165287
111.482224036008120 157.242224048823118

[OBSTACLE]
128.442224953323603 156.817775890231133
128.442224953323603 157.417777050286531
128.556777862831950 157.417777050286531
128.542224857956171 160.417777076363564
128.542223125696182 163.417775081470609
128.542223125696182 163.517774986103177
125.442224927246571 163.517776140943170
122.442226056009531 163.532806094735861
122.442226056009531 163.417777102440596
121.842226050794125 163.417775947600603
121.842224895954132 164.017775952816010
122.442224901169538 163.917776048183441
125.442224927246571 163.917776048183441
128.467224929481745 163.917774893343449
128.442224953323603 164.017775952816010
129.042224958539009 164.017775952816010
129.042224958539009 163.417775081470609
128.942223899066448 163.417775081470609
128.942225053906441 160.417777076363564
128.942225053906441 157.417777050286531
129.061608081683517 156.823647096753120

[OBSTACLE]
164.382179938256741 131.137859970331192
164.336670003831387 134.489999869838357
156.700000111013651 134.489999869838357
154.000000087544322 136.990000084042549
154.029999943450093 145.339999049901962
154.029999943450093 158.940001092851162
161.036669975146651 158.940001958981156
162.030000109225512 158.940001958981156
162.301030084490776 158.927719946950674
164.836289873346686 158.790915869176388
165.380270034074783 158.788186116144061
168.036949988454580 158.798907939344645
168.300000019371510 158.905005976557732
168.901220113039017 158.900580052286386
169.836820084601641 158.895768122747540
169.836669955402613 156.666659014299512
168.036669939756393 156.666661901399493
168.036669939756393 158.266662973910570
164.836670104414225 158.266664128750563
162.299999967217445 158.304999908432364
162.030000109225512 158.304999908432364
162.030000109225512 145.489998906850815
162.200000062584877 145.489998906850815
164.301829924806952 143.154639899730682
164.869130058214068 143.161100074648857
164.836670104414225 143.866670066490769
166.607120074331760 143.869970021769404
166.530039990320802 143.180029923096299
166.530039990320802 142.492269873619080
171.919990042224526 142.499789902940392
171.919990042224526 142.680009901523590
185.120989959686995 142.679989980533719
185.120989959686995 142.790000038221478
185.121000064536929 145.790000930428505
185.121009880676866 148.789998935535550
185.021009976044297 148.789998935535550
185.021009976044297 149.389998940750957
185.621020086109638 149.389998074620962
185.621020086109638 148.789998069405556
185.521010076627135 148.789998069405556
185.520999971777201 145.790000930428505
185.616500042378902 142.789860013872385
185.620000073686242 142.679989980533719
185.620000073686242 142.190000033006072
185.619979863986373 134.679990103468299
172.070000004023314 134.680010024458170
172.070000004023314 134.499999918043613
165.330020058900118 134.490600097924471
165.330020058900118 132.280029924586415
165.430019963532686 132.280029924586415
168.130009882152081 132.180019915103912
171.230010101571679 132.180019915103912
171.230010101571679 132.280020108446479
171.803990118205547 132.292609885334969
172.330020023509860 133.380010109394789
173.130020126700401 133.380010109394789
173.130010021850467 131.180009897798300
171.269389856606722 131.187479980289936
168.130009882152081 131.180020002648234

[OBSTACLE]
185.533519880846143 154.932643668726087
184.976649973541498 154.933325890451670
184.971379861235619 155.527895549312234
185.090199904516339 155.528884381055832
185.077619943767786 158.330089095979929
185.069790128618479 158.330055894330144
185.076739955693483 158.527815891429782
181.976660052314401 158.433332080021501
178.776659928262234 158.433339009061456
175.742519944906235 158.433345938101411
175.730959996581078 158.285613898187876
175.176540082320571 158.287187945097685
175.176340006291866 158.868306893855333
175.576839959248900 158.866246948018670
175.776309985667467 158.865222027525306
178.776739900931716 158.849789900705218
181.976669868454337 158.833333142101765
184.998490018770099 158.833325058221817
184.977130098268390 158.916673036292195
185.576669899746776 158.933324962854385
185.479840030893683 158.331795949488878
185.524040088057518 155.532493833452463
185.527180097997189 155.334122637286782

[OBSTACLE]
119.500000076368451 154.499999899417162
119.500000076368451 155.500000100582838
120.499999988824129 155.500000100582838
120.499999988824129 154.499999899417162

[OBSTACLE]
54.423329876735806 151.066675037145615
54.520160034298897 151.668204050511122
54.475959977135062 154.467506166547537
54.472819967195392 154.665877362713218
54.466479895636439 155.067356331273913
55.023350091651082 155.066674109548330
55.028619915246964 154.472104450687766
54.909799871966243 154.471115618944168
54.922380121424794 151.669910904020071
54.930209936574101 151.669944105669856
54.923260109499097 151.472184108570218
58.023340012878180 151.566667919978499
61.223340136930346 151.566660990938544
64.257480120286345 151.566654061898589
64.269040068611503 151.714386101812124
64.823459982872009 151.712812054902315
64.823660058900714 151.131693106144667
64.423160105943680 151.133753051981330
64.223690079525113 151.134777972474694
61.223259875550866 151.150210099294782
58.023329908028245 151.166666857898235
55.001510046422482 151.166674941778183
55.022869966924191 151.083326963707805

[OBSTACLE]
117.557769967243075 145.982215097174048
117.557769967243075 146.082215867936611
114.557771096006036 146.082221930846572
111.557769915089011 146.082227993756533
111.557769915089011 145.982226934283972
110.957769909873605 145.982228955253959
110.957771064713597 146.582228960469365
111.057772124186158 146.565562020987272
111.057777032256126 149.582228120416403
111.057783095166087 152.582227857783437
110.957782901823521 152.582229012623429
110.937867974862456 153.176166107878089
111.557784061878920 153.182227862998843
111.557782907038927 152.582226991653442
111.443229997530580 152.582226991653442
111.457776939496398 149.582226965576410
111.457770876586437 146.482229055836797
111.557771936058998 146.482229055836797
114.557771962136030 146.482222126796842
117.557769967243075 146.467184955254197
117.557769967243075 146.582215102389455
118.157769972458482 146.582215102389455
118.157769972458482 145.982215097174048

[OBSTACLE]
129.017776129767299 145.957774929702282
128.417776124551892 146.057775123044848
125.417776098474860 146.057775123044848
122.417058916762471 146.026545073837042
122.218122137710452 146.024473002180457
121.817125026136637 146.020299987867475
121.815089043229818 146.470117960125208
122.217775108292699 146.457775030285120
125.417776098474860 146.457775030285120
128.417776124551892 146.457675136625767
128.417776124551892 146.557774934917688
128.608232913538814 146.557774934917688
128.517776895314455 149.557774960994720
128.517776895314455 152.757775951176882
128.510301904752851 153.159496858716011
128.989052083343267 153.158344905823469
128.981096968054771 152.756522949784994
128.977178884670138 152.558579044416547
128.917777091264725 149.557774960994720
128.917775936424732 146.557774934917688

[OBSTACLE]
47.443239931017160 137.278419928625226
47.349979961290956 137.879989938810468
47.450000075623393 137.879860019311309
47.450129995122552 140.872419988736510
47.450000075623393 143.979989895597100
47.349990066140890 143.979989895597100
44.349999856203794 143.980000000447035
41.312910122796893 143.980010105296969
41.301610013470054 143.830829896032810
40.773769896477461 143.823020001873374
40.749990008771420 144.480009917169809
41.349530098959804 144.463349906727672
41.343220053240657 144.380010012537241
44.349999856203794 144.379999907687306
47.349999882280827 144.379990091547370
47.949999887496233 144.479989996179938
47.933339877054095 143.880449905991554
47.849999982863665 143.894670028239489
47.849989878013730 140.879989964887500
47.919239858165383 137.879280000925064
47.923800032585859 137.681690054014325
47.933069933205843 137.279599886387587

[OBSTACLE]
134.799999920651317 131.899989983066916
134.300000108778477 132.999990088865161
133.700000103563070 132.999990088865161
133.700000103563070 133.099989993497729
130.599990068003535 133.099989993497729
127.366179982200265 133.107499917969108
124.199995016679168 133.099989993497729
121.000005863606930 133.100000098347664
117.799993902444839 133.100000098347664
114.653108045458794 133.102830033749342
111.399993943050504 133.100000098347664
101.799990106374025 133.100000098347664
98.586299931630492 133.100380040705204
98.699989886954427 132.999999905005097
98.099989881739020 132.999999905005097
97.599990069866180 131.900000087916851
96.799989966675639 131.900000087916851
96.799989966675639 134.100000010803342
121.000000089406967 134.100000010803342
127.400002069771290 134.099989905953407
133.990550050511956 134.099989905953407
134.000000106170774 137.120000133290887
134.000000106170774 140.520000066608191
135.200000116601586 140.520000066608191
135.200000116601586 137.120000133290887
135.191669967025518 134.099989905953407
135.600000023841858 134.099989905953407
135.600000023841858 131.899989983066916

[OBSTACLE]
48.099970007315278 82.009470015764236
48.099970007315278 89.130019973963499
47.479999931529164 89.130019973963499
47.489490117877722 91.416649930179119
48.280010139569640 91.330019896849990
48.780009951442480 90.230020079761744
49.380000140517950 90.230020079761744
49.279999947175384 90.130019886419177
52.480930006131530 90.090899970382452
55.679140128195286 90.166319971904159
58.379999930039048 90.230020079761744
58.511740034446120 90.230139894410968
58.480000123381615 92.930009998381138
58.480000123381615 96.130019938573241
58.480009939521551 99.330020062625408
58.480009939521551 102.029930008575320
58.380010034888983 102.030020086094737
58.380010034888983 102.147320071235299
55.680020116269588 102.130019990727305
52.579999975860119 102.130030095577240
52.580010080710053 102.030029902234674
51.980010075494647 102.030029902234674
51.479999870061874 100.930030085146427
50.680009871721268 100.930030085146427
50.680009871721268 103.130040112882853
52.480009887367487 103.130030008032918
55.680020116269588 103.130019903182983
59.480010140687227 103.130019903182983
59.480010140687227 99.330009957775474
59.480000035837293 92.930009998381138
59.480000035837293 90.014850003644824
61.630000006407499 90.020000012591481
61.799900066107512 90.020370138809085
75.029999930411577 90.049990052357316
78.029999956488609 92.869999893009663
74.773949962109327 92.869999893009663
74.789999928325415 103.369999984279275
77.890190118923783 103.369999984279275
77.901530070230365 116.863410007208586
78.009999860078096 116.810000101104379
78.009990043938160 123.959999922662973
78.001050138846040 130.023459875956178
74.950000122189522 129.990000119432807
68.547059940174222 129.990020040422678
62.149999914690852 129.990009935572743
59.575250083580613 130.018119895830750
59.550000084564090 127.390010105445981
59.550000084564090 120.990539928898215
59.524920135736465 114.590110080316663
59.550000084564090 110.790010057389736
50.750000104308128 110.790010057389736
50.750000104308128 112.990009980276227
51.549999918788671 112.990009980276227
52.050000019371510 111.890009874477983
52.650000024586916 111.890009874477983
52.649989919736981 111.790009969845414
58.449999978765845 111.790009969845414
58.449999978765845 111.890009874477983
58.549999883398414 114.590000081807375
58.549999883398414 117.790020126849413
58.550939923152328 120.968379992991686
58.549999883398414 124.190020086243749
58.551840120926499 127.359679965302348
58.551569888368249 130.564470076933503
58.445830140262842 130.557979876175523
58.449999978765845 131.090010041370988
59.024989902973175 130.993729876354337
62.127619981765747 130.988999940454960
65.350010143592954 130.990010136738420
68.550009978935122 130.990010136738420
71.750019919127226 130.990000031888485
77.649910068139434 130.990000031888485
77.650009961798787 131.089999936521053
77.789529934525490 133.787959935143590
77.750009866431355 136.989989979192615
77.650009961798787 136.889999890699983
77.657579937949777 137.507370132952929
76.550009856000543 137.989999996498227
76.550009856000543 138.790000099688768
78.750010067597032 138.790000099688768
78.747620126232505 137.659970112144947
85.989770116284490 137.659970112144947
86.009989921003580 123.959999922662973
85.968329934403300 116.810240019112825
85.890000024810433 103.369999984279275
85.890000024810433 103.140000030398369
85.889989919960499 92.869999893009663
86.032099910080433 92.946079885587096
86.012290073558688 84.549740077927709
83.430010108277202 82.049999991431832
75.329999933019280 82.049989886581898
75.030010035261512 82.049989886581898
61.799889961257577 82.020369973033667
61.630000006407499 82.020000135526061

[OBSTACLE]
86.589999934658408 133.029989944770932
86.310000028461218 133.099989993497729
86.284840106964111 133.458219915628433
86.526249879971147 133.521719947457314
86.669840086251497 133.522090073674917
89.790000058710575 133.529990045353770
92.989999894052744 133.529999861493707
96.190000018104911 133.529999861493707
96.443690070882440 133.475000029429793
96.525670140981674 133.112589875236154
96.190000018104911 133.030000049620867
92.989999894052744 133.030000049620867
89.790000058710575 133.029989944770932

[OBSTACLE]
47.979989927262068 119.910000031813979
47.379980105906725 120.009999936446548
44.379980079829693 120.009999936446548
41.380099868401885 120.010010041296482
41.379989869892597 119.910010136663914
40.779980048537254 119.910010136663914
40.779980048537254 120.510010141879320
41.380620123818517 120.508730001747608
41.380519941449165 120.410009948536754
44.379980079829693 120.410000132396817
47.479980010539293 120.410000132396817
47.479990115389228 123.510000063106418
47.480180086567998 126.718360073864460
47.494640126824379 129.834899911656976
47.480900129303336 132.909890050068498
47.380010131746531 132.910000048577785
47.380010131746531 133.510000053793192
48.020400088280439 133.495279885828495
47.997449953109026 132.909320136532187
47.880009943619370 132.909450056031346
47.880000127479434 129.910000022500753
47.880000127479434 126.709999898448586
47.879990022629499 123.510000063106418
47.879979917779565 120.487890047952533
47.963329916819930 120.509530017152429

[OBSTACLE]
227.888499870896339 123.433320131152868
227.543500084429979 123.453449858352542
224.396699974313378 123.447349993512034
221.196700138971210 123.441149946302176
220.846699895337224 123.440470034256577
220.846600001677871 123.854069914668798
221.096699945628643 123.853340055793524
221.286699995398521 123.853340055793524
224.396699974313378 123.853329950943589
227.536700097844005 123.853329950943589
227.886700052767992 123.873330047354102

[OBSTACLE]
201.964600039646029 110.430340049788356
201.984849870204926 110.869970023632050
201.989970142021775 113.980000028386712
201.989990063011646 117.080010063946247
201.991959931328893 120.407840004190803
201.990020088851452 123.520009927451611
201.977960094809532 123.815029971301556
202.220020042732358 123.849999969825149
202.409800095483661 123.848060127347708
205.359210046008229 123.817910142242908
205.460309935733676 123.818900128826499
208.620020002126694 123.849969943985343
211.820020126178861 123.849960127845407
215.060019865632057 123.849939918145537
215.410020109266043 123.869940014556050
215.410020109266043 123.429939914494753
215.060019865632057 123.449940010905266
211.920020030811429 123.449950115755200
208.720019906759262 123.449970036745071
205.511900102719665 123.528480101376772
202.319370061159134 123.455320121720433
202.390000075101852 120.379999987781048
202.389979865401983 117.179999863728881
202.389970049262047 113.980000028386712
202.389950128272176 110.779999904334545
202.358319927006960 110.434729885309935

[OBSTACLE]
68.499999921768904 121.000000089406967
68.499999921768904 122.000000001862645
69.500000122934580 122.000000001862645
69.500000122934580 121.000000089406967

[OBSTACLE]
98.122599916532636 99.418270047754049
98.078230097889900 104.033840121701360
98.270019860938191 104.033620124682784
98.271049978211522 121.594699956476688
115.269996142014861 121.519999997690320
124.816666003316641 121.626139897853136
124.869995070621371 121.220010099932551
129.469995014369488 121.220010099932551
129.470003098249435 109.220009995624423
124.870002865791321 109.220009995624423
124.821850080043077 108.813870092853904
115.270003071054816 108.919999888166785
110.270006973296404 103.920000037178397
110.071151033043861 103.920000037178397
110.122595978900790 99.418270047754049

[OBSTACLE]
121.399991912767291 67.366659874096513
121.400224035605788 67.466660067439079
114.999989932402968 67.466660067439079
114.999989932402968 67.966669984161854
97.499989876523614 67.966669984161854
97.499989876523614 84.966669939458370
97.799989879131317 84.966669939458370
97.799999983981252 89.566669883206487
109.800000088289380 89.566669883206487
109.800000088289380 84.966669939458370
110.099996915087104 84.966669939458370
114.999989932402968 80.066669993102551
121.429479885846376 80.066659888252616
121.429798044264317 80.203679921105504
127.899994086474180 80.166660081595182
127.899994086474180 79.766659885644913
132.399999899789691 79.766659885644913
132.399999899789691 68.938190098851919
134.820000017061830 68.939989916980267
138.020000141113997 68.940000021830201
140.799980051815510 68.991589900106192
140.799980051815510 71.699950098991394
140.809730077162385 78.099909927695990
140.814479934051633 81.216040086001158
140.799989867955446 87.699920115992427
140.799989867955446 91.499919956550002
144.599989997223020 91.499910140410066
151.000000061467290 91.499910140410066
152.800000077113509 91.499900035560131
152.800000077113509 89.299900112673640
151.999999973922968 89.299900112673640
151.499999873340130 90.399899929761887
150.899999868124723 90.399899929761887
150.900009972974658 90.499909939244390
141.899989973753691 90.499909939244390
141.899989973753691 90.399910034611821
141.779730133712292 90.399800036102533
141.799990069121122 87.699920115992427
141.799990069121122 74.899930013343692
141.799979964271188 71.699950098991394
141.799979964271188 68.999950075522065
141.899979868903756 68.999950075522065
144.599979892373085 68.899949882179499
147.799999937415123 68.899929961189628
151.084340047091246 68.885480025783181
154.199999896809459 68.899919856339693
157.400000020861626 68.899919856339693
160.600009961053729 68.899899935349822
163.832069886848330 68.897850094363093
167.000030130147934 68.899890119209886
170.205449918285012 68.899830067530274
173.400050010532141 68.899869909510016
176.578760081902146 68.898970000445843
179.800060074776411 68.899860093370080
182.952410057187080 68.895279997959733
185.699969856068492 68.899140050634742
185.700070038437843 68.999849893152714
185.817380128428340 68.999849893152714
185.800080047920346 71.699840100482106
185.710959890857339 69.293750030919909
168.633300121873617 69.296650122851133
162.333300067111850 69.296659938991070
162.033289959654212 69.296659938991070
155.833299914374948 69.196679955348372
155.833299914374948 69.296679859980941
149.233299857005477 69.296689964830875
149.233299857005477 69.596689967438579
144.833300011232495 69.596700072288513
144.837570032104850 81.543790027499199
149.233320066705346 81.594380103051662
149.233320066705346 81.896690074354410
155.833320124074817 81.896679969504476
155.798230022192001 81.982309911400080
162.033319985494018 81.896660048514605
162.333319988101721 81.996670057997108
162.333319988101721 81.896660048514605
168.633320042863488 81.896649943664670
173.533330094069242 86.796629969030619
173.533339910209179 93.396630026400089
173.837519856169820 93.396630026400089
173.929480053484440 97.794619873166084
185.833340017125010 97.796620056033134
185.833340017125010 93.396610105410218
186.133340019732714 93.396610105410218
186.172869903966784 89.499819949269295
186.800159933045506 89.499819949269295
186.800140012055635 87.699819933623075
186.800129907205701 84.499829914420843
186.800099881365895 78.099820138886571
186.800070144236088 71.699840100482106
186.800070144236088 67.899839971214533
183.000050093978643 67.899859892204404
176.600040029734373 67.899869997054338
170.200019860640168 67.899889918044209
163.800010085105896 67.899900022894144
157.400000020861626 67.899919943884015
150.941350068897009 67.907079951837659
144.650410022586584 67.905679997056723
140.799980051815510 67.899949969723821
140.799980051815510 68.362500052899122
138.020000141113997 68.439999921247363
134.820000017061830 68.439990105107427
132.399999899789691 68.439990105107427
132.399999899789691 67.766660070046782
127.899992931634188 67.766660070046782
127.899992931634188 67.366659874096513

[OBSTACLE]
162.310629980638623 86.601149914786220
162.330009927973151 86.930000130087137
162.332780100405216 90.096789943054318
162.343139881268144 93.258710084483027
162.333259936422110 96.482840012758970
162.330000111833215 96.800000071525574
162.645340142771602 96.799459895119071
165.860000094398856 96.800000071525574
168.999999929219484 96.800009887665510
169.317090120166540 96.863990044221282
169.330000076442957 96.400009980425239
168.990169931203127 96.400260003283620
165.860000094398856 96.400009980425239
162.659999970346689 96.399999875575304
162.730000019073486 93.330009905621409
162.730000019073486 90.129999965429306
162.730010123923421 86.930000130087137
162.703650034964085 86.602130085229874

[OBSTACLE]
10.612100120633841 92.449779892340302
10.238699931651354 92.449930021539330
10.239999992772937 92.800000132992864
10.239999992772937 95.939989862963557
10.624799896031618 95.863550137728453
10.610500089824200 92.801579954102635

[OBSTACLE]
10.174299990758300 65.556699940934777
10.233299899846315 65.900000091642141
10.233299899846315 78.640010114759207
10.245199948549271 81.841420009732246
10.192900132387877 85.034470017999411
10.213300092145801 85.390010029077530
10.644500022754073 85.390290077775717
10.632800050079823 85.021599903702736
10.620000092312694 81.911310059949756
10.612200014293194 78.792509911581874
10.633300095796585 75.439999885857105
10.633300095796585 69.140000119805336
10.633100019767880 65.960669899359345
13.703299881890416 65.972399897873402
16.903200112283230 65.984629942104220
17.253299960866570 65.985979950055480
17.253200067207217 65.575330108404160
16.863399995490909 65.573879918083549
13.775999946519732 65.583599917590618
10.563300047069788 65.569999944418669

[OBSTACLE]
201.200000112876296 71.000000135973096
201.200000112876296 82.999999951571226
232.800000002607703 82.999999951571226
232.800000002607703 71.000000135973096

[OBSTACLE]
72.230010107159615 22.213200014084578
61.619980037212372 22.220000000670552
53.119980059564114 22.220000000670552
50.419980036094785 24.920000024139881
50.367489960044622 33.040600130334496
50.365680037066340 33.319599945098162
50.299990139901638 43.479999992996454
50.299900062382221 43.639999898150563
50.290010012686253 60.550120100378990
50.290010012686253 69.050120078027248
52.990010036155581 71.750109996646643
61.390010109171271 71.750109996646643
61.390010109171271 71.449999995529652
67.539999913424253 71.449999995529652
67.539999913424253 72.040100134909153
78.139999909326434 72.040079925209284
78.139999909326434 71.780059905722737
86.200000075623393 71.780070010572672
88.941859873011708 69.123269952833652
88.904960136860609 61.679990142583847
89.040010012686253 61.679990142583847
89.039969881996512 51.079999962821603
81.489830128848553 51.079999962821603
81.489839944988489 50.927999923005700
81.489999890327454 47.779999934136868
81.490009995177388 44.580000098794699
81.471740137785673 44.251000043004751
81.089999983087182 44.249999951571226
81.090709920972586 44.563400140032172
81.103000016883016 47.709099976345897
81.089999983087182 50.920000057667494
81.089999983087182 51.079999962821603
80.239969901740551 51.079999962821603
80.299999928101897 60.680060097947717
77.700000097975135 63.380060121417046
67.539990097284317 63.340100059285760
67.539999913424253 70.950070051476359
64.439989877864718 70.949999894946814
61.390010109171271 70.949999894946814
61.390010109171271 63.150110114365816
58.913840018212795 60.765640093013644
58.900119941681623 43.640100080519915
58.899990022182465 43.479999992996454
59.019990023225546 33.320000097155571
61.619990142062306 30.620000073686242
61.630000006407499 30.999999884516001
72.230000002309680 30.999999884516001

[OBSTACLE]
28.490029936656356 41.959999883547425
28.471719948574901 56.073890132829547
35.589890070259571 56.017169877886772
35.589899886399508 56.219990095123649
35.590000068768859 59.329990074038506
35.590000068768859 62.530000014230609
35.685130013152957 65.601590014994144
35.569989867508411 65.601529963314533
32.459999993443489 65.600000089034438
26.120000034570694 65.600000089034438
25.740370061248541 65.606990046799183
25.725200083106756 66.018350115045905
26.210009995847940 65.998759986832738
29.259990053251386 65.999989891424775
35.660000117495656 65.999989891424775
35.999420005828142 66.070759929716587
35.989199960604310 65.673389881849289
36.086960053071380 62.533019920811057
35.934269996359944 59.323999918997288
35.989999976009130 56.130000054836273
35.996629912406206 56.013919869437814
36.289960136637092 56.011579874902964
36.290030004456639 41.959999883547425

[OBSTACLE]
108.250000122934580 22.189999856054783
98.020050125196576 22.196600055322051
97.650009943172336 22.196800131350756
80.720049878582358 22.207700088620186
80.720010036602616 30.709999930113554
81.089999983087182 30.709999930113554
81.089999983087182 33.607000065967441
81.479520006105304 33.543099882081151
81.489170137792826 30.709999930113554
97.650000127032399 30.709999930113554
97.650000127032399 30.889999931678176
108.250000122934580 30.889999931678176
110.490006012842059 33.300000000745058
117.858513109385967 33.300000000745058
117.857002867385745 36.033999957144260
117.857001135125756 38.750000000000000
110.476140137761831 38.749799923971295
110.450008129701018 49.020000137388706
108.121199952438474 51.438399935141206
97.802100060507655 51.378099964931607
97.799999983981252 60.140000041574240
107.849999926984310 60.119990129023790
108.399999979883432 60.119990129023790
116.350003946572542 60.119999945163727
119.026603735983372 57.396990023553371
119.049086738377810 49.349999995902181
119.240011814981699 49.349999995902181
119.239989295601845 38.750000000000000
118.357000946998596 38.750000000000000
118.357002967968583 36.033999957144260
118.357004988938570 33.300000000745058
119.090006472542882 33.300000000745058
119.090000409632921 24.899999927729368
116.389998076483607 22.300000097602606
108.250000122934580 22.313499888405204

[OBSTACLE]
131.856449916958809 27.540100133046508
131.919999895617366 44.280000096186996
131.919999895617366 52.679999880492687
134.520000014454126 55.180000094696879
142.819889895617962 55.148339867591858
142.819889895617962 54.708799971267581
142.872880017384887 54.760800106450915
143.021050030365586 54.758100090548396
146.149189947172999 54.701700014993548
149.340000143274665 54.770000139251351
152.529999930411577 54.770000139251351
152.529999930411577 55.559999905526638
166.229999857023358 55.559999905526638
179.759299997240305 55.462460098788142
186.890000132843852 55.559999905526638
186.890000132843852 47.560000028461218
152.529999930411577 47.560000028461218
152.529999930411577 54.270000038668513
142.939999895170331 54.270000038668513
142.819900000467896 54.299999894574285
142.819999894127250 47.080000024288893
139.920000061392784 44.280000096186996
139.856450082734227 27.540100133046508

[OBSTACLE]
239.249999914318323 26.240000035613775
223.694899957627058 26.276100045070052
223.650000067427754 54.839999899268150
239.325600070878863 54.839800111949444

[OBSTACLE]
8.410000121220946 26.680000135675073
8.410000121220946 40.310000013560057
8.309999927878380 40.310000013560057
8.309999927878380 54.710000138729811
15.809999993070960 54.710000138729811
15.809999993070960 40.879999874159694
16.010000091046095 40.879999874159694
16.010000091046095 26.680000135675073

[OBSTACLE]
25.590030103921890 40.359999965876341
25.589970052242279 54.359999895095825
26.289980066940188 51.659999871626496
26.290019908919930 42.660000082105398

[OBSTACLE]
81.089999983087182 33.607000065967441
81.089999983087182 37.137000048533082
81.489190058782697 37.137000048533082
81.489999890327454 36.806999901309609
81.479429928585887 33.667000066488981

[OBSTACLE]
28.649989999830723 20.239999983459711
28.650020025670528 30.690000122413039
28.650020025670528 31.139999981969595
28.679989855736494 35.089999968186021
36.279990114271641 35.089999968186021
36.250019995495677 31.139999981969595
36.250019995495677 30.690000122413039
36.249989969655871 20.239999983459711

[OBSTACLE]
224.070000071078539 7.310000015422702
224.070000071078539 25.809999983757734
236.069999886676669 25.809999983757734
236.069999886676669 7.310000015422702

[OBSTACLE]
131.824820004403591 10.680500138550997
131.819999990984797 17.939999867230654
139.819999868050218 17.939999867230654
139.819999868050218 10.740000093355775
132.063979860395193 10.699900006875396

