[SCALE]
1.0

[BORDER]
32.124200090765953 20.797400176525116
34.443699941039085 18.217600136995316
32.733900099992752 20.712700113654137
31.768599897623062 31.247600167989731
31.204700097441673 31.256200000643730
31.208499893546104 31.506200134754181
35.957900062203407 31.433800235390663
36.457899957895279 31.426200270652771
39.758000150322914 31.375800073146820
41.207300126552582 31.353700160980225
41.203499957919121 31.103800237178802
39.867800101637840 31.124200299382210
39.981399849057198 30.863900110125542
42.069699987769127 30.618300288915634
47.806100174784660 25.870800018310547
55.449600145220757 27.251000329852104
64.428099989891052 25.615900009870529
67.872500047087669 29.906800016760826
78.054900094866753 29.148700088262558
89.733599871397018 30.662000179290771
99.273499846458435 27.798200026154518
112.359980121254921 33.734500035643578
118.087280169129372 42.160000279545784
121.089560166001320 50.820700079202652
119.241309911012650 50.359100103378296
117.885690182447433 51.172900199890137
117.615989968180656 52.256100252270699
116.845050081610680 53.770900145173073
117.783650010824203 55.365100130438805
119.329240173101425 55.174900218844414
120.327129960060120 55.239800363779068
121.682750061154366 54.426000267267227
122.037389874458313 53.554900363087654
122.152309864759445 53.886400163173676
123.507869988679886 58.812400326132774
128.266470134258270 59.717600047588348
134.695250168442726 54.642000049352646
138.862960040569305 51.341600343585014
139.254970103502274 51.751200109720230
142.438330128788948 51.987400278449059
144.033050164580345 50.888900086283684
162.185740098357201 51.677700132131577
172.437040135264397 48.031200096011162
180.511159822344780 51.692300289869308
201.583122089505196 64.585800096392632
219.514559954404831 68.214000016450882
222.025220096111298 53.995700180530548
224.358930066227913 56.769900023937225
226.308650150895119 56.743900105357170
224.506590142846107 53.206800296902657
222.629670053720474 52.362700179219246
222.199739888310432 53.007400035858154
222.566929832100868 50.927900150418282
221.648139879107475 46.566700190305710
226.513729989528656 45.401300117373466
236.429030075669289 37.876500189304352
235.255790129303932 42.550900205969810
237.281750142574310 43.124000355601311
237.087620049715042 43.780200183391571
237.928060069680214 44.703800231218338
237.699050083756447 44.784800335764885
238.562779873609543 45.684300363063812
239.659690111875534 45.193600282073021
240.461689978837967 45.036500319838524
242.309059947729111 45.645200088620186
243.020239844918251 44.907200336456299
241.134420037269592 44.113100320100784
246.221600100398064 41.963600367307663
252.317360043525696 45.767500251531601
256.659980118274689 45.662100240588188
257.600430026650429 46.626900136470795
259.132109954953194 49.884800240397453
260.040879994630814 49.467700347304344
258.505409955978394 46.201500296592712
259.440879896283150 45.951500162482262
260.033849999308586 43.933800235390663
258.867080137133598 42.651600018143654
263.990620151162148 38.720000162720680
264.896440133452415 37.307900190353394
265.066359937191010 37.372600287199020
265.181430056691170 38.170500099658966
266.640400141477585 38.726500049233437
267.246349900960922 39.264900237321854
267.669180035591125 38.980100303888321
269.608670100569725 43.588400259613991
272.926789894700050 42.191800102591515
271.095950156450272 37.841800227761269
271.306470036506653 37.498900294303894
271.066239848732948 37.118000164628029
276.847250014543533 35.029900074005127
279.218989983201027 40.665100142359734
282.537090033292770 39.268600195646286
280.279859900474548 33.905500173568726
280.541130155324936 33.819900080561638
280.969529971480370 29.928300157189369
289.173860102891922 30.227100104093552
293.829650059342384 29.168700054287910
292.914099991321564 27.952200174331665
292.990709841251373 27.954200282692909
294.298069924116135 29.006100073456764
297.101290151476860 28.891900181770325
297.296199947595596 28.699200227856636
305.447100102901459 35.041800141334534
304.664300009608269 35.757300257682800
299.736979976296425 31.449600309133530
299.815979972481728 31.322000175714493
293.988800048828125 29.183600097894669
293.860239908099174 30.397800356149673
299.163119867444038 32.376300171017647
303.787099942564964 36.559100076556206
303.392999991774559 36.919400095939636
303.503499925136566 37.040300294756889
301.639400050044060 38.491800054907799
302.238599956035614 39.241800084710121
304.202599823474884 37.805100157856941
304.939100146293640 37.131900340318680
306.047999858856201 38.599400222301483
306.158300116658211 38.745400309562683
308.801899850368500 41.532700136303902
307.668000087141991 42.540700361132622
308.436100184917450 43.326300010085106
309.547900035977364 42.340200021862984
311.020499840378761 44.021000340580940
310.642699897289276 44.584400206804276
311.058099940419197 45.458400249481201
304.258799925446510 50.944500043988228
304.031699895858765 50.688300281763077
302.984099835157394 51.617000252008438
303.150000050663948 51.804200187325478
300.657000020146370 53.795800358057022
301.256300136446953 54.545800015330315
303.004800155758858 53.225400298833847
304.604100063443184 54.743900150060654
306.671899929642677 52.882700040936470
306.158399954438210 50.940400362014771
311.566700041294098 46.528300270438194
313.604500144720078 46.811000257730484
317.638200148940086 51.508300006389618
317.541199922561646 51.622800156474113
320.535799860954285 53.259800001978874
319.825199991464615 53.944100067019463
320.751500129699707 56.295600160956383
320.540799945592880 59.148600324988365
319.357400014996529 61.591800302267075
313.410200178623199 59.958000108599663
312.456699833273888 63.429400324821472
316.545499861240387 64.546500146389008
317.023300006985664 65.530200302600861
318.046800047159195 65.478200092911720
317.985400184988976 65.340400114655495
318.750499933958054 65.553100034594536
318.917100131511688 65.194500237703323
321.590999886393547 59.440500289201736
321.735500171780586 59.480600059032440
321.944800019264221 56.421900168061256
322.650900110602379 56.496600061655045
323.096200078725815 55.977000296115875
320.529099926352501 66.336700320243835
317.058699950575829 76.509300246834755
314.489300176501274 75.492400303483009
314.784799888730049 74.330600351095200
308.451199904084206 71.879500150680542
308.481900021433830 71.732600033283234
302.274699881672859 71.711100265383720
302.366799861192703 72.082900255918503
298.682010173797607 71.807300299406052
297.585669904947281 68.173700198531151
294.486920163035393 67.562100291252136
293.003020063042641 66.022600233554840
290.673119947314262 60.348600149154663
291.697509959340096 58.680200204253197
290.689679980278015 57.191800326108932
291.157180070877075 57.065700367093086
290.604630112648010 56.261000037193298
290.642520040273666 55.527800321578979
288.852339982986450 53.709100186824799
286.512950062751770 54.080200195312500
286.600299924612045 54.334300011396408
286.282809823751450 54.422400146722794
286.575819924473763 58.190700039267540
282.539309933781624 59.989300370216370
283.047530055046082 60.918100178241730
287.723540142178535 59.421700239181519
287.740039825439453 59.245300292968750
288.350569829344749 60.529700294137001
289.544539898633957 60.695300251245499
292.085120081901550 66.610400006175041
291.958799958229065 66.691300272941589
292.407270148396492 67.151600122451782
291.199899837374687 66.913300007581711
284.406049922108650 73.671200126409531
280.203089863061905 77.729400247335434
278.573669865727425 74.256600067019463
277.487299963831902 74.766300246119499
279.216320067644119 78.451400250196457
275.199940055608749 80.285100266337395
274.150380119681358 78.618300333619118
272.575220093131065 78.551900014281273
271.908539906144142 77.078300341963768
271.911549940705299 76.803800091147423
271.792469918727875 76.821700111031532
271.710709854960442 76.641000062227249
271.071169897913933 76.930400356650352
269.285450130701065 77.199400216341019
268.414150178432465 79.376600310206413
269.521059840917587 81.676000356674194
271.852999925613403 82.134610041975975
273.890779912471771 82.417310029268265
274.709720164537430 81.083500012755394
275.149890035390854 81.694500148296356
276.632060110569000 80.959600210189819
276.698039844632149 81.113800033926964
276.158190146088600 81.635000184178352
279.289929941296577 89.575910195708275
271.842119842767715 92.516030371189117
272.306380048394203 93.622590228915215
279.686539992690086 90.709170326590538
278.655850142240524 102.422780171036720
264.374769851565361 105.529210343956947
264.826269820332527 104.792590066790581
259.919669851660728 102.353120222687721
259.857629984617233 103.132780268788338
258.624229952692986 102.666760236024857
258.039839938282967 103.247290104627609
258.918980136513710 104.892380163073540
259.542150050401688 105.185080319643021
260.301730036735535 104.328110069036484
261.672550067305565 106.117000058293343
247.218890115618706 109.260980039834976
236.405910179018974 114.060350134968758
232.041329890489578 112.955940142273903
230.932410061359406 110.264430195093155
231.648379936814308 108.823780342936516
232.153369858860970 100.634860247373581
234.161639958620071 100.309850275516510
234.669699892401695 98.371050134301186
230.450629815459251 95.094950124621391
230.179059877991676 94.665700197219849
226.547989994287491 90.648310258984566
221.774340048432350 92.290600016713142
221.532909944653511 98.625370115041733
220.584779977798462 101.293270289897919
218.923480063676834 103.729360178112984
212.773279845714569 104.800500348210335
210.450530052185059 108.212070167064667
193.051477149128914 108.093130216002464
179.173870012164116 103.462320193648338
174.836299940943718 110.341180115938187
172.562430053949356 109.051720052957535
167.292879894375801 114.040720090270042
163.124319911003113 121.205770224332809
150.763830170035362 131.665960326790810
150.445529818534851 132.929990068078041
149.166350066661835 130.185990035533905
144.076580181717873 126.172510161995888
145.236850157380104 125.226900354027748
140.096589922904968 121.763280034065247
136.308800056576729 121.566910296678543
136.483059823513031 120.894470065832138
135.406820103526115 120.353860035538673
134.370689839124680 121.082750335335732
134.296900033950806 121.521110087633133
129.716379940509796 121.416830271482468
128.945690020918846 117.592680081725121
131.334339827299118 114.661500230431557
131.107340008020401 111.112070083618164
128.945609927177429 104.842750355601311
129.432550072669983 99.226110056042671
126.400880143046379 96.047590300440788
120.629709959030151 92.050010338425636
119.753570109605789 98.451840132474899
118.826590105891228 100.333000347018242
118.477449938654900 99.447590112686157
117.451990023255348 99.002140015363693
116.085749864578247 97.994230315089226
114.271010085940361 98.659360036253929
114.292630180716515 100.213970243930817
114.064719900488853 101.187650114297867
114.644740149378777 102.658560127019882
114.899799972772598 102.817560359835625
110.449169948697090 101.909230276942253
106.360309943556786 97.947320342063904
107.514290139079094 94.886770099401474
105.325590074062347 86.733450368046761
101.481090113520622 85.462980344891548
101.427450031042099 79.632300138473511
101.424710080027580 79.334600269794464
105.384410172700882 77.828200161457062
105.028840154409409 76.893500238656998
100.956580042839050 78.442800045013428
100.170350074768066 76.456600055098534
94.875000044703484 76.540200039744377
90.958699956536293 79.670600220561028
92.097799852490425 92.774620279669762
85.575199872255325 99.370180070400238
79.419500008225441 92.021330073475838
75.553299859166145 91.198460012674332
73.915600031614304 83.428880199790001
71.682599931955338 83.311100304126740
71.731900051236153 82.512630149722099
70.733800157904625 82.450990006327629
70.655800029635429 83.246650174260139
66.838600113987923 83.189470320940018
66.964399814605713 79.836100339889526
74.448600038886070 80.593900009989738
75.651500001549721 77.037100121378899
74.809899926185608 76.110800355672836
76.115199923515320 77.255400270223618
85.384799912571907 74.185100197792053
88.247900083661079 65.217100083827972
89.079400151968002 61.137000098824501
92.151900008320808 58.856400102376938
94.331999868154526 57.596900314092636
102.781010046601295 47.846300154924393
101.327919960021973 43.133600056171417
97.410300001502037 41.985900327563286
89.855999872088432 44.516700133681297
86.603699997067451 49.223400279879570
83.579900115728378 49.597000330686569
84.013200178742409 45.588000118732452
84.036400169134140 45.397700369358063
84.060899913311005 45.195900276303291
83.694500103592873 45.151300355792046
83.669999986886978 45.353100076317787
83.646799996495247 45.543400198221207
83.054099977016449 49.809400364756584
83.432999998331070 49.855500087141991
83.061299845576286 50.625300034880638
81.514599919319153 47.441400215029716
80.075399950146675 48.140600323677063
82.174599915742874 52.461800351738930
78.494400158524513 60.083800181746483
71.036100015044212 59.984400123357773
67.192300036549568 62.049000337719917
59.934600070118904 59.275600314140320
49.569400027394295 59.399200230836868
42.192799970507622 51.646700128912926
38.261999934911728 52.098500356078148
38.119300082325935 54.221200197935104
38.095200061798096 52.117700129747391
38.244799897074699 49.618400260806084
38.523999974131584 49.989600107073784
41.501599922776222 47.566400095820427
42.409500107169151 37.866100296378136
42.024600133299828 35.016800090670586
44.951299950480461 35.413100197911263
45.018399879336357 34.917700290679932
41.253399848937988 34.376700222492218
41.251499950885773 34.253400191664696
40.477700158953667 34.265200048685074
39.162600040435791 34.285200014710426
36.502100154757500 34.325800091028214
36.002200096845627 34.333400055766106
31.252700090408325 34.405900165438652
31.256499886512756 34.655800089240074
31.985099986195564 34.644700214266777
28.880500048398972 50.790600106120110
31.234199926257133 37.305600196123123
30.826900154352188 37.318900227546692
30.888099968433380 36.939300224184990
30.604699999094009 36.988500133156776
30.306800082325935 37.001600116491318
27.360799908638000 37.131500244140625
27.160999923944473 37.140300124883652
24.157999828457832 37.127200141549110
23.958100005984306 37.126300111413002
20.958799868822098 37.191400304436684
20.758799836039543 37.195700034499168
17.759500071406364 37.260800227522850
17.559599876403809 37.265100330114365
14.560300111770630 37.330200150609016
14.360399916768074 37.334500253200531
11.432500183582306 37.397900223731995
11.129999905824661 37.248900160193443
11.040100082755089 37.408500164747238
7.936599850654602 37.528200075030327
7.736799865961075 37.535900250077248
4.754700139164925 37.651000171899796
4.527499899268150 37.506000325083733
4.357000067830086 37.732700258493423
1.574400067329407 38.849100098013878
1.091099902987480 38.987200334668159
1.149899885058403 39.126500114798546
0.000000000000000 40.223500132560730
0.000000000000000 32.930400222539902
3.971600160002708 30.914100259542465
5.227600038051605 23.478500172495842
0.000000000000000 18.873500078916550
0.000000000000000 6.441800296306610
0.488800182938576 8.281400054693222
1.841900125145912 7.921900227665901
0.870100036263466 3.886500000953674
0.000000000000000 4.117500036954880
0.000000000000000 1.838000118732452
0.378800183534622 1.703800261020660
0.251099839806557 1.326800137758255
0.000000000000000 1.416200026869774
0.000000000000000 0.412200018763542
9.109300002455711 0.000000000000000

[OBSTACLE]
151.656990125775337 124.709260091185570
150.775130093097687 125.180780142545700
151.246640086174011 126.062640175223351
152.111329883337021 125.561440363526344

[OBSTACLE]
151.246640086174011 126.062640175223351
150.688109919428825 125.883250311017036
150.565230101346970 126.875210180878639
151.553529873490334 127.027690038084984
151.706000044941902 126.039380207657814

[OBSTACLE]
153.655270114541054 109.479940310120583
153.100579977035522 109.497480094432831
152.389080077409744 109.519960358738899
151.544719934463501 110.543130338191986
151.700270175933838 110.863820090889931
151.034710183739662 111.513230204582214
152.761390060186386 114.982170239090919
155.270149931311607 116.227710247039795
157.834310084581375 115.374170243740082
158.677719905972481 113.693830370903015
157.016550004482269 111.233500018715858
153.861410170793533 109.834770113229752

[OBSTACLE]
137.440820038318634 104.970710352063179
135.671589896082878 108.024960011243820
135.979190096259117 110.934720188379288
140.477409958839417 114.889730140566826
143.548100069165230 113.484600186347961
143.178040161728859 108.186110109090805
141.089339926838875 106.837210059165955

[OBSTACLE]
161.384340003132820 102.919350191950798
161.274259909987450 103.191430121660233
159.870089963078499 102.966070175170898
158.444359898567200 103.259170055389404
157.555900141596794 104.356940090656281
157.165919989347458 105.554580315947533
157.824689894914627 105.934990197420120
158.966400101780891 104.081040248274803
161.089229956269264 104.044810310006142
164.601609855890274 106.818850338459015
165.229580178856850 106.040610000491142

[OBSTACLE]
240.085799992084503 100.740040093660355
237.075980007648468 103.328360244631767
236.700269952416420 105.351790040731430
238.181810081005096 105.891080200672150
240.572759881615639 102.628150209784508

[OBSTACLE]
148.218220099806786 99.349300190806389
148.035759851336479 100.678570196032524
148.612980172038078 101.528050005435944
145.791149884462357 100.990550220012665
145.332910120487213 100.790220126509666
145.221000164747238 101.311620324850082
145.721819996833801 101.352880150079727
148.567989841103554 101.878360286355019
148.988049849867821 102.080030366778374
149.829810112714767 103.318820148706436
151.730249822139740 103.898000344634056
152.977859973907471 102.064370363950729

[OBSTACLE]
198.725797981023788 71.167900040745735
194.356967136263847 71.871600300073624
188.749789819121361 74.243200197815895
184.716590121388435 77.059600129723549
183.135259896516800 80.985400080680847
185.288919880986214 84.636770188808441
189.447430148720741 86.680930107831955
185.216990113258362 90.295220166444778
184.271059930324554 95.616130158305168
187.800719961524010 98.711930215358734
195.790851116180420 99.814050272107124
204.976208880543709 97.154460102319717
208.409668132662773 92.594810202717781
207.931330054998398 84.767170250415802
204.271271079778671 77.562100067734718

[OBSTACLE]
175.718510150909424 93.857280164957047
174.259899929165840 97.630320116877556
175.221800059080124 99.326440319418907
177.453630045056343 96.043540164828300
177.289380133152008 93.992100283503532

[OBSTACLE]
258.020240068435669 80.419800058007240
255.978690087795258 86.076650023460388
254.283940047025681 87.519020214676857
254.095960035920143 87.679010257124901
254.205650091171265 87.728840112686157
253.843500092625618 88.699350133538246
252.243680134415627 88.476880267262459
251.975670084357262 88.820360228419304
249.657379835844040 86.153020337224007
248.902609944343567 86.809040233492851
251.348900049924850 89.623620361089706
251.056789979338646 89.997990056872368
251.641169935464859 91.535000130534172
248.436089977622032 88.535780087113380
248.046490177512169 89.157920330762863
246.071989834308624 87.376890331506729
244.811480119824409 86.239880323410034
242.687930166721344 84.133380278944969
239.583680033683777 85.629080235958099
241.280959919095039 87.500680238008499
239.361039921641350 87.958240136504173
239.442770183086395 89.399620145559311
240.882709994912148 90.107180178165436
242.083809897303581 89.561560004949570
241.327150166034698 87.619260326027870
242.333159968256950 89.742780104279518
245.811520144343376 93.283050134778023
249.785739928483963 95.830690115690231
255.084719881415367 98.681590333580971
259.427300095558167 96.196020022034645
258.626500144600868 95.964900031685829
258.654829859733582 95.709470286965370
261.921690031886101 97.052300348877907
262.260720133781433 96.154640242457390
258.761079981923103 94.710630178451538
258.613809943199158 95.054250210523605
254.808929935097694 93.613050132989883
252.283459901809692 92.136040329933167
253.736320137977600 92.402720078825951
254.416380077600479 91.595920175313950
255.326399952173233 92.275970056653023
256.564480066299438 93.301190063357353
256.527839973568916 93.054200336337090
258.347899839282036 94.233150035142899
258.891560137271881 93.393840268254280
258.209560066461563 92.952070012688637
259.316350147128105 92.884850129485130
261.326079815626144 90.794120356440544
261.128909885883331 90.713010355830193
261.041760072112083 87.907230108976364
259.023939818143845 85.824340209364891
257.255759835243225 85.808160156011581
257.778650149703026 85.698220133781433
259.167480096220970 80.771700292825699

[OBSTACLE]
130.987419933080673 91.018060222268105
130.473579838871956 91.297320276498795
130.057889968156815 92.270460352301598
130.929829925298691 93.297580257058144
132.131759822368622 93.370610103011131
132.604189962148666 92.559090256690979
134.113100171089172 93.938030302524567
134.348979964852333 94.361930340528488
134.519200026988983 94.284250214695930
136.867190152406693 96.089400351047516
137.053079903125763 96.232320368289948
137.272239848971367 96.380920335650444
137.532540038228035 96.022310107946396
138.568019866943359 96.958400309085846
139.973140135407448 96.656220033764839
139.405890181660652 97.050880268216133
139.901410043239594 98.163770139217377
141.164600104093552 98.259700089693069
142.113770171999931 97.332940250635147
141.468609869480133 96.431890130043030
140.811340138316154 96.530490368604660
138.880490139126778 94.664370268583298
138.933350145816803 94.632610306143761
138.511519879102707 93.477940186858177
137.255569919943810 93.312330171465874
136.256629973649979 94.185200333595276
136.873799934983253 95.112390071153641
137.389570102095604 95.066070184111595
136.817850172519684 95.376240089535713
134.567600116133690 93.851650133728981
134.565950185060501 93.699800223112106
134.464960172772408 93.752920255064964
132.276669889688492 91.648260131478310
132.317699864506721 91.474080085754395
131.833939999341965 91.388890147209167
131.749629974365234 91.744560003280640

[OBSTACLE]
87.578500062227249 85.187800228595734
86.859099939465523 87.407210096716881
86.393300071358681 86.930820345878601
80.668799951672554 92.527810111641884
86.195899918675423 98.172300308942795
91.916099935770035 92.579550296068192
87.381000071763992 87.941060215234756
88.369299843907356 88.261410221457481
89.195699989795685 85.712000355124474

[OBSTACLE]
158.911589905619621 91.281590238213539
158.076630160212517 92.168680205941200
158.237479999661446 92.943070083856583
155.810640007257462 97.264400124549866
156.682749837636948 97.753720358014107
159.014119952917099 93.598580360412598
159.697839990258217 93.888120353221893
160.264139994978905 92.935360223054886
159.494800120592117 91.652280092239380

[OBSTACLE]
235.174059867858887 92.415710166096687
230.179059877991676 94.665700197219849
234.230479970574379 96.421270072460175

[OBSTACLE]
164.592479914426804 92.182830348610878
165.208309888839722 94.525240361690521
167.358219996094704 95.482440292835236
166.620089858770370 92.393860220909119

[OBSTACLE]
114.760189875960350 90.199670195579529
114.164559915661812 91.002930328249931
114.967820048332214 91.598560288548470
115.551419928669930 90.786660090088844

[OBSTACLE]
145.697249844670296 86.564880236983299
143.250640109181404 90.925400331616402
144.122749939560890 91.414720192551613
146.569360047578812 87.054200097918510

[OBSTACLE]
129.907650128006935 80.467300117015839
125.810790061950684 82.372990250587463
127.359440177679062 86.436540260910988
131.482670083642006 91.384070366621017
132.924209907650948 90.135250240564346
133.022899925708771 90.562590211629868
133.450609818100929 91.105120256543159
134.531179815530777 90.508180111646652
134.521289914846420 89.241400361061096
134.238589927554131 88.996570184826851
134.691679850220680 88.604040071368217
134.707729890942574 87.033930048346519
135.010330006480217 87.412100285291672
138.914430141448975 84.288320317864418
138.289669901132584 83.507500216364861
135.067399963736534 86.085730046033859
135.289109870791435 85.807500034570694
135.432019829750061 85.131410136818886
134.308680146932602 84.660070016980171
133.961319923400879 84.940290078520775

[OBSTACLE]
154.531060159206390 59.537700191140175
149.887780100107193 63.126100227236748
152.764080092310905 71.459500119090080
156.337219849228859 78.037000074982643
158.879870176315308 84.137960150837898
164.090590178966522 85.686570033431053
166.438499838113785 90.089520066976547
169.130450114607811 91.217640042304993
170.604430139064789 90.435230359435081
168.433969840407372 88.766420260071754
167.465670034289360 86.250020191073418
168.957560136914253 86.361630260944366
169.607739895582199 86.129850149154663
169.353689998388290 84.905280172824860
168.141169846057892 84.538380056619644
167.714190110564232 84.803350269794464
168.002650141716003 83.862140029668808
164.182339981198311 79.608400166034698
160.477989912033081 76.742900162935257
159.738240018486977 73.687000200152397
160.296839848160744 73.620900139212608
160.140420123934746 71.449200063943863
161.820669844746590 70.121600106358528
161.493850126862526 69.379000365734100
162.139429897069931 68.949300050735474
170.639279857277870 68.567100167274475
172.327009961009026 66.570500284433365
172.652519866824150 66.622400283813477
172.504840046167374 66.360100358724594
172.568479925394058 66.284800320863724
172.216510027647018 65.847900137305260
171.094639971852303 63.855200260877609
170.686599984765053 63.949000090360641
168.863520026206970 61.686100065708160
162.711369991302490 63.072200119495392

[OBSTACLE]
79.701599851250648 86.334790289402008
77.600999921560287 89.738790318369865
78.452000021934509 90.263960137963295
80.552599951624870 86.859950050711632

[OBSTACLE]
268.548569828271866 86.873260140419006
266.360870003700256 87.756600230932236
265.660339966416359 90.003290027379990
268.642039969563484 88.910780102014542

[OBSTACLE]
116.516850143671036 82.564870268106461
115.572879835963249 82.894920185208321
117.223159968852997 87.614730000495911
118.167119845747948 87.284680083394051

[OBSTACLE]
152.420299872756004 82.499990239739418
152.623419836163521 84.163790196180344
151.687420159578323 83.258060365915298
151.175440102815628 83.540700003504753
150.757889822125435 84.510450065135956
151.629830151796341 85.537580028176308
152.811039984226227 85.700620338320732
154.820710048079491 86.049160361289978
154.408650100231171 83.704930171370506

[OBSTACLE]
111.223879829049110 83.400880172848701
109.802009910345078 83.866140246391296
109.311090037226677 84.352490305900574
110.028700157999992 85.335790365934372
111.251519992947578 85.240790247917175
112.027129903435707 84.164570271968842

[OBSTACLE]
170.498489961028099 83.070860058069229
168.817099928855896 84.547960013151169
173.938579857349396 84.586050361394882
173.858429864048958 83.639440312981606

[OBSTACLE]
244.619010016322136 73.292300105094910
243.030840158462524 74.027200043201447
238.293559849262238 76.219600066542625
238.598499819636345 76.908900216221809
238.658170029520988 77.043800055980682
239.117379859089851 77.720800042152405
238.969650119543076 77.747900038957596
240.141290053725243 79.795700311660767
241.996670141816139 80.107100307941437
242.462170124053955 80.185300111770630
243.838259950280190 80.186900123953819
244.437760114669800 79.339000210165977
244.051140174269676 80.417100340127945
245.305490121245384 81.974800303578377
246.666289865970612 84.273230284452438
247.695099934935570 83.764140307903290
246.597079932689667 81.790800020098686
247.436309978365898 81.671300157904625
248.261469975113869 79.787500202655792
246.757590025663376 77.863900363445282
246.688609942793846 77.708100154995918
249.607529863715172 76.714600250124931
249.051839858293533 75.676900148391724
246.295620128512383 76.820500195026398
246.254929900169373 76.728600263595581
244.997010007500648 74.109000340104103
244.880419969558716 73.857100307941437

[OBSTACLE]
67.260700091719627 81.696500256657600
67.185899987816811 82.391770184040070
67.916800081729889 82.403970137238503
67.944499850273132 81.821300089359283

[OBSTACLE]
229.910939931869507 79.809500277042389
227.639200165867805 80.421800166368484
230.103730037808418 82.358770072460175
231.798889860510826 81.224400177598000

[OBSTACLE]
67.438299953937531 80.605400353670120
67.376700043678284 81.603500247001648
68.175200000405312 81.652800366282463
68.236799910664558 80.654700100421906

[OBSTACLE]
142.207150161266327 75.776500254869461
140.075860172510147 77.682800218462944
141.837890073657036 80.030000209808350
142.097640037536621 79.945000261068344
145.184729993343353 80.496800318360329
146.147369965910912 78.698600083589554
144.864460080862045 78.500000014901161

[OBSTACLE]
161.515539884567261 75.097200274467468
160.672919824719429 75.879800319671631
164.698519930243492 79.920200258493423
165.541150048375130 79.137500002980232

[OBSTACLE]
111.695500090718269 72.970000281929970
109.683810174465179 73.946300148963928
109.166089817881584 75.440300256013870
109.654229879379272 76.446100324392319
110.034679993987083 78.100700303912163
111.777459830045700 78.721400350332260
112.840989977121353 77.583900094032288
113.648030161857605 76.993400231003761
114.165740087628365 75.499400123953819
113.683529943227768 73.993600159883499

[OBSTACLE]
260.624950006604195 68.566700071096420
254.595610126852989 71.251300349831581
255.002360045909882 72.164800018072128
258.815300092101097 70.467100292444229
258.301139995455742 71.817100048065186
258.482110127806664 72.016500309109688
256.030460074543953 73.092400282621384
255.947929993271828 72.864800319075584
254.725769907236099 73.307900130748749
255.180380120873451 74.631800130009651
255.559770017862320 74.494300037622452
257.173889875411987 76.003200188279152
259.284970164299011 77.057100087404251
260.190629959106445 76.858400180935860
260.336560010910034 76.117000356316566
257.920670136809349 75.354400277137756
256.831260025501251 73.769400268793106
259.135400131344795 72.978300228714943
259.555489942431450 73.374800011515617
261.686310172080994 73.071300238370895
261.785160005092621 72.861400246620178
262.562770023941994 71.210000291466713
261.031720042228699 69.480300322175026
260.955239832401276 69.308500364422798

[OBSTACLE]
262.404739856719971 71.936800330877304
261.785160005092621 72.861400246620178
263.008610159158707 75.436500087380409
263.143229857087135 75.372400134801865
263.282610103487968 75.636200234293938
266.687029972672462 74.037600308656693
266.274150088429451 73.170900344848633
263.599669933319092 74.445100128650665

[OBSTACLE]
140.678869932889938 70.553900301456451
139.829979836940765 70.975900068879128
140.293790027499199 74.293100088834763
142.216010019183159 75.439300015568733

[OBSTACLE]
278.482929989695549 43.751200288534164
276.093930006027222 44.788200035691261
274.996380135416985 45.262300223112106
272.948969900608063 46.146800369024277
272.444719821214676 45.032200217247009
271.442519873380661 45.485700294375420
271.863880008459091 46.417000144720078
268.119839951395988 48.173700273036957
268.185529857873917 48.322300240397453
266.452290117740631 48.945700004696846
265.327730029821396 46.549000218510628
264.241379871964455 47.058700025081635
266.292740032076836 51.421000063419342
266.466119885444641 51.326800137758255
267.063669860363007 53.007000312209129
267.239240184426308 53.500600159168243
268.341809883713722 56.528800353407860
265.194990113377571 56.201400235295296
263.761790096759796 52.796100080013275
260.443690046668053 54.192600026726723
261.771399900317192 57.330100238323212
262.670670077204704 62.726500257849693
265.128700062632561 65.495900064706802
266.445739939808846 68.303000181913376
266.608440130949020 68.226700276136398
267.391980066895485 70.209100097417831
267.489650100469589 70.416800305247307
268.923659995198250 73.467000201344490
269.828629866242409 73.041500151157379
269.732639938592911 72.837300226092339
271.546269953250885 72.014200314879417
271.143250167369843 70.992100238800049
269.264699891209602 71.842000260949135
268.427800014615059 70.061900094151497
268.296949937939644 69.783600047230721
267.532100155949593 67.793300002813339
266.741260141134262 66.111000254750252
271.040159836411476 63.881800323724747
271.238740161061287 63.493600115180016
272.221019864082336 65.458100289106369
273.089310154318810 65.048600360751152
272.017110139131546 62.592500075697899
271.868100017309189 62.263100221753120
272.138959914445877 61.733600124716759
273.419009894132614 61.176500096917152
272.940170019865036 60.076200217008591
273.071980103850365 59.909500181674957
272.094450145959854 56.971500068902969
271.567229926586151 56.912800297141075
271.341690048575401 56.393100321292877
270.460069924592972 56.789400056004524
269.624980166554451 56.696400046348572
269.388600066304207 56.173900142312050
269.344019889831543 56.075400114059448
268.133480101823807 53.151400014758110
267.963910102844238 52.656000107526779
267.345369979739189 50.849100202322006
266.921550035476685 49.945900216698647
268.824600055813789 49.261400103569031
268.781390041112900 49.141300097107887
272.390580177307129 47.581200301647186
273.392780125141144 47.127800062298775
273.344559967517853 47.021200135350227
275.376790016889572 46.143600344657898
276.474399864673615 45.669600367546082
278.863399848341942 44.632600247859955

[OBSTACLE]
110.166930034756660 71.632600203156471
109.455870091915131 72.388700023293495
110.155609995126724 73.046700283885002
110.868350043892860 72.345300018787384

[OBSTACLE]
96.384999901056290 71.399500221014023
95.843800157308578 72.246900200843811
96.708099916577339 72.780400142073631
97.233200073242188 71.929400041699409

[OBSTACLE]
173.061360046267509 67.902100086212158
172.311799973249435 69.237700104713440
175.161600112915039 72.108600288629532
177.102579921483994 71.922300010919571
175.015699863433838 68.545400351285934

[OBSTACLE]
229.041239991784096 68.675100058317184
228.391179814934731 70.486800000071526
229.222080111503601 71.122700348496437
230.876410007476807 70.480900257825851
230.563800036907196 68.940600007772446

[OBSTACLE]
130.350859835743904 66.236700117588043
129.522470012307167 66.260600090026855
129.605840146541595 68.436300009489059
127.862380072474480 69.648000225424767
128.175429999828339 70.463100075721741
129.475649818778038 69.865600019693375
130.492790043354034 68.838100135326385
130.624109879136086 67.422100156545639

[OBSTACLE]
237.973539903759956 50.356100127100945
236.786520108580589 50.532100349664688
236.673770099878311 57.271500304341316
236.525389924645424 57.293500006198883
238.653619959950447 63.124400004744530
238.757729902863503 63.053800165653229
239.517839998006821 64.867200329899788
237.936950102448463 62.955600023269653
236.033229902386665 63.461400195956230
235.649419948458672 64.531700313091278
234.804499894380569 64.928100258111954
235.823459923267365 67.099700123071671
234.857429936528206 67.430100217461586
235.071330145001411 69.343000277876854
235.771759971976280 69.483000040054321
235.238450020551682 69.699700176715851
235.577889904379845 70.424100011587143
240.510839968919754 68.582100048661232
242.099009826779366 67.847100272774696
241.825259849429131 67.255600169301033
241.763009876012802 67.121100053191185
241.519739851355553 66.540100052952766
241.356540098786354 66.150400042533875
239.683169871568680 62.160000205039978
239.580040052533150 62.204900011420250
237.751980125904083 57.111600041389465
237.932959944009781 51.593200117349625
239.759590104222298 53.065100312232971
242.654339969158173 52.890700101852417
242.048529908061028 51.780300214886665
240.148150175809860 52.060600370168686
238.461149856448174 50.790800154209137
237.949579954147339 51.086600124835968

[OBSTACLE]
280.560699850320816 62.931700050830841
276.911450177431107 64.569700136780739
276.965560019016266 64.686500281095505
275.505520030856133 65.347100049257278
275.958940014243126 66.349300369620323
276.432229951024055 66.142600029706955
277.201490104198456 68.127300217747688
274.505449831485748 69.385100156068802
274.928240105509758 70.291300117969513
278.009400144219398 68.853800371289253
282.211039960384369 66.878000274300575
282.301799952983856 67.339900135993958
285.016389936208725 66.068800166249275
284.627639874815941 64.897500351071358
281.944200024008751 66.014000028371811

[OBSTACLE]
232.052230089902878 67.507100105285645
230.943220108747482 69.006800279021263
230.877479910850525 69.694700092077255
232.060610130429268 70.021400228142738
232.938339933753014 69.107900187373161
232.827299833297729 67.786000296473503

[OBSTACLE]
106.107709929347038 63.885400071740150
103.914219886064529 64.329800009727478
108.337489888072014 66.911600157618523
108.739069849252701 66.050700098276138

[OBSTACLE]
136.690080165863037 60.708300024271011
135.386509820818901 63.860000297427177
134.664120152592659 63.204300031065941
133.469409868121147 63.625600188970566
132.974269986152649 64.856300130486488
133.726470172405243 65.268900245428085
133.258660137653351 66.152700036764145
134.205979853868484 66.597600281238556
134.610290080308914 65.736700221896172
135.924810171127319 65.809500217437744
138.318119943141937 63.697300106287003
138.586049899458885 61.727500334382057

[OBSTACLE]
233.085669949650764 52.402100339531898
232.358330115675926 57.071400061249733
232.260520011186600 57.101200148463249
234.226660057902336 63.558500260114670
237.670560181140900 62.509900331497192
235.704420134425163 56.052600219845772
233.644159883260727 56.679900363087654
234.271819889545441 52.583800256252289

[OBSTACLE]
114.864680171012878 57.654800266027451
113.369119912385941 61.413300037384033
114.314329996705055 63.118800148367882
116.578260064125061 59.858000278472900
116.434140130877495 57.805000245571136

[OBSTACLE]
254.525759816169739 54.273800179362297
253.311669826507568 54.738100245594978
253.374230116605759 54.910800233483315
249.398310109972954 55.671100318431854
248.744679987430573 57.170600071549416
250.673869997262955 61.361200362443924
254.108779877424240 60.082100331783295
255.207550153136253 59.922900050878525
250.487380102276802 62.024600058794022
250.894130021333694 62.938100099563599
256.923479959368706 60.253500193357468
256.574369966983795 59.469400346279144
256.801389902830124 59.368500113487244
255.038600042462349 55.573400110006332
254.787340015172958 55.032500252127647

[OBSTACLE]
145.833399891853333 59.603800252079964
140.355259925127029 59.653200209140778
143.358549848198891 62.890900298953056
144.862620159983635 60.893200337886810
144.885990023612976 61.927700042724609
146.014229953289032 62.503800168633461
147.247580066323280 62.015300244092941
146.982559934258461 60.939100012183189
145.534100010991096 60.564700141549110
145.028119906783104 60.673400014638901

[OBSTACLE]
303.982900083065033 59.967800229787827
303.754200041294098 60.900100320577621
307.195400074124336 61.810000240802765
307.437000051140785 61.851100251078606
308.378399908542633 62.011000141501427
308.592500165104866 60.824400186538696
307.408399879932404 60.630800202488899
307.377700135111809 60.800800099968910

[OBSTACLE]
248.361660167574883 56.631100177764893
246.194110065698624 57.562800124287605
245.543609932065010 59.824400022625923
248.500340059399605 58.666000142693520

[OBSTACLE]
275.360209867358208 52.509300038218498
274.465969949960709 52.858500182628632
275.847949832677841 56.398200243711472
276.742190122604370 56.049100309610367

[OBSTACLE]
78.077400103211403 53.591600060462952
77.271600067615509 54.183700308203697
77.863699942827225 54.989600181579590
78.669599816203117 54.397400096058846

[OBSTACLE]
64.483899995684624 45.420300215482712
61.539600044488907 49.461500346660614
63.156099990010262 50.639200210571289
66.100399941205978 46.598000079393387

[OBSTACLE]
284.744960069656372 41.912400349974632
283.631199970841408 43.573600053787231
284.555210173130035 45.517400279641151
286.592990159988403 45.800100266933441
287.902149930596352 43.668000027537346
286.852600052952766 42.001100257039070

[OBSTACLE]
297.730049863457680 40.101900324225426
296.133799850940704 40.380600094795227
295.418120175600052 41.230400279164314
295.676070079207420 42.966900020837784
295.180020108819008 43.368600308895111
296.008760109543800 44.497000053524971
296.909070014953613 43.835700303316116
298.326199874281883 45.442200079560280
299.079649895429611 44.784700125455856
297.831179946660995 43.369400128722191
298.847270011901855 41.454200074076653

[OBSTACLE]
74.166199937462807 40.708800032734871
74.153500050306320 41.208600252866745
78.449299931526184 41.317500174045563
78.748999908566475 41.325100138783455
83.044900000095367 41.434000059962273
83.057500049471855 40.934100002050400
78.761700168251991 40.825300291180611
78.461999818682671 40.817700326442719

[OBSTACLE]
57.856100052595139 36.081600189208984
57.775599882006645 36.575100198388100
62.016199901700020 37.266300246119499
62.311999872326851 37.314500287175179
66.161299869418144 37.941900268197060
69.889400154352188 40.428900346159935
70.170500129461288 40.015400201082230
66.534399986267090 37.496100366115570
62.392500042915344 36.821000277996063
62.096599861979485 36.772800236940384

[OBSTACLE]
58.076500147581100 37.103000283241272
57.792500033974648 38.473900035023689
61.513499915599823 39.244600012898445
61.857999861240387 37.889100238680840

[OBSTACLE]
92.329800128936768 31.963500007987022
91.784400120377541 32.801600173115730
92.622499912977219 33.347100019454956
93.168000131845474 32.508900016546249

[OBSTACLE]
2.370499819517136 7.418900355696678
1.896300166845322 7.587700337171555
2.044799923896790 8.064800128340721
2.535000070929527 7.891100272536278

[OBSTACLE]
4.289299994707108 3.447800129652023
2.083700150251389 6.963200122117996
3.269600123167038 7.707200199365616
5.559999868273735 4.245000332593918

