--
(3.82597, 1.69912)
50
(0, 0); (0, 0); (32, 0); (32, 0); (32, 1.07415); (22.72, 1.28); (21.6, 1.6); (21.6, 1.6); (22.08, 2.72); (22.08, 2.72); (22.2113, 2.75282); (7.68, 1.92); (6.72, 1.92); (6.72, 1.92); (6.72, 1.92); (6.4, 2.56); (6.4, 2.56); (6.4, 2.56); (6.88, 3.84); (6.88, 3.84); (7.2, 4.32); (7.2, 4.32); (32, 23.5842); (32, 23.9407); (23.36, 17.12); (22.523, 16.841); (15.36, 11.04); (14.24, 11.36); (14.24, 11.36); (13.44, 12.16); (13.44, 12.16); (13.76, 13.12); (23.2102, 23.9847); (22.88, 24.48); (29.1698, 32); (26.4167, 32); (9.12, 8.8); (7.84, 8.64); (7.84, 8.64); (6.88, 8.96); (6.43184, 7.8945); (5.12, 7.2); (3.04, 6.56); (3.04, 6.56); (3.04, 6.56); (1.6, 7.84); (1.6, 7.84); (0, 12.254); (0, 0); (0, 0); 
--
(17.2841, 6.34066)
121
(21.6, 1.6); (22.08, 2.72); (22.08, 2.72); (22.08, 2.72); (23.36, 3.04); (28.956, 0); (32, 0); (32, 0); (32, 1.52894); (26.4, 3.36); (26.4, 3.36); (26.56, 4.48); (26.56, 4.48); (27.36, 5.44); (27.36, 5.44); (28, 5.44); (32, 5.1038); (32, 6.14357); (24.8, 6.24); (23.52, 6.56); (23.52, 6.56); (22.88, 7.36); (22.88, 7.36); (23.52, 8.16); (23.52, 8.16); (23.68, 8.8); (27.5565, 10.2906); (27.52, 10.4); (32, 12.1767); (32, 13.9813); (20.48, 8); (20.48, 8); (19.2, 7.52); (19.2, 7.52); (19.2, 7.52); (18.24, 8); (18.24, 8); (18.24, 8); (19.2694, 9.78698); (19.36, 10.24); (21.2454, 13.7815); (21.28, 13.92); (22.8833, 16.9611); (21.44, 16.48); (21.44, 16.48); (20.48, 16.32); (20.48, 16.32); (20, 17.12); (20.4825, 19.035); (20.48, 19.04); (23.7415, 32); (19.3641, 32); (18.56, 22.08); (17.12, 21.6); (17.12, 21.6); (16, 21.76); (16, 21.76); (15.68, 22.56); (14.7464, 32); (12.0871, 32); (12.8, 28.48); (12.5361, 28.2748); (13.6, 23.36); (13.5677, 23.3554); (14.72, 18.08); (13.8455, 17.0598); (15.52, 11.84); (15.36, 11.04); (15.36, 11.04); (14.24, 11.36); (14.24, 11.36); (13.44, 12.16); (6.91466, 22.0382); (6.56, 21.92); (2.94316, 27.1743); (2.20351, 27.1004); (8.64, 18.24); (8.8, 15.68); (8.8, 15.68); (8.32, 15.52); (-7.10543e-15, 24.0397); (-7.10543e-15, 20.1562); (5.6, 15.68); (5.44, 14.4); (5.44, 14.4); (3.68, 14.4); (3.68, 14.4); (2.56, 14.72); (-3.55271e-15, 16.1769); (0, 15.1016); (8.96, 10.56); (9.28, 9.76); (9.28, 9.76); (9.12, 8.8); (9.12, 8.8); (7.84, 8.64); (7.84, 8.64); (3.55271e-15, 10.5488); (0, 10.2956); (3.04, 9.6); (4, 8.16); (4, 8.16); (5.12, 7.2); (5.12, 7.2); (3.04, 6.56); (0, 6.60681); (0, 3.11905); (8.16, 4.64); (8.16, 4.64); (8.46616, 3.41536); (12.64, 4.8); (14.24, 4); (14.24, 4); (14.24, 4); (13.6, 3.2); (13.6, 3.2); (13.6, 3.2); (9.84626, 8.88178e-16); (23.0566, 0); (21.6, 1.6); (21.6, 1.6); 
--
(5.35247, 29.541)
120
(0, 32); (0, 32); (0, 29.6375); (2.08, 29.6); (2.08, 29.6); (2.08, 29.6); (4.32, 28.64); (4.32, 28.64); (4.32, 28.64); (3.2, 27.2); (8.88178e-16, 23.7197); (8.88178e-16, 7.10543e-15); (0, 0); (-0.39051, 0); (2.72, 16); (3.2, 16.8); (3.2, 16.8); (4.64, 16.16); (4.64, 16.16); (5.6, 15.68); (5.88002, 0); (6.49939, -7.10543e-15); (6.4, 2.56); (6.88, 3.84); (6.88, 3.84); (7.2, 4.32); (7.2, 4.32); (7.22379, 4.32793); (6.88, 8.96); (8.70816, 11.8851); (8.96, 10.56); (8.96, 10.56); (9.55825, 9.06436); (11.42, 0); (12.1862, 1.06581e-14); (11.52, 2.88); (11.68, 4); (11.68, 4); (8.185, 1.0875); (5.92, 23.84); (6.72, 24.48); (6.72, 24.48); (7.84, 24); (18.6143, -7.10543e-15); (6.22958, 0); (6.4, 2.56); (6.49939, 7.10543e-15); (12.0611, 0); (10.7573, 5.74136); (14.24, 4); (15.6319, -3.55271e-15); (19.0982, -3.55271e-15); (13.44, 12.16); (13.76, 13.12); (13.76, 13.12); (14.56, 12.64); (14.56, 12.64); (15.52, 11.84); (22.3209, -3.19744e-14); (22.5304, -3.19744e-14); (21.6, 1.6); (21.7957, 2.05672); (18.24, 8); (17.9357, 7.54348); (12, 17.92); (12.48, 18.56); (12.48, 18.56); (12.96, 19.2); (12.96, 19.2); (13.6, 18.72); (13.6, 18.72); (14.72, 18.08); (29.4975, -1.42109e-14); (23.1777, 7.73214); (23.52, 8.16); (23.52, 8.16); (23.68, 8.8); (27.0149, 5.02591); (27.36, 5.44); (27.36, 5.44); (28, 5.44); (32, 1.18329); (32, 0.685055); (20.96, 12.64); (20.96, 12.64); (21.28, 13.92); (21.28, 13.92); (28.8076, 6.5373); (27.52, 10.4); (27.52, 10.4); (21.2908, 12.1798); (10.88, 23.52); (10.4, 24.32); (10.4, 24.32); (11.2, 25.44); (11.2, 25.44); (12, 25.44); (16.171, 22.8668); (16.96, 23.36); (16.96, 23.36); (17.6, 23.2); (17.6, 23.2); (18.4, 23.04); (27.611, 18.4506); (27.52, 18.4); (32, 16.1484); (32, 19.3945); (10.24, 27.68); (10.24, 27.68); (10.08, 28.64); (10.08, 28.64); (10.08, 28.64); (10.88, 29.6); (10.88, 29.6); (10.88, 29.6); (32, 29.8254); (32, 32); (32, 32); (0, 32); (0, 32); 
--
(10.1308, 7.49913)
130
(7.84, 8.64); (7.84, 8.64); (6.88, 8.96); (6.88, 8.96); (0, 12.0518); (1.77636e-15, 10.5007); (3.04, 9.6); (4, 8.16); (4, 8.16); (5.12, 7.2); (5.12, 7.2); (5.12, 7.2); (5.12, 7.2); (3.04, 6.56); (1.77636e-15, 6.15738); (0, 0); (0, 0); (3.21738, 8.88178e-16); (7.2, 4.32); (7.2, 4.32); (8.16, 4.64); (8.16, 4.64); (8.16, 4.64); (8.16, 4.64); (8.48, 3.36); (8.48, 3.36); (7.1399, 8.88178e-16); (12.3861, 8.88178e-16); (11.52, 2.88); (11.68, 4); (11.68, 4); (11.68, 4); (12.64, 4.8); (12.64, 4.8); (12.64, 4.8); (14.24, 4); (18.9373, 0); (24.7107, 0); (21.6, 1.6); (22.08, 2.72); (22.08, 2.72); (23.36, 3.04); (32, 0.127731); (32, 1.93527); (26.4, 3.36); (26.4, 3.36); (26.56, 4.48); (26.56, 4.48); (27.36, 5.44); (27.36, 5.44); (28, 5.44); (32, 4.97907); (32, 5.62199); (24.8, 6.24); (23.52, 6.56); (23.52, 6.56); (22.88, 7.36); (22.88, 7.36); (23.015, 7.52878); (19.2, 7.52); (19.2, 7.52); (18.24, 8); (18.24, 8); (19.2, 9.44); (19.2, 9.44); (19.36, 10.24); (32, 13.9938); (32, 15.124); (23.04, 12); (21.76, 11.84); (21.76, 11.84); (20.96, 12.64); (20.96, 12.64); (21.28, 13.92); (26.3361, 16.8318); (26.08, 17.6); (32, 21.3492); (32, 22.3076); (15.36, 11.04); (14.24, 11.36); (14.24, 11.36); (13.44, 12.16); (13.44, 12.16); (13.76, 13.12); (25.95, 32); (24.2947, 32); (18.56, 22.08); (17.12, 21.6); (17.12, 21.6); (16.2977, 21.7175); (14.72, 18.08); (13.76, 16.96); (13.76, 16.96); (12.8, 16.96); (12.8, 16.96); (12, 17.92); (12.9593, 23.2685); (12.48, 23.2); (12.48, 23.2); (10.88, 23.52); (10.88, 23.52); (10.4, 24.32); (10.4528, 27.6192); (10.24, 27.68); (10.24, 27.68); (10.08, 28.64); (10.0719, 32); (6.7301, 32); (8.64, 18.24); (8.8, 15.68); (8.8, 15.68); (8.32, 15.52); (6.85304, 22.0177); (6.56, 21.92); (6.56, 21.92); (6.24, 23.04); (6.24, 23.04); (5.92, 23.84); (3.81727, 32); (3.39646, 32); (4.32, 28.64); (3.2, 27.2); (3.2, 27.2); (2.73424, 27.1534); (9.28, 9.76); (9.28, 9.76); (9.12, 8.8); (9.12, 8.8); (9.12, 8.8); (7.84, 8.64); 
--
(12.2789, 31.4091)
73
(32, 32); (0, 32); (0, 32); (0, 32); (0, 0); (-nan, -nan); (-nan, -nan); (2.08, 29.6); (2.08, 29.6); (4.32, 28.64); (4.32, 28.64); (3.2, 27.2); (-1.77636e-15, 25.7164); (4.19618, 27.6618); (3.32077, 20.7461); (5.92, 23.84); (6.72, 24.48); (6.72, 24.48); (6.76225, 24.4619); (10.08, 28.64); (10.08, 28.64); (10.88, 29.6); (10.88, 29.6); (12.48, 29.6); (12.48, 29.6); (12.48, 29.6); (12.48, 29.6); (12.8, 28.48); (12.8, 28.48); (14.6425, 18.1243); (14.72, 18.08); (18.0313, 3.55271e-15); (20.2772, -7.10543e-15); (18.24, 8); (19.2, 9.44); (19.2, 9.44); (19.36, 10.24); (19.36, 10.24); (20.64, 9.44); (23.1005, 2.97511); (23.1981, 2.99952); (15.68, 22.56); (15.68, 22.56); (16.96, 23.36); (16.96, 23.36); (17.6, 23.2); (17.6, 23.2); (18.4, 23.04); (21.2337, 19.1656); (21.44, 19.2); (21.44, 19.2); (22.4, 18.88); (32, 6.99607); (32, 8.39569); (16.16, 26.88); (15.68, 27.68); (15.68, 27.68); (16.16, 28.64); (16.16, 28.64); (16.64, 29.12); (16.64, 29.12); (16.64, 29.12); (16.64, 29.12); (16.96, 28.96); (16.96, 28.96); (17.92, 28.64); (17.92, 28.64); (24.8678, 25.2296); (25.12, 25.28); (25.12, 25.28); (32, 21.9962); (32, 32); (32, 32); 
--
(15.2022, 20.247)
106
(16, 21.76); (15.68, 22.56); (15.68, 22.56); (15.68, 22.56); (16.5495, 26.7687); (16.16, 26.88); (16.16, 26.88); (15.68, 27.68); (15.9577, 32); (11.7815, 32); (12.48, 29.6); (12.8, 28.48); (12.8, 28.48); (11.715, 27.6361); (13.28, 24.32); (13.6, 23.36); (13.6, 23.36); (13.6, 23.36); (12.48, 23.2); (12.48, 23.2); (12.48, 23.2); (10.88, 23.52); (10.88, 23.52); (4.24543, 28.5441); (3.2, 27.2); (3.2, 27.2); (1.83119, 27.0631); (7.84, 24); (7.84, 24); (7.2, 23.04); (7.2, 23.04); (7.52, 22.24); (7.52, 22.24); (6.56, 21.92); (1.77636e-15, 23.1899); (1.77636e-15, 16.6861); (8, 18.56); (8.64, 18.24); (8.64, 18.24); (8.7042, 17.2128); (12.96, 19.2); (12.96, 19.2); (12.96, 19.2); (13.6, 18.72); (13.6, 18.72); (14.72, 18.08); (14.72, 18.08); (10.6971, 7.10543e-15); (10.7903, 7.10543e-15); (13.44, 12.16); (13.76, 13.12); (13.76, 13.12); (14.56, 12.64); (14.56, 12.64); (15.52, 11.84); (15.9676, 3.55271e-15); (20.2244, 0); (18.24, 8); (19.2, 9.44); (19.2, 9.44); (19.36, 10.24); (19.36, 10.24); (20.64, 9.44); (25.39, 0); (27.265, -3.55271e-15); (22.88, 7.36); (23.52, 8.16); (23.52, 8.16); (23.68, 8.8); (23.68, 8.8); (24.32, 8); (26.761, 4.72123); (26.8621, 4.84247); (20.96, 12.64); (20.96, 12.64); (21.28, 13.92); (21.28, 13.92); (24.16, 13.12); (27.6117, 10.3738); (28.64, 10.08); (32, 7.53784); (32, 7.74852); (20.48, 16.32); (20, 17.12); (20, 17.12); (20.8, 18.4); (20.8, 18.4); (20.48, 19.04); (20.48, 19.04); (21.44, 19.2); (21.44, 19.2); (27.2152, 18.2307); (27.52, 18.4); (32, 17.7283); (32, 25.4545); (25.76, 23.52); (24.32, 23.68); (24.32, 23.68); (23.52, 23.52); (23.52, 23.52); (22.9004, 24.4494); (18.56, 22.08); (17.12, 21.6); (17.12, 21.6); (16, 21.76); (16, 21.76); 
--
(6.42705, 31.6959)
74
(32, 32); (0, 32); (0, 32); (0, 32); (0, 0); (-nan, -nan); (-nan, -nan); (2.72, 16); (-nan, -nan); (-nan, -nan); (2.08, 29.6); (2.08, 29.6); (4.32, 28.64); (4.32, 28.64); (0, 22.3746); (4.32, 28.64); (2.72, 16); (3.2, 16.8); (3.2, 16.8); (4.64, 16.16); (4.64, 16.16); (5.39979, 15.7801); (5.92, 23.84); (6.72, 24.48); (6.72, 24.48); (7.84, 24); (11.6065, 3.4852); (11.68, 4); (11.68, 4); (12.64, 4.8); (12.64, 4.8); (14.24, 4); (15.3684, 3.55271e-15); (17.8052, 7.10543e-15); (13.44, 12.16); (13.76, 13.12); (13.76, 13.12); (14.0001, 12.976); (12, 17.92); (12.48, 18.56); (12.48, 18.56); (12.96, 19.2); (12.96, 19.2); (13.2919, 18.9511); (10.4, 24.32); (10.4, 24.32); (11.2, 25.44); (11.2, 25.44); (12, 25.44); (12.8785, 24.4538); (13.28, 24.32); (20.0556, 17.0273); (20, 17.12); (20, 17.12); (20.1057, 17.2891); (10.24, 27.68); (10.08, 28.64); (10.08, 28.64); (10.88, 29.6); (10.88, 29.6); (12.48, 29.6); (12.48, 29.6); (12.48, 29.6); (12.48, 29.6); (16.0261, 28.3721); (16.16, 28.64); (16.16, 28.64); (16.64, 29.12); (16.64, 29.12); (16.64, 29.12); (16.64, 29.12); (32, 25.2459); (32, 32); (32, 32); 
--
(9.31694, 17.724)
100
(8.64, 18.24); (8.8, 15.68); (8.8, 15.68); (7.25033, 9.55252); (7.68, 10.24); (7.68, 10.24); (8, 10.56); (8, 10.56); (8.96, 10.56); (8.96, 10.56); (9.28, 9.76); (9.28, 9.76); (9.23473, 0); (11.9474, -3.55271e-15); (11.52, 2.88); (11.68, 4); (11.68, 4); (12.64, 4.8); (12.64, 4.8); (14.24, 4); (15.6749, -3.55271e-15); (22.4508, -3.55271e-15); (13.44, 12.16); (13.44, 12.16); (13.76, 13.12); (13.76, 13.12); (14.56, 12.64); (14.56, 12.64); (15.52, 11.84); (18.7545, 8.77182); (19.2, 9.44); (19.2, 9.44); (19.36, 10.24); (19.36, 10.24); (20.64, 9.44); (23.1026, 7.63831); (23.52, 8.16); (23.52, 8.16); (23.68, 8.8); (32, 3.63064); (32, 5.90164); (27.36, 8.32); (27.6707, 9.04498); (21.76, 11.84); (20.96, 12.64); (20.96, 12.64); (21.28, 13.92); (21.28, 13.92); (24.16, 13.12); (32, 10.6882); (32, 12.7485); (12.8, 16.96); (12.8, 16.96); (12, 17.92); (12, 17.92); (12, 17.92); (12, 17.92); (12.48, 18.56); (12.48, 18.56); (12.96, 19.2); (23.7228, 23.5606); (23.52, 23.52); (23.52, 23.52); (23.0647, 24.2029); (18.56, 22.08); (17.12, 21.6); (17.12, 21.6); (16, 21.76); (16, 21.76); (15.68, 22.56); (15.68, 22.56); (28.1009, 32); (22.2319, 32); (17.6, 26.88); (17.28, 26.56); (17.28, 26.56); (16.2545, 26.853); (13.6, 23.36); (12.48, 23.2); (12.48, 23.2); (10.88, 23.52); (10.88, 23.52); (10.4, 24.32); (10.9198, 27.4858); (10.24, 27.68); (10.24, 27.68); (10.08, 28.64); (10.3149, 32); (5.95734, 32); (7.84, 24); (7.20105, 23.0416); (7.52, 22.24); (7.52, 22.24); (6.56, 21.92); (3.09755, 27.1898); (1.6, 27.04); (0, 28.9715); (0, 24.8257); (8.64, 18.24); (8.64, 18.24); 
--
(22.8234, 23.9149)
125
(22.88, 24.48); (22.88, 24.48); (23.6326, 32); (14.4332, 32); (17.92, 28.64); (17.44, 27.84); (17.44, 27.84); (17.6, 26.88); (17.6, 26.88); (17.28, 26.56); (17.28, 26.56); (16.16, 26.88); (16.16, 26.88); (12.7143, 28.4133); (11.36, 27.36); (11.36, 27.36); (10.24, 27.68); (-7.10543e-15, 30.7439); (-3.55271e-15, 30.1701); (2.08, 29.6); (4.32, 28.64); (4.32, 28.64); (3.2, 27.2); (3.2, 27.2); (1.6, 27.04); (-7.10543e-15, 27.2756); (-3.55271e-15, 27.1309); (12, 25.44); (12.32, 24.64); (12.32, 24.64); (13.28, 24.32); (13.28, 24.32); (13.6, 23.36); (13.6, 23.36); (12.48, 23.2); (7.27976, 22.8406); (7.43264, 22.4584); (16.96, 23.36); (17.6, 23.2); (17.6, 23.2); (18.4, 23.04); (18.4, 23.04); (18.4, 23.04); (18.56, 22.08); (18.56, 22.08); (18.56, 22.08); (8.66613, 17.822); (8.70706, 17.167); (12.96, 19.2); (13.6, 18.72); (13.6, 18.72); (14.72, 18.08); (14.72, 18.08); (13.76, 16.96); (3.42196, 9.02706); (4, 8.16); (4, 8.16); (4.68468, 7.57313); (8, 10.56); (8, 10.56); (8.96, 10.56); (8.96, 10.56); (9.28, 9.76); (9.28, 9.76); (9.12, 8.8); (1.14174, 2.13163e-14); (2.74436, 1.77636e-14); (13.76, 13.12); (14.56, 12.64); (14.56, 12.64); (15.52, 11.84); (15.52, 11.84); (15.36, 11.04); (8.96021, 1.77636e-14); (9.44178, 1.77636e-14); (11.68, 4); (12.64, 4.8); (12.64, 4.8); (20.3572, 19.2856); (20.48, 19.04); (20.48, 19.04); (21.44, 19.2); (21.44, 19.2); (21.44, 19.2); (22.4, 18.88); (22.4, 18.88); (22.4, 18.88); (22.4, 17.92); (22.4, 17.92); (23.36, 17.12); (23.665, 13.2575); (24.16, 13.12); (24.902, 7.12697); (24.96, 7.04); (25.8513, -3.55271e-15); (26.9846, -7.10543e-15); (26.4, 3.36); (26.56, 4.48); (26.56, 4.48); (27.36, 5.44); (27.36, 5.44); (28, 5.44); (28, 5.44); (28.5494, 4.23132); (27.36, 8.32); (27.84, 9.44); (27.84, 9.44); (27.52, 10.4); (27.52, 10.4); (28.64, 10.08); (32, 2.08814); (32, 5.24937); (26.4, 16.64); (26.4, 16.64); (26.08, 17.6); (26.08, 17.6); (27.52, 18.4); (27.52, 18.4); (28.96, 17.44); (32, 14.2324); (32, 18.7128); (23.52, 23.52); (23.52, 23.52); (23.52, 23.52); (22.88, 24.48); 
--
(29.3729, 12.3104)
95
(28.96, 16.32); (28.96, 16.32); (27.52, 15.68); (27.52, 15.68); (26.4, 16.64); (15.8534, 32); (15.5635, 32); (17.92, 28.64); (17.44, 27.84); (17.44, 27.84); (17.6, 26.88); (17.6, 26.88); (17.28, 26.56); (17.28, 26.56); (16.16, 26.88); (11.5168, 32); (10.1351, 32); (12.48, 29.6); (12.7858, 28.5298); (18.4, 23.04); (18.4774, 22.5758); (22.4, 18.88); (22.4, 17.92); (22.4, 17.92); (23.36, 17.12); (23.36, 17.12); (21.44, 16.48); (21.44, 16.48); (20.48, 16.32); (7.42239, 22.2075); (6.56, 21.92); (-3.19744e-14, 24.6833); (-3.19744e-14, 24.6402); (12.96, 19.2); (13.6, 18.72); (13.6, 18.72); (14.72, 18.08); (14.72, 18.08); (13.76, 16.96); (13.76, 16.96); (12.8, 16.96); (8.64718, 18.1251); (8.75429, 16.4113); (21.28, 13.92); (24.16, 13.12); (24.16, 13.12); (23.04, 12); (23.04, 12); (21.76, 11.84); (15.4419, 11.4496); (15.36, 11.04); (8.99868, 10.4633); (9.28, 9.76); (9.28, 9.76); (9.12, 8.8); (4.24011, 7.95419); (5.03014, 7.27702); (19.36, 10.24); (20.64, 9.44); (20.64, 9.44); (20.48, 8); (20.48, 8); (13.2494, 4.49532); (14.24, 4); (14.24, 4); (13.6, 3.2); (8.0598, -1.77636e-15); (9.40874, -3.55271e-15); (23.68, 8.8); (24.32, 8); (24.32, 8); (24.6753, 7.46704); (27.52, 10.4); (28.64, 10.08); (28.64, 10.08); (28.64, 10.08); (28.64, 10.08); (28.64, 8.96); (28.64, 8.96); (29.28, 8.16); (29.28, 8.16); (29.28, 8.16); (29.28, 8.16); (29.0974, 0); (32, 0); (32, 0); (32, 0); (32, 32); (32, 32); (32, 32); (27.7881, 32); (28.96, 17.44); (28.96, 17.44); (28.96, 16.32); (28.96, 16.32); 
