[SCALE]
1.0

[BORDER] 
466 299
461 299
461 304
456 304
456 299
451 299
451 294
441 294
441 310
446 310
446 320
441 320
441 326
436 326
436 331
431 331
431 336
425 336
425 342
420 342
420 347
415 347
415 352
400 352
400 358
395 358
395 368
390 368
390 374
384 374
384 379
379 379
379 384
374 384
374 390
369 390
369 395
374 395
374 400
384 400
384 395
390 395
390 390
400 390
400 395
405 395
405 400
410 400
410 406
415 406
415 416
410 416
410 422
405 422
405 416
400 416
400 411
390 411
390 416
384 416
384 422
379 422
379 427
374 427
374 443
369 443
369 438
364 438
364 432
359 432
359 422
364 422
364 416
369 416
369 400
364 400
364 406
354 406
354 395
349 395
349 390
344 390
344 384
338 384
338 379
333 379
333 374
328 374
328 368
323 368
323 374
318 374
318 379
313 379
313 384
308 384
308 390
303 390
303 400
308 400
308 406
313 406
313 411
308 411
308 422
303 422
303 438
308 438
308 427
313 427
313 416
318 416
318 406
323 406
323 395
328 395
328 400
333 400
333 411
328 411
328 422
323 422
323 432
318 432
318 448
313 448
313 454
308 454
308 459
303 459
303 464
297 464
297 470
292 470
292 475
287 475
287 480
282 480
282 475
277 475
277 464
282 464
282 459
272 459
272 464
267 464
267 470
262 470
262 475
256 475
256 480
262 480
262 486
267 486
267 496
262 496
262 502
256 502
256 507
221 507
221 502
216 502
216 496
210 496
210 491
205 491
205 486
200 486
200 480
195 480
195 475
190 475
190 470
185 470
185 464
180 464
180 459
175 459
175 454
169 454
169 448
164 448
164 443
159 443
159 438
154 438
154 432
149 432
149 438
144 438
144 443
149 443
149 448
154 448
154 454
149 454
149 459
144 459
144 464
139 464
139 470
134 470
134 475
128 475
128 480
123 480
123 486
113 486
113 480
108 480
108 475
103 475
103 470
98 470
98 464
103 464
103 459
108 459
108 454
113 454
113 448
118 448
118 443
123 443
123 438
128 438
128 432
139 432
139 427
144 427
144 416
149 416
149 411
154 411
154 406
159 406
159 400
164 400
164 395
169 395
169 400
175 400
175 406
180 406
180 411
185 411
185 422
190 422
190 427
195 427
195 432
200 432
200 438
205 438
205 443
210 443
210 448
216 448
216 454
221 454
221 459
226 459
226 464
231 464
231 470
251 470
251 464
256 464
256 454
251 454
251 448
246 448
246 443
241 443
241 438
231 438
231 432
226 432
226 427
221 427
221 422
216 422
216 416
210 416
210 411
205 411
205 406
200 406
200 400
195 400
195 395
190 395
190 390
185 390
185 384
180 384
180 379
175 379
175 374
169 374
169 368
164 368
164 363
159 363
159 358
154 358
154 352
149 352
149 347
144 347
144 342
139 342
139 336
128 336
128 326
118 326
118 315
113 315
113 310
108 310
108 304
103 304
103 299
98 299
98 294
88 294
88 288
82 288
82 294
77 294
77 304
82 304
82 315
77 315
77 326
82 326
82 331
88 331
88 336
98 336
98 331
108 331
108 336
103 336
103 342
98 342
98 347
93 347
93 363
98 363
98 368
103 368
103 374
108 374
108 379
113 379
113 384
118 384
118 390
113 390
113 395
108 395
108 400
98 400
98 395
93 395
93 384
88 384
88 379
82 379
82 374
77 374
77 368
72 368
72 363
67 363
67 358
62 358
62 352
57 352
57 347
52 347
52 342
41 342
41 336
36 336
36 331
31 331
31 326
26 326
26 320
21 320
21 310
31 310
31 304
36 304
36 299
41 299
41 294
47 294
47 288
52 288
52 283
62 283
62 294
72 294
72 288
77 288
77 278
72 278
72 272
77 272
77 267
108 267
108 272
113 272
113 267
118 267
118 262
113 262
113 246
108 246
108 240
103 240
103 230
118 230
118 224
123 224
123 208
128 208
128 203
134 203
134 208
144 208
144 198
154 198
154 176
164 176
164 171
169 171
169 166
175 166
175 160
180 160
180 155
185 155
185 150
190 150
190 144
195 144
195 139
200 139
200 134
205 134
205 128
210 128
210 123
216 123
216 128
226 128
226 123
231 123
231 128
236 128
236 123
241 123
241 118
246 118
246 112
251 112
251 102
256 102
256 96
251 96
251 86
262 86
262 80
267 80
267 75
277 75
277 70
287 70
287 75
292 75
292 86
287 86
287 91
277 91
277 102
282 102
282 107
287 107
287 118
282 118
282 123
277 123
277 128
272 128
272 123
262 123
262 118
256 118
256 134
262 134
262 139
272 139
272 144
277 144
277 160
292 160
292 155
297 155
297 144
292 144
292 139
287 139
287 134
292 134
292 128
297 128
297 123
303 123
303 118
313 118
313 112
328 112
328 118
333 118
333 128
328 128
328 134
318 134
318 144
323 144
323 150
328 150
328 155
333 155
333 166
328 166
328 171
318 171
318 166
313 166
313 160
308 160
308 166
303 166
303 171
297 171
297 176
308 176
308 187
313 187
313 198
323 198
323 203
328 203
328 208
338 208
338 203
344 203
344 192
333 192
333 182
338 182
338 176
344 176
344 171
364 171
364 160
369 160
369 166
379 166
379 171
374 171
374 176
364 176
364 187
369 187
369 192
374 192
374 198
379 198
379 208
374 208
374 214
364 214
364 208
359 208
359 203
354 203
354 208
349 208
349 214
344 214
344 219
349 219
349 240
374 240
374 246
379 246
379 251
384 251
384 246
390 246
390 240
384 240
384 235
379 235
379 230
384 230
384 224
390 224
390 219
400 219
400 214
410 214
410 203
415 203
415 208
425 208
425 214
420 214
420 219
415 219
415 224
410 224
410 240
415 240
415 246
420 246
420 251
410 251
410 256
400 256
400 251
395 251
395 256
390 256
390 262
395 262
395 267
405 267
405 272
400 272
400 278
395 278
395 283
410 283
410 278
415 278
415 283
420 283
420 294
415 294
415 299
431 299
431 294
436 294
436 283
425 283
425 278
420 278
420 267
431 267
431 262
436 262
436 256
446 256
446 262
451 262
451 256
456 256
456 251
461 251
461 246
466 246
466 251
472 251
472 256
466 256
466 262
461 262
461 267
456 267
456 278
466 278
466 283
472 283
472 294
466 294

[OBSTACLE] 
241 395
241 400
236 400
236 411
241 411
241 416
246 416
246 422
251 422
251 427
256 427
256 422
262 422
262 416
267 416
267 406
262 406
262 400
256 400
256 395

[OBSTACLE] 
210 352
210 358
205 358
205 363
200 363
200 368
195 368
195 374
200 374
200 379
205 379
205 384
210 384
210 390
221 390
221 384
226 384
226 379
231 379
231 368
226 368
226 363
221 363
221 358
216 358
216 352

[OBSTACLE] 
354 336
354 342
349 342
349 347
344 347
344 358
338 358
338 363
344 363
344 368
349 368
349 374
354 374
354 379
359 379
359 374
364 374
364 368
369 368
369 358
374 358
374 347
369 347
369 342
364 342
364 336

[OBSTACLE] 
169 320
169 326
164 326
164 331
159 331
159 336
164 336
164 342
169 342
169 347
175 347
175 352
185 352
185 347
190 347
190 342
195 342
195 331
190 331
190 326
185 326
185 320

[OBSTACLE] 
139 283
139 288
134 288
134 294
128 294
128 299
123 299
123 304
128 304
128 310
134 310
134 315
139 315
139 320
144 320
144 315
149 315
149 310
154 310
154 304
159 304
159 294
154 294
154 288
149 288
149 283

[OBSTACLE] 
369 272
369 278
364 278
364 283
354 283
354 288
349 288
349 294
354 294
354 299
359 299
359 304
369 304
369 310
374 310
374 304
379 304
379 299
384 299
384 283
379 283
379 278
374 278
374 272

[OBSTACLE] 
328 235
328 240
323 240
323 246
318 246
318 262
323 262
323 267
328 267
328 272
338 272
338 267
344 267
344 262
349 262
349 251
344 251
344 246
338 246
338 240
333 240
333 235

[OBSTACLE] 
154 219
154 224
149 224
149 230
144 230
144 240
139 240
139 246
144 246
144 251
154 251
154 256
164 256
164 246
169 246
169 240
175 240
175 230
164 230
164 224
159 224
159 219

[OBSTACLE] 
292 203
292 208
287 208
287 214
282 214
282 224
287 224
287 235
303 235
303 230
308 230
308 219
313 219
313 214
308 214
308 208
303 208
303 203

[OBSTACLE] 
190 182
190 187
185 187
185 192
180 192
180 203
185 203
185 208
190 208
190 214
200 214
200 208
205 208
205 203
210 203
210 192
205 192
205 187
200 187
200 182

[OBSTACLE] 
256 166
256 171
251 171
251 176
246 176
246 192
251 192
251 198
267 198
267 192
272 192
272 187
277 187
277 182
272 182
272 176
267 176
267 171
262 171
262 166
