[SCALE]
1.0

[BORDER] 
500 328
498 328
498 331
496 331
496 333
491 333
491 335
486 335
486 338
479 338
479 340
469 340
469 343
455 343
455 345
452 345
452 350
455 350
455 376
452 376
452 381
450 381
450 383
447 383
447 386
445 386
445 390
442 390
442 393
440 393
440 395
438 395
438 398
433 398
433 400
430 400
430 402
426 402
426 405
421 405
421 407
413 407
413 410
401 410
401 407
397 407
397 405
392 405
392 402
387 402
387 400
384 400
384 398
380 398
380 395
377 395
377 393
375 393
375 390
372 390
372 386
370 386
370 383
368 383
368 381
363 381
363 379
356 379
356 381
351 381
351 383
346 383
346 386
341 386
341 388
336 388
336 390
331 390
331 393
329 393
329 395
324 395
324 398
319 398
319 400
314 400
314 402
312 402
312 405
305 405
305 407
298 407
298 410
285 410
285 422
288 422
288 443
276 443
276 431
273 431
273 426
271 426
271 412
228 412
228 410
218 410
218 407
203 407
203 405
196 405
196 402
189 402
189 400
184 400
184 398
179 398
179 395
177 395
177 393
172 393
172 390
170 390
170 388
167 388
167 386
162 386
162 383
160 383
160 381
155 381
155 379
153 379
153 376
150 376
150 374
148 374
148 371
143 371
143 374
141 374
141 376
138 376
138 379
136 379
136 381
133 381
133 383
131 383
131 388
128 388
128 390
126 390
126 395
121 395
121 400
119 400
119 414
121 414
121 419
124 419
124 424
126 424
126 426
128 426
128 429
133 429
133 431
145 431
145 434
157 434
157 436
165 436
165 434
182 434
182 431
186 431
186 429
189 429
189 426
211 426
211 429
215 429
215 431
220 431
220 434
223 434
223 436
225 436
225 438
228 438
228 441
230 441
230 443
232 443
232 446
235 446
235 477
232 477
232 479
230 479
230 481
228 481
228 484
225 484
225 486
223 486
223 489
220 489
220 491
215 491
215 493
189 493
189 491
179 491
179 489
177 489
177 486
174 486
174 484
172 484
172 481
170 481
170 479
167 479
167 477
165 477
165 460
167 460
167 453
148 453
148 450
138 450
138 448
133 448
133 446
124 446
124 443
119 443
119 441
116 441
116 436
112 436
112 434
109 434
109 431
107 431
107 429
104 429
104 424
102 424
102 405
104 405
104 395
107 395
107 388
109 388
109 383
112 383
112 381
114 381
114 379
116 379
116 376
119 376
119 374
121 374
121 371
124 371
124 369
126 369
126 367
128 367
128 364
126 364
126 362
124 362
124 359
121 359
121 357
119 357
119 355
116 355
116 352
114 352
114 347
112 347
112 340
109 340
109 335
107 335
107 331
104 331
104 326
102 326
102 319
100 319
100 314
102 314
102 312
104 312
104 309
109 309
109 302
104 302
104 300
102 300
102 297
97 297
97 233
100 233
100 223
102 223
102 216
104 216
104 206
107 206
107 201
109 201
109 197
112 197
112 192
114 192
114 187
116 187
116 182
119 182
119 180
121 180
121 175
124 175
124 173
126 173
126 170
128 170
128 166
131 166
131 163
133 163
133 161
136 161
136 158
133 158
133 154
128 154
128 149
126 149
126 146
124 146
124 144
119 144
119 142
114 142
114 139
112 139
112 137
107 137
107 134
102 134
102 132
90 132
90 134
85 134
85 137
83 137
83 139
80 139
80 142
78 142
78 146
75 146
75 149
73 149
73 151
71 151
71 154
68 154
68 182
71 182
71 190
73 190
73 194
75 194
75 199
78 199
78 211
80 211
80 230
78 230
78 233
75 233
75 235
73 235
73 237
68 237
68 240
66 240
66 242
61 242
61 245
58 245
58 247
56 247
56 249
54 249
54 268
51 268
51 271
49 271
49 276
46 276
46 278
44 278
44 280
42 280
42 283
39 283
39 285
37 285
37 288
32 288
32 290
29 290
29 292
27 292
27 290
25 290
25 288
22 288
22 285
20 285
20 283
17 283
17 278
20 278
20 276
22 276
22 273
25 273
25 271
27 271
27 268
29 268
29 266
32 266
32 264
34 264
34 261
37 261
37 254
39 254
39 247
37 247
37 245
32 245
32 242
25 242
25 240
22 240
22 237
20 237
20 235
17 235
17 233
13 233
13 230
10 230
10 228
8 228
8 225
5 225
5 221
3 221
3 206
5 206
5 199
8 199
8 194
10 194
10 192
13 192
13 190
15 190
15 187
17 187
17 185
22 185
22 182
27 182
27 180
44 180
44 178
46 178
46 175
49 175
49 173
51 173
51 170
54 170
54 156
56 156
56 149
58 149
58 144
61 144
61 139
63 139
63 134
66 134
66 132
68 132
68 130
71 130
71 127
73 127
73 125
75 125
75 123
80 123
80 120
92 120
92 118
102 118
102 120
114 120
114 123
116 123
116 125
121 125
121 127
126 127
126 130
128 130
128 132
131 132
131 134
133 134
133 137
138 137
138 139
141 139
141 142
143 142
143 144
148 144
148 146
155 146
155 144
157 144
157 142
160 142
160 139
165 139
165 137
167 137
167 134
170 134
170 132
174 132
174 130
179 130
179 127
182 127
182 125
189 125
189 123
191 123
191 120
199 120
199 118
208 118
208 115
218 115
218 113
240 113
240 111
249 111
249 113
259 113
259 115
269 115
269 118
288 118
288 120
298 120
298 123
307 123
307 125
314 125
314 127
319 127
319 130
327 130
327 132
334 132
334 134
339 134
339 137
343 137
343 139
348 139
348 142
353 142
353 144
356 144
356 146
358 146
358 149
363 149
363 146
365 146
365 144
368 144
368 142
370 142
370 139
372 139
372 137
375 137
375 132
377 132
377 127
380 127
380 123
382 123
382 113
384 113
384 108
382 108
382 106
380 106
380 101
377 101
377 99
375 99
375 96
370 96
370 94
363 94
363 91
356 91
356 89
348 89
348 87
336 87
336 89
331 89
331 91
324 91
324 94
322 94
322 96
317 96
317 99
310 99
310 101
295 101
295 99
290 99
290 96
285 96
285 94
281 94
281 91
278 91
278 89
276 89
276 87
273 87
273 84
271 84
271 82
269 82
269 79
266 79
266 56
269 56
269 51
271 51
271 48
273 48
273 46
276 46
276 44
278 44
278 41
281 41
281 39
283 39
283 36
285 36
285 34
293 34
293 32
317 32
317 34
319 34
319 36
324 36
324 39
327 39
327 41
329 41
329 44
334 44
334 51
336 51
336 63
339 63
339 65
341 65
341 67
346 67
346 70
351 70
351 72
358 72
358 75
365 75
365 77
372 77
372 79
377 79
377 82
380 82
380 84
382 84
382 87
384 87
384 89
387 89
387 91
389 91
389 94
392 94
392 96
394 96
394 99
397 99
397 101
399 101
399 111
401 111
401 132
399 132
399 134
397 134
397 137
394 137
394 142
392 142
392 144
389 144
389 146
387 146
387 149
384 149
384 151
382 151
382 154
377 154
377 156
375 156
375 163
377 163
377 166
380 166
380 168
382 168
382 170
384 170
384 175
387 175
387 180
389 180
389 187
392 187
392 192
394 192
394 197
397 197
397 201
399 201
399 206
401 206
401 211
404 211
404 218
406 218
406 221
409 221
409 225
411 225
411 233
413 233
413 237
416 237
416 247
418 247
418 254
421 254
421 276
418 276
418 280
416 280
416 292
413 292
413 300
411 300
411 309
409 309
409 319
406 319
406 323
404 323
404 328
401 328
401 331
399 331
399 333
397 333
397 338
394 338
394 343
392 343
392 345
389 345
389 347
387 347
387 350
384 350
384 352
382 352
382 355
380 355
380 357
375 357
375 359
372 359
372 362
375 362
375 367
377 367
377 371
380 371
380 374
382 374
382 376
387 376
387 379
389 379
389 381
392 381
392 383
394 383
394 386
416 386
416 383
421 383
421 381
423 381
423 379
428 379
428 374
430 374
430 371
433 371
433 367
435 367
435 364
438 364
438 347
435 347
435 340
433 340
433 335
430 335
430 331
428 331
428 326
426 326
426 321
423 321
423 309
426 309
426 304
428 304
428 300
430 300
430 292
433 292
433 290
435 290
435 288
438 288
438 285
440 285
440 283
442 283
442 280
445 280
445 278
469 278
469 280
484 280
484 283
486 283
486 285
488 285
488 288
491 288
491 290
493 290
493 295
496 295
496 297
498 297
498 300
500 300
500 304
503 304
503 326
500 326

[OBSTACLE] 
194 443
194 448
191 448
191 460
194 460
194 462
196 462
196 465
206 465
206 462
208 462
208 460
211 460
211 453
208 453
208 450
206 450
206 448
203 448
203 443

[OBSTACLE] 
230 343
230 345
225 345
225 347
218 347
218 350
213 350
213 352
208 352
208 355
203 355
203 357
201 357
201 359
199 359
199 362
196 362
196 376
199 376
199 386
201 386
201 388
203 388
203 390
213 390
213 393
215 393
215 395
278 395
278 393
293 393
293 390
298 390
298 388
305 388
305 386
317 386
317 383
319 383
319 381
322 381
322 379
327 379
327 376
331 376
331 374
336 374
336 371
339 371
339 369
336 369
336 364
334 364
334 362
331 362
331 359
329 359
329 357
324 357
324 355
317 355
317 352
307 352
307 350
300 350
300 347
293 347
293 345
276 345
276 343

[OBSTACLE] 
211 285
211 288
203 288
203 290
199 290
199 292
194 292
194 295
189 295
189 297
184 297
184 300
182 300
182 302
179 302
179 304
177 304
177 309
174 309
174 314
172 314
172 316
170 316
170 319
167 319
167 323
165 323
165 326
162 326
162 331
160 331
160 333
157 333
157 338
155 338
155 343
157 343
157 345
162 345
162 347
170 347
170 345
172 345
172 343
177 343
177 340
184 340
184 338
186 338
186 335
189 335
189 333
191 333
191 331
194 331
194 328
196 328
196 326
199 326
199 323
201 323
201 319
203 319
203 316
206 316
206 314
208 314
208 309
211 309
211 307
213 307
213 304
215 304
215 307
218 307
218 304
220 304
220 300
218 300
218 297
220 297
220 290
218 290
218 288
215 288
215 285

[OBSTACLE] 
346 304
346 307
343 307
343 314
346 314
346 319
348 319
348 323
351 323
351 326
353 326
353 331
356 331
356 335
358 335
358 340
360 340
360 345
370 345
370 343
372 343
372 338
375 338
375 335
377 335
377 331
380 331
380 328
382 328
382 323
384 323
384 319
387 319
387 312
384 312
384 309
380 309
380 307
375 307
375 304

[OBSTACLE] 
290 285
290 288
285 288
285 290
283 290
283 295
281 295
281 300
283 300
283 316
285 316
285 321
290 321
290 323
293 323
293 328
300 328
300 331
305 331
305 333
310 333
310 335
314 335
314 338
317 338
317 340
322 340
322 343
334 343
334 340
339 340
339 338
341 338
341 333
339 333
339 328
336 328
336 323
334 323
334 319
331 319
331 316
329 316
329 312
327 312
327 309
324 309
324 302
322 302
322 295
319 295
319 292
317 292
317 290
312 290
312 288
307 288
307 285

[OBSTACLE] 
145 302
145 304
143 304
143 307
138 307
138 309
131 309
131 312
126 312
126 314
124 314
124 323
126 323
126 326
128 326
128 335
133 335
133 338
141 338
141 335
143 335
143 333
145 333
145 331
148 331
148 326
150 326
150 316
153 316
153 314
155 314
155 309
153 309
153 304
150 304
150 302

[OBSTACLE] 
259 288
259 290
252 290
252 292
244 292
244 295
240 295
240 297
237 297
237 300
235 300
235 304
232 304
232 312
230 312
230 316
228 316
228 321
232 321
232 326
271 326
271 323
273 323
273 316
271 316
271 297
269 297
269 295
266 295
266 288

[OBSTACLE] 
459 292
459 295
455 295
455 300
452 300
452 312
455 312
455 314
467 314
467 312
469 312
469 309
471 309
471 307
474 307
474 302
471 302
471 300
469 300
469 295
467 295
467 292

[OBSTACLE] 
351 237
351 240
346 240
346 242
343 242
343 245
341 245
341 276
339 276
339 290
336 290
336 297
339 297
339 295
346 295
346 292
351 292
351 290
360 290
360 292
387 292
387 290
392 290
392 288
394 288
394 285
397 285
397 280
399 280
399 278
401 278
401 254
399 254
399 247
397 247
397 245
394 245
394 242
392 242
392 240
387 240
387 237

[OBSTACLE] 
143 180
143 182
141 182
141 185
138 185
138 190
136 190
136 194
133 194
133 199
131 199
131 206
128 206
128 216
126 216
126 221
124 221
124 233
121 233
121 240
119 240
119 245
116 245
116 249
114 249
114 254
112 254
112 280
114 280
114 290
116 290
116 295
128 295
128 292
133 292
133 290
143 290
143 288
150 288
150 285
155 285
155 283
162 283
162 280
165 280
165 278
167 278
167 271
165 271
165 237
162 237
162 228
160 228
160 223
157 223
157 216
155 216
155 209
153 209
153 199
150 199
150 192
148 192
148 182
145 182
145 180

[OBSTACLE] 
186 235
186 240
184 240
184 242
182 242
182 245
177 245
177 256
179 256
179 273
182 273
182 280
194 280
194 278
201 278
201 276
206 276
206 273
211 273
211 271
213 271
213 268
218 268
218 266
225 266
225 264
228 264
228 256
223 256
223 254
218 254
218 252
215 252
215 249
211 249
211 247
206 247
206 245
203 245
203 242
199 242
199 240
194 240
194 237
191 237
191 235

[OBSTACLE] 
314 252
314 254
307 254
307 256
298 256
298 259
293 259
293 266
298 266
298 268
300 268
300 271
302 271
302 273
305 273
305 276
322 276
322 271
324 271
324 259
322 259
322 256
319 256
319 252

[OBSTACLE] 
249 259
249 261
247 261
247 268
249 268
249 271
256 271
256 268
259 268
259 261
256 261
256 259

[OBSTACLE] 
165 178
165 190
167 190
167 192
170 192
170 197
172 197
172 199
174 199
174 201
177 201
177 204
179 204
179 206
182 206
182 209
184 209
184 211
186 211
186 213
189 213
189 216
191 216
191 218
194 218
194 221
196 221
196 223
201 223
201 225
203 225
203 228
206 228
206 230
211 230
211 233
213 233
213 235
215 235
215 237
220 237
220 240
225 240
225 242
228 242
228 245
237 245
237 247
242 247
242 249
249 249
249 245
247 245
247 240
244 240
244 235
242 235
242 233
240 233
240 230
237 230
237 225
235 225
235 223
232 223
232 221
230 221
230 216
228 216
228 211
225 211
225 209
223 209
223 206
220 206
220 201
218 201
218 199
215 199
215 194
213 194
213 190
211 190
211 187
208 187
208 185
206 185
206 182
203 182
203 180
201 180
201 178

[OBSTACLE] 
317 180
317 182
310 182
310 185
307 185
307 187
305 187
305 190
302 190
302 194
300 194
300 199
298 199
298 204
295 204
295 209
293 209
293 213
290 213
290 218
288 218
288 223
285 223
285 228
283 228
283 233
281 233
281 240
283 240
283 242
290 242
290 240
298 240
298 237
305 237
305 235
317 235
317 233
324 233
324 230
327 230
327 223
329 223
329 216
331 216
331 206
334 206
334 201
336 201
336 194
339 194
339 187
336 187
336 185
334 185
334 180

[OBSTACLE] 
235 123
235 125
232 125
232 127
230 127
230 130
228 130
228 132
225 132
225 151
228 151
228 178
230 178
230 180
232 180
232 185
235 185
235 190
237 190
237 197
240 197
240 201
242 201
242 206
244 206
244 211
247 211
247 213
249 213
249 218
252 218
252 223
254 223
254 225
256 225
256 230
259 230
259 233
264 233
264 230
266 230
266 225
269 225
269 223
271 223
271 218
273 218
273 213
276 213
276 206
278 206
278 201
281 201
281 197
283 197
283 192
285 192
285 187
288 187
288 178
290 178
290 168
293 168
293 158
295 158
295 154
298 154
298 146
295 146
295 144
290 144
290 142
285 142
285 139
283 139
283 137
278 137
278 134
273 134
273 132
266 132
266 130
259 130
259 127
247 127
247 125
242 125
242 123

[OBSTACLE] 
363 180
363 182
360 182
360 190
358 190
358 199
356 199
356 204
353 204
353 209
351 209
351 213
348 213
348 216
346 216
346 218
343 218
343 223
346 223
346 225
380 225
380 223
384 223
384 221
387 221
387 213
382 213
382 206
380 206
380 204
377 204
377 201
375 201
375 199
372 199
372 197
370 197
370 190
368 190
368 185
365 185
365 180

[OBSTACLE] 
44 197
44 199
42 199
42 204
39 204
39 213
42 213
42 216
44 216
44 218
51 218
51 216
54 216
54 213
56 213
56 211
58 211
58 206
56 206
56 204
54 204
54 199
51 199
51 197

[OBSTACLE] 
317 146
317 149
307 149
307 154
305 154
305 161
307 161
307 166
310 166
310 168
331 168
331 166
334 166
334 163
336 163
336 161
339 161
339 156
334 156
334 154
331 154
331 151
327 151
327 149
324 149
324 146

[OBSTACLE] 
194 132
194 134
191 134
191 137
189 137
189 139
186 139
186 142
184 142
184 144
182 144
182 146
179 146
179 149
174 149
174 151
172 151
172 156
174 156
174 158
177 158
177 161
179 161
179 163
211 163
211 158
213 158
213 154
211 154
211 146
208 146
208 144
206 144
206 142
203 142
203 137
201 137
201 134
199 134
199 132

[OBSTACLE] 
300 53
300 58
298 58
298 63
295 63
295 75
298 75
298 77
305 77
305 75
312 75
312 72
314 72
314 67
317 67
317 63
314 63
314 60
312 60
312 58
310 58
310 53
