[SCALE]
0.01

[BORDER]
875.28657913208007812 3.55033874511718750
925.14753341674804688 9.84926223754882812
974.51457977294921875 19.26651000976562500
1023.19288253784179688 31.76498413085937500
1070.99027633666992188 47.29537963867187500
1117.71821975708007812 65.79627990722656250
1163.19236755371093750 87.19472885131835938
1207.23304748535156250 111.40632629394531250
1249.66669082641601562 138.33551406860351562
1290.32564163208007812 167.87595748901367188
1329.04949188232421875 199.91111755371093750
1365.68536758422851562 234.31453704833984375
1400.08878707885742188 270.95041275024414062
1432.12394714355468750 309.67426300048828125
1461.66439056396484375 350.33321380615234375
1488.59357833862304688 392.76685714721679688
1512.80517578125000000 436.80753707885742188
1534.20362472534179688 482.28168487548828125
1552.70452499389648438 529.00962829589843750
1568.23492050170898438 576.80702209472656250
1580.00001907348632812 622.62887954711914062
1591.76502227783203125 576.80702209472656250
1607.29532241821289062 529.00962829589843750
1625.79622268676757812 482.28168487548828125
1647.19476699829101562 436.80753707885742188
1671.40636444091796875 392.76685714721679688
1698.33545684814453125 350.33321380615234375
1727.87590026855468750 309.67426300048828125
1759.91106033325195312 270.95041275024414062
1794.31447982788085938 234.31453704833984375
1830.95045089721679688 199.91111755371093750
1869.67430114746093750 167.87595748901367188
1910.33325195312500000 138.33551406860351562
1952.76679992675781250 111.40632629394531250
1996.80757522583007812 87.19472885131835938
2042.28162765502929688 65.79627990722656250
2089.00957107543945312 47.29537963867187500
2136.80706024169921875 31.76498413085937500
2185.48536300659179688 19.26651000976562500
2234.85240936279296875 9.84926223754882812
2284.71326828002929688 3.55033874511718750
2334.87138748168945312 0.39472579956054688
2385.12859344482421875 0.39472579956054688
2435.28661727905273438 3.55033874511718750
2485.14757156372070312 9.84926223754882812
2534.51452255249023438 19.26651000976562500
2583.19282531738281250 31.76498413085937500
2630.99031448364257812 47.29537963867187500
2677.71825790405273438 65.79627990722656250
2723.19231033325195312 87.19472885131835938
2767.23308563232421875 111.40632629394531250
2809.66663360595703125 138.33551406860351562
2850.32558441162109375 167.87595748901367188
2889.04943466186523438 199.91111755371093750
2925.68540573120117188 234.31453704833984375
2960.08882522583007812 270.95041275024414062
2992.12398529052734375 309.67426300048828125
3021.66442871093750000 350.33321380615234375
3048.59361648559570312 392.76685714721679688
3072.80521392822265625 436.80753707885742188
3094.20366287231445312 482.28168487548828125
3112.70456314086914062 529.00962829589843750
3128.23486328125000000 576.80702209472656250
3140.73333740234375000 625.48532485961914062
3150.15058517456054688 674.85237121582031250
3156.44950866699218750 724.71332550048828125
3159.60521697998046875 774.87134933471679688
3159.60521697998046875 825.12855529785156250
3156.44950866699218750 875.28657913208007812
3150.15058517456054688 925.14753341674804688
3140.73333740234375000 974.51457977294921875
3128.23486328125000000 1023.19288253784179688
3112.70456314086914062 1070.99027633666992188
3094.20366287231445312 1117.71821975708007812
3072.80521392822265625 1163.19236755371093750
3048.59361648559570312 1207.23304748535156250
3021.66442871093750000 1249.66669082641601562
2992.12398529052734375 1290.32564163208007812
2960.08882522583007812 1329.04949188232421875
2925.68540573120117188 1365.68536758422851562
2889.04943466186523438 1400.08878707885742188
2850.32558441162109375 1432.12394714355468750
2809.66663360595703125 1461.66439056396484375
2767.23308563232421875 1488.59357833862304688
2723.19231033325195312 1512.80517578125000000
2677.71825790405273438 1534.20362472534179688
2630.99031448364257812 1552.70452499389648438
2583.19282531738281250 1568.23492050170898438
2537.37096786499023438 1580.00001907348632812
2583.19282531738281250 1591.76502227783203125
2630.99031448364257812 1607.29532241821289062
2677.71825790405273438 1625.79622268676757812
2723.19231033325195312 1647.19476699829101562
2767.23308563232421875 1671.40636444091796875
2809.66663360595703125 1698.33545684814453125
2850.32558441162109375 1727.87590026855468750
2889.04943466186523438 1759.91106033325195312
2925.68540573120117188 1794.31447982788085938
2960.08882522583007812 1830.95045089721679688
2992.12398529052734375 1869.67430114746093750
3021.66442871093750000 1910.33325195312500000
3048.59361648559570312 1952.76679992675781250
3072.80521392822265625 1996.80757522583007812
3094.20366287231445312 2042.28162765502929688
3112.70456314086914062 2089.00957107543945312
3128.23486328125000000 2136.80706024169921875
3140.73333740234375000 2185.48536300659179688
3150.15058517456054688 2234.85240936279296875
3156.44950866699218750 2284.71326828002929688
3159.60521697998046875 2334.87138748168945312
3159.60521697998046875 2385.12859344482421875
3156.44950866699218750 2435.28661727905273438
3150.15058517456054688 2485.14757156372070312
3140.73333740234375000 2534.51452255249023438
3128.23486328125000000 2583.19282531738281250
3112.70456314086914062 2630.99031448364257812
3094.20366287231445312 2677.71825790405273438
3072.80521392822265625 2723.19231033325195312
3048.59361648559570312 2767.23308563232421875
3021.66442871093750000 2809.66663360595703125
2992.12398529052734375 2850.32558441162109375
2960.08882522583007812 2889.04943466186523438
2925.68540573120117188 2925.68540573120117188
2889.04943466186523438 2960.08882522583007812
2850.32558441162109375 2992.12398529052734375
2809.66663360595703125 3021.66442871093750000
2767.23308563232421875 3048.59361648559570312
2723.19231033325195312 3072.80521392822265625
2677.71825790405273438 3094.20366287231445312
2630.99031448364257812 3112.70456314086914062
2583.19282531738281250 3128.23486328125000000
2534.51452255249023438 3140.73333740234375000
2485.14757156372070312 3150.15058517456054688
2435.28661727905273438 3156.44950866699218750
2385.12859344482421875 3159.60521697998046875
2334.87138748168945312 3159.60521697998046875
2284.71326828002929688 3156.44950866699218750
2234.85240936279296875 3150.15058517456054688
2185.48536300659179688 3140.73333740234375000
2136.80706024169921875 3128.23486328125000000
2089.00957107543945312 3112.70456314086914062
2042.28162765502929688 3094.20366287231445312
1996.80757522583007812 3072.80521392822265625
1952.76679992675781250 3048.59361648559570312
1910.33325195312500000 3021.66442871093750000
1869.67430114746093750 2992.12398529052734375
1830.95045089721679688 2960.08882522583007812
1794.31447982788085938 2925.68540573120117188
1759.91106033325195312 2889.04943466186523438
1727.87590026855468750 2850.32558441162109375
1698.33545684814453125 2809.66663360595703125
1671.40636444091796875 2767.23308563232421875
1647.19476699829101562 2723.19231033325195312
1625.79622268676757812 2677.71825790405273438
1607.29532241821289062 2630.99031448364257812
1591.76502227783203125 2583.19282531738281250
1580.00001907348632812 2537.37096786499023438
1568.23492050170898438 2583.19282531738281250
1552.70452499389648438 2630.99031448364257812
1534.20362472534179688 2677.71825790405273438
1512.80517578125000000 2723.19231033325195312
1488.59357833862304688 2767.23308563232421875
1461.66439056396484375 2809.66663360595703125
1432.12394714355468750 2850.32558441162109375
1400.08878707885742188 2889.04943466186523438
1365.68536758422851562 2925.68540573120117188
1329.04949188232421875 2960.08882522583007812
1290.32564163208007812 2992.12398529052734375
1249.66669082641601562 3021.66442871093750000
1207.23304748535156250 3048.59361648559570312
1163.19236755371093750 3072.80521392822265625
1117.71821975708007812 3094.20366287231445312
1070.99027633666992188 3112.70456314086914062
1023.19288253784179688 3128.23486328125000000
974.51457977294921875 3140.73333740234375000
925.14753341674804688 3150.15058517456054688
875.28657913208007812 3156.44950866699218750
825.12855529785156250 3159.60521697998046875
774.87134933471679688 3159.60521697998046875
724.71332550048828125 3156.44950866699218750
674.85237121582031250 3150.15058517456054688
625.48532485961914062 3140.73333740234375000
576.80702209472656250 3128.23486328125000000
529.00962829589843750 3112.70456314086914062
482.28168487548828125 3094.20366287231445312
436.80753707885742188 3072.80521392822265625
392.76685714721679688 3048.59361648559570312
350.33321380615234375 3021.66442871093750000
309.67426300048828125 2992.12398529052734375
270.95041275024414062 2960.08882522583007812
234.31453704833984375 2925.68540573120117188
199.91111755371093750 2889.04943466186523438
167.87595748901367188 2850.32558441162109375
138.33551406860351562 2809.66663360595703125
111.40632629394531250 2767.23308563232421875
87.19472885131835938 2723.19231033325195312
65.79627990722656250 2677.71825790405273438
47.29537963867187500 2630.99031448364257812
31.76498413085937500 2583.19282531738281250
19.26651000976562500 2534.51452255249023438
9.84926223754882812 2485.14757156372070312
3.55033874511718750 2435.28661727905273438
0.39472579956054688 2385.12859344482421875
0.39472579956054688 2334.87138748168945312
3.55033874511718750 2284.71326828002929688
9.84926223754882812 2234.85240936279296875
19.26651000976562500 2185.48536300659179688
31.76498413085937500 2136.80706024169921875
47.29537963867187500 2089.00957107543945312
65.79627990722656250 2042.28162765502929688
87.19472885131835938 1996.80757522583007812
111.40632629394531250 1952.76679992675781250
138.33551406860351562 1910.33325195312500000
167.87595748901367188 1869.67430114746093750
199.91111755371093750 1830.95045089721679688
234.31453704833984375 1794.31447982788085938
270.95041275024414062 1759.91106033325195312
309.67426300048828125 1727.87590026855468750
350.33321380615234375 1698.33545684814453125
392.76685714721679688 1671.40636444091796875
436.80753707885742188 1647.19476699829101562
482.28168487548828125 1625.79622268676757812
529.00962829589843750 1607.29532241821289062
576.80702209472656250 1591.76502227783203125
622.62887954711914062 1580.00001907348632812
576.80702209472656250 1568.23492050170898438
529.00962829589843750 1552.70452499389648438
482.28168487548828125 1534.20362472534179688
436.80753707885742188 1512.80517578125000000
392.76685714721679688 1488.59357833862304688
350.33321380615234375 1461.66439056396484375
309.67426300048828125 1432.12394714355468750
270.95041275024414062 1400.08878707885742188
234.31453704833984375 1365.68536758422851562
199.91111755371093750 1329.04949188232421875
167.87595748901367188 1290.32564163208007812
138.33551406860351562 1249.66669082641601562
111.40632629394531250 1207.23304748535156250
87.19472885131835938 1163.19236755371093750
65.79627990722656250 1117.71821975708007812
47.29537963867187500 1070.99027633666992188
31.76498413085937500 1023.19288253784179688
19.26651000976562500 974.51457977294921875
9.84926223754882812 925.14753341674804688
3.55033874511718750 875.28657913208007812
0.39472579956054688 825.12855529785156250
0.39472579956054688 774.87134933471679688
3.55033874511718750 724.71332550048828125
9.84926223754882812 674.85237121582031250
19.26651000976562500 625.48532485961914062
31.76498413085937500 576.80702209472656250
47.29537963867187500 529.00962829589843750
65.79627990722656250 482.28168487548828125
87.19472885131835938 436.80753707885742188
111.40632629394531250 392.76685714721679688
138.33551406860351562 350.33321380615234375
167.87595748901367188 309.67426300048828125
199.91111755371093750 270.95041275024414062
234.31453704833984375 234.31453704833984375
270.95041275024414062 199.91111755371093750
309.67426300048828125 167.87595748901367188
350.33321380615234375 138.33551406860351562
392.76685714721679688 111.40632629394531250
436.80753707885742188 87.19472885131835938
482.28168487548828125 65.79627990722656250
529.00962829589843750 47.29537963867187500
576.80702209472656250 31.76498413085937500
625.48532485961914062 19.26651000976562500
674.85237121582031250 9.84926223754882812
724.71332550048828125 3.55033874511718750
774.87134933471679688 0.39472579956054688
825.12855529785156250 0.39472579956054688

[OBSTACLE]
1568.23492050170898438 1023.19288253784179688
1552.70452499389648438 1070.99027633666992188
1534.20362472534179688 1117.71821975708007812
1512.80517578125000000 1163.19236755371093750
1488.59357833862304688 1207.23304748535156250
1461.66439056396484375 1249.66669082641601562
1432.12394714355468750 1290.32564163208007812
1400.08878707885742188 1329.04949188232421875
1365.68536758422851562 1365.68536758422851562
1329.04949188232421875 1400.08878707885742188
1290.32564163208007812 1432.12394714355468750
1249.66669082641601562 1461.66439056396484375
1207.23304748535156250 1488.59357833862304688
1163.19236755371093750 1512.80517578125000000
1117.71821975708007812 1534.20362472534179688
1070.99027633666992188 1552.70452499389648438
1023.19288253784179688 1568.23492050170898438
977.37102508544921875 1580.00001907348632812
1023.19288253784179688 1591.76502227783203125
1070.99027633666992188 1607.29532241821289062
1117.71821975708007812 1625.79622268676757812
1163.19236755371093750 1647.19476699829101562
1207.23304748535156250 1671.40636444091796875
1249.66669082641601562 1698.33545684814453125
1290.32564163208007812 1727.87590026855468750
1329.04949188232421875 1759.91106033325195312
1365.68536758422851562 1794.31447982788085938
1400.08878707885742188 1830.95045089721679688
1432.12394714355468750 1869.67430114746093750
1461.66439056396484375 1910.33325195312500000
1488.59357833862304688 1952.76679992675781250
1512.80517578125000000 1996.80757522583007812
1534.20362472534179688 2042.28162765502929688
1552.70452499389648438 2089.00957107543945312
1568.23492050170898438 2136.80706024169921875
1580.00001907348632812 2182.62891769409179688
1591.76502227783203125 2136.80706024169921875
1607.29532241821289062 2089.00957107543945312
1625.79622268676757812 2042.28162765502929688
1647.19476699829101562 1996.80757522583007812
1671.40636444091796875 1952.76679992675781250
1698.33545684814453125 1910.33325195312500000
1727.87590026855468750 1869.67430114746093750
1759.91106033325195312 1830.95045089721679688
1794.31447982788085938 1794.31447982788085938
1830.95045089721679688 1759.91106033325195312
1869.67430114746093750 1727.87590026855468750
1910.33325195312500000 1698.33545684814453125
1952.76679992675781250 1671.40636444091796875
1996.80757522583007812 1647.19476699829101562
2042.28162765502929688 1625.79622268676757812
2089.00957107543945312 1607.29532241821289062
2136.80706024169921875 1591.76502227783203125
2182.62891769409179688 1580.00001907348632812
2136.80706024169921875 1568.23492050170898438
2089.00957107543945312 1552.70452499389648438
2042.28162765502929688 1534.20362472534179688
1996.80757522583007812 1512.80517578125000000
1952.76679992675781250 1488.59357833862304688
1910.33325195312500000 1461.66439056396484375
1869.67430114746093750 1432.12394714355468750
1830.95045089721679688 1400.08878707885742188
1794.31447982788085938 1365.68536758422851562
1759.91106033325195312 1329.04949188232421875
1727.87590026855468750 1290.32564163208007812
1698.33545684814453125 1249.66669082641601562
1671.40636444091796875 1207.23304748535156250
1647.19476699829101562 1163.19236755371093750
1625.79622268676757812 1117.71821975708007812
1607.29532241821289062 1070.99027633666992188
1591.76502227783203125 1023.19288253784179688
1580.00001907348632812 977.37102508544921875

[OBSTACLE]
788.23492050170887069 243.19288253784174003
772.70452499389637069 290.99027633666986503
754.20362472534168319 337.71821975708002128
732.80517578124988631 383.19236755371088066
708.59357833862293319 427.23304748535150566
681.66439056396473006 469.66669082641595878
652.12394714355457381 510.32564163208002128
620.08878707885730819 549.04949188232410506
585.68536758422840194 585.68536758422840194
549.04949188232410506 620.08878707885730819
510.32564163208002128 652.12394714355457381
469.66669082641595878 681.66439056396473006
427.23304748535150566 708.59357833862293319
383.19236755371088066 732.80517578124988631
337.71821975708002128 754.20362472534168319
290.99027633666986503 772.70452499389637069
243.19288253784174003 788.23492050170887069
197.37102508544916191 800.00001907348621444
243.19288253784174003 811.76502227783191756
290.99027633666986503 827.29532241821277694
337.71821975708002128 845.79622268676746444
383.19236755371088066 867.19476699829090194
427.23304748535150566 891.40636444091785506
469.66669082641595878 918.33545684814441756
510.32564163208002128 947.87590026855457381
549.04949188232410506 979.91106033325183944
585.68536758422840194 1014.31447982788074569
620.08878707885730819 1050.95045089721679688
652.12394714355457381 1089.67430114746093750
681.66439056396473006 1130.33325195312500000
708.59357833862293319 1172.76679992675781250
732.80517578124988631 1216.80757522583007812
754.20362472534168319 1262.28162765502929688
772.70452499389637069 1309.00957107543945312
788.23492050170887069 1356.80706024169921875
800.00001907348621444 1402.62891769409179688
811.76502227783191756 1356.80706024169921875
827.29532241821277694 1309.00957107543945312
845.79622268676746444 1262.28162765502929688
867.19476699829090194 1216.80757522583007812
891.40636444091785506 1172.76679992675781250
918.33545684814441756 1130.33325195312500000
947.87590026855457381 1089.67430114746093750
979.91106033325183944 1050.95045089721679688
1014.31447982788074569 1014.31447982788074569
1050.95045089721679688 979.91106033325183944
1089.67430114746093750 947.87590026855457381
1130.33325195312500000 918.33545684814441756
1172.76679992675781250 891.40636444091785506
1216.80757522583007812 867.19476699829090194
1262.28162765502929688 845.79622268676746444
1309.00957107543945312 827.29532241821277694
1356.80706024169921875 811.76502227783191756
1402.62891769409179688 800.00001907348621444
1356.80706024169921875 788.23492050170887069
1309.00957107543945312 772.70452499389637069
1262.28162765502929688 754.20362472534168319
1216.80757522583007812 732.80517578124988631
1172.76679992675781250 708.59357833862293319
1130.33325195312500000 681.66439056396473006
1089.67430114746093750 652.12394714355457381
1050.95045089721679688 620.08878707885730819
1014.31447982788074569 585.68536758422840194
979.91106033325183944 549.04949188232410506
947.87590026855457381 510.32564163208002128
918.33545684814441756 469.66669082641595878
891.40636444091785506 427.23304748535150566
867.19476699829090194 383.19236755371088066
845.79622268676746444 337.71821975708002128
827.29532241821277694 290.99027633666986503
811.76502227783191756 243.19288253784174003
800.00001907348621444 197.37102508544916191

[OBSTACLE]
788.23492050170887069 1803.19288253784179688
772.70452499389637069 1850.99027633666992188
754.20362472534168319 1897.71821975708007812
732.80517578124988631 1943.19236755371093750
708.59357833862293319 1987.23304748535156250
681.66439056396473006 2029.66669082641601562
652.12394714355457381 2070.32564163208007812
620.08878707885730819 2109.04949188232421875
585.68536758422840194 2145.68536758422851562
549.04949188232410506 2180.08878707885742188
510.32564163208002128 2212.12394714355468750
469.66669082641595878 2241.66439056396484375
427.23304748535150566 2268.59357833862304688
383.19236755371088066 2292.80517578125000000
337.71821975708002128 2314.20362472534179688
290.99027633666986503 2332.70452499389648438
243.19288253784174003 2348.23492050170898438
197.37102508544916191 2360.00001907348632812
243.19288253784174003 2371.76502227783203125
290.99027633666986503 2387.29532241821289062
337.71821975708002128 2405.79622268676757812
383.19236755371088066 2427.19476699829101562
427.23304748535150566 2451.40636444091796875
469.66669082641595878 2478.33545684814453125
510.32564163208002128 2507.87590026855468750
549.04949188232410506 2539.91106033325195312
585.68536758422840194 2574.31447982788085938
620.08878707885730819 2610.95045089721679688
652.12394714355457381 2649.67430114746093750
681.66439056396473006 2690.33325195312500000
708.59357833862293319 2732.76679992675781250
732.80517578124988631 2776.80757522583007812
754.20362472534168319 2822.28162765502929688
772.70452499389637069 2869.00957107543945312
788.23492050170887069 2916.80706024169921875
800.00001907348621444 2962.62891769409179688
811.76502227783191756 2916.80706024169921875
827.29532241821277694 2869.00957107543945312
845.79622268676746444 2822.28162765502929688
867.19476699829090194 2776.80757522583007812
891.40636444091785506 2732.76679992675781250
918.33545684814441756 2690.33325195312500000
947.87590026855457381 2649.67430114746093750
979.91106033325183944 2610.95045089721679688
1014.31447982788074569 2574.31447982788085938
1050.95045089721679688 2539.91106033325195312
1089.67430114746093750 2507.87590026855468750
1130.33325195312500000 2478.33545684814453125
1172.76679992675781250 2451.40636444091796875
1216.80757522583007812 2427.19476699829101562
1262.28162765502929688 2405.79622268676757812
1309.00957107543945312 2387.29532241821289062
1356.80706024169921875 2371.76502227783203125
1402.62891769409179688 2360.00001907348632812
1356.80706024169921875 2348.23492050170898438
1309.00957107543945312 2332.70452499389648438
1262.28162765502929688 2314.20362472534179688
1216.80757522583007812 2292.80517578125000000
1172.76679992675781250 2268.59357833862304688
1130.33325195312500000 2241.66439056396484375
1089.67430114746093750 2212.12394714355468750
1050.95045089721679688 2180.08878707885742188
1014.31447982788074569 2145.68536758422851562
979.91106033325183944 2109.04949188232421875
947.87590026855457381 2070.32564163208007812
918.33545684814441756 2029.66669082641601562
891.40636444091785506 1987.23304748535156250
867.19476699829090194 1943.19236755371093750
845.79622268676746444 1897.71821975708007812
827.29532241821277694 1850.99027633666992188
811.76502227783191756 1803.19288253784179688
800.00001907348621444 1757.37102508544921875

[OBSTACLE]
2348.23492050170898438 243.19288253784174003
2332.70452499389648438 290.99027633666986503
2314.20362472534179688 337.71821975708002128
2292.80517578125000000 383.19236755371088066
2268.59357833862304688 427.23304748535150566
2241.66439056396484375 469.66669082641595878
2212.12394714355468750 510.32564163208002128
2180.08878707885742188 549.04949188232410506
2145.68536758422851562 585.68536758422840194
2109.04949188232421875 620.08878707885730819
2070.32564163208007812 652.12394714355457381
2029.66669082641601562 681.66439056396473006
1987.23304748535156250 708.59357833862293319
1943.19236755371093750 732.80517578124988631
1897.71821975708007812 754.20362472534168319
1850.99027633666992188 772.70452499389637069
1803.19288253784179688 788.23492050170887069
1757.37102508544921875 800.00001907348621444
1803.19288253784179688 811.76502227783191756
1850.99027633666992188 827.29532241821277694
1897.71821975708007812 845.79622268676746444
1943.19236755371093750 867.19476699829090194
1987.23304748535156250 891.40636444091785506
2029.66669082641601562 918.33545684814441756
2070.32564163208007812 947.87590026855457381
2109.04949188232421875 979.91106033325183944
2145.68536758422851562 1014.31447982788074569
2180.08878707885742188 1050.95045089721679688
2212.12394714355468750 1089.67430114746093750
2241.66439056396484375 1130.33325195312500000
2268.59357833862304688 1172.76679992675781250
2292.80517578125000000 1216.80757522583007812
2314.20362472534179688 1262.28162765502929688
2332.70452499389648438 1309.00957107543945312
2348.23492050170898438 1356.80706024169921875
2360.00001907348632812 1402.62891769409179688
2371.76502227783203125 1356.80706024169921875
2387.29532241821289062 1309.00957107543945312
2405.79622268676757812 1262.28162765502929688
2427.19476699829101562 1216.80757522583007812
2451.40636444091796875 1172.76679992675781250
2478.33545684814453125 1130.33325195312500000
2507.87590026855468750 1089.67430114746093750
2539.91106033325195312 1050.95045089721679688
2574.31447982788085938 1014.31447982788074569
2610.95045089721679688 979.91106033325183944
2649.67430114746093750 947.87590026855457381
2690.33325195312500000 918.33545684814441756
2732.76679992675781250 891.40636444091785506
2776.80757522583007812 867.19476699829090194
2822.28162765502929688 845.79622268676746444
2869.00957107543945312 827.29532241821277694
2916.80706024169921875 811.76502227783191756
2962.62891769409179688 800.00001907348621444
2916.80706024169921875 788.23492050170887069
2869.00957107543945312 772.70452499389637069
2822.28162765502929688 754.20362472534168319
2776.80757522583007812 732.80517578124988631
2732.76679992675781250 708.59357833862293319
2690.33325195312500000 681.66439056396473006
2649.67430114746093750 652.12394714355457381
2610.95045089721679688 620.08878707885730819
2574.31447982788085938 585.68536758422840194
2539.91106033325195312 549.04949188232410506
2507.87590026855468750 510.32564163208002128
2478.33545684814453125 469.66669082641595878
2451.40636444091796875 427.23304748535150566
2427.19476699829101562 383.19236755371088066
2405.79622268676757812 337.71821975708002128
2387.29532241821289062 290.99027633666986503
2371.76502227783203125 243.19288253784174003
2360.00001907348632812 197.37102508544916191

[OBSTACLE]
2348.23492050170898438 1803.19288253784179688
2332.70452499389648438 1850.99027633666992188
2314.20362472534179688 1897.71821975708007812
2292.80517578125000000 1943.19236755371093750
2268.59357833862304688 1987.23304748535156250
2241.66439056396484375 2029.66669082641601562
2212.12394714355468750 2070.32564163208007812
2180.08878707885742188 2109.04949188232421875
2145.68536758422851562 2145.68536758422851562
2109.04949188232421875 2180.08878707885742188
2070.32564163208007812 2212.12394714355468750
2029.66669082641601562 2241.66439056396484375
1987.23304748535156250 2268.59357833862304688
1943.19236755371093750 2292.80517578125000000
1897.71821975708007812 2314.20362472534179688
1850.99027633666992188 2332.70452499389648438
1803.19288253784179688 2348.23492050170898438
1757.37102508544921875 2360.00001907348632812
1803.19288253784179688 2371.76502227783203125
1850.99027633666992188 2387.29532241821289062
1897.71821975708007812 2405.79622268676757812
1943.19236755371093750 2427.19476699829101562
1987.23304748535156250 2451.40636444091796875
2029.66669082641601562 2478.33545684814453125
2070.32564163208007812 2507.87590026855468750
2109.04949188232421875 2539.91106033325195312
2145.68536758422851562 2574.31447982788085938
2180.08878707885742188 2610.95045089721679688
2212.12394714355468750 2649.67430114746093750
2241.66439056396484375 2690.33325195312500000
2268.59357833862304688 2732.76679992675781250
2292.80517578125000000 2776.80757522583007812
2314.20362472534179688 2822.28162765502929688
2332.70452499389648438 2869.00957107543945312
2348.23492050170898438 2916.80706024169921875
2360.00001907348632812 2962.62891769409179688
2371.76502227783203125 2916.80706024169921875
2387.29532241821289062 2869.00957107543945312
2405.79622268676757812 2822.28162765502929688
2427.19476699829101562 2776.80757522583007812
2451.40636444091796875 2732.76679992675781250
2478.33545684814453125 2690.33325195312500000
2507.87590026855468750 2649.67430114746093750
2539.91106033325195312 2610.95045089721679688
2574.31447982788085938 2574.31447982788085938
2610.95045089721679688 2539.91106033325195312
2649.67430114746093750 2507.87590026855468750
2690.33325195312500000 2478.33545684814453125
2732.76679992675781250 2451.40636444091796875
2776.80757522583007812 2427.19476699829101562
2822.28162765502929688 2405.79622268676757812
2869.00957107543945312 2387.29532241821289062
2916.80706024169921875 2371.76502227783203125
2962.62891769409179688 2360.00001907348632812
2916.80706024169921875 2348.23492050170898438
2869.00957107543945312 2332.70452499389648438
2822.28162765502929688 2314.20362472534179688
2776.80757522583007812 2292.80517578125000000
2732.76679992675781250 2268.59357833862304688
2690.33325195312500000 2241.66439056396484375
2649.67430114746093750 2212.12394714355468750
2610.95045089721679688 2180.08878707885742188
2574.31447982788085938 2145.68536758422851562
2539.91106033325195312 2109.04949188232421875
2507.87590026855468750 2070.32564163208007812
2478.33545684814453125 2029.66669082641601562
2451.40636444091796875 1987.23304748535156250
2427.19476699829101562 1943.19236755371093750
2405.79622268676757812 1897.71821975708007812
2387.29532241821289062 1850.99027633666992188
2371.76502227783203125 1803.19288253784179688
2360.00001907348632812 1757.37102508544921875
