[SCALE]
0.016

[BORDER]
0 0
2000 0
2000 2000
0 2000

[OBSTACLE]
324.667 190
315.786 145.354
290.496 107.504
252.646 82.2141
208 73.3333
163.354 82.2141
125.504 107.504
100.214 145.354
91.3333 190
100.214 234.646
125.504 272.496
163.354 297.786
208 306.667
252.646 297.786
290.496 272.496
315.786 234.646

[OBSTACLE]
621.333 1073.33
612.453 1028.69
587.162 990.838
549.313 965.547
504.667 956.667
460.02 965.547
422.171 990.838
396.881 1028.69
388 1073.33
396.881 1117.98
422.171 1155.83
460.02 1181.12
504.667 1190
549.313 1181.12
587.162 1155.83
612.453 1117.98

[OBSTACLE]
998 1500
989.119 1455.35
963.829 1417.5
925.98 1392.21
881.333 1383.33
836.687 1392.21
798.838 1417.5
773.547 1455.35
764.667 1500
773.547 1544.65
798.838 1582.5
836.687 1607.79
881.333 1616.67
925.98 1607.79
963.829 1582.5
989.119 1544.65

[OBSTACLE]
130 1860
350 1860
350 1640
130 1640

[OBSTACLE]
1549.78 1719.78
1790.44 1720.89
1669.11 1928.67

[OBSTACLE]
306.667 1193.33
66 1192.22
187.333 984.444

[OBSTACLE]
660.667 78.8889
901.333 80
780 287.778

[OBSTACLE]
74.6667 390
315.333 391.111
194 598.889

[OBSTACLE]
708 1723.33
948.667 1724.44
827.333 1932.22

[OBSTACLE]
1701.33 300
1921.33 300
1921.33 80
1701.33 80

[OBSTACLE]
933.556 345.778
1174.22 346.889
1052.89 554.667

[OBSTACLE]
381.333 330
601.333 330
601.333 110
381.333 110

[OBSTACLE]
258.444 616.667
399.778 475.333
541.333 616.667
399.778 758

[OBSTACLE]
1541.33 1246.67
1682.67 1105.33
1824.22 1246.67
1682.67 1388

[OBSTACLE]
1703.33 952.889
1944 954
1822.67 1161.78

[OBSTACLE]
611.333 760
852 761.111
730.667 968.889

[OBSTACLE]
1272 1617.78
1031.33 1616.67
1152.67 1408.89

[OBSTACLE]
1185.33 894.444
944.667 893.333
1066 685.556

[OBSTACLE]
1136.67 1204.67
1278 1063.33
1419.56 1204.67
1278 1346

[OBSTACLE]
1314.67 980
1534.67 980
1534.67 760
1314.67 760