[INFO]
FORMAT=MAP_POINTS
NAME=../data/agp.bp.m7/src/jh-m7-fil_rel5.txt
VERSION=1.0
COMMENT=Load from simple-txt file '../bp/maps/JH/jari-huge-V-m7.txt'
COMMENT=Map has been check from file '../bp/maps/JH/jari-huge-V-m7.txt' by the tmap_convert.cc version 0.5
COMMENT=Filtered map by relevance filter from file 'jari-huge-V-m7.txt' with max relevance 5.31853

[MAP_POINTS]
0 2068.84 23
1 2071.99 399.851
2 1853.03 405.067
3 1853.05 425.95
4 2068.84 428
5 2071.97 545.877
6 1815.14 548.988
7 1809.92 402.025
8 1789.05 402.05
9 1789.05 712.95
10 1809.95 712.95
11 1812 577.161
12 2068.86 574.012
13 2071.99 899.853
14 1815.14 902.988
15 1809.92 764.024
16 1789.05 764.05
17 1789.05 1075.95
18 1809.95 1075.95
19 1812 931.161
20 2068.86 928.012
21 2071.99 1288.85
22 1813.14 1291.99
23 1807.92 1145.03
24 1786.05 1145.05
25 1786.05 1455.95
26 1807.95 1455.95
27 1810 1320.16
28 2068.86 1317.01
29 2071.99 1642.85
30 1813.14 1645.99
31 1807.92 1507.02
32 1786.05 1507.05
33 1786.05 1817.95
34 1807.95 1817.95
35 1810 1674.16
36 2068.86 1671.01
37 2071.99 1889.86
38 1802.04 1895.06
39 1802.05 1916.95
40 2068.84 1919
41 2071.99 2329.85
42 1882.14 2332.98
43 1879.01 2076.14
44 2025.97 2070.92
45 2025.95 2050.05
46 1714.05 2050.05
47 1714.05 2070.95
48 1849.84 2073
49 1852.99 2329.86
50 1528.15 2332.99
51 1525.01 2076.14
52 1663.98 2070.92
53 1663.95 2050.05
54 1352.05 2050.05
55 1352.05 2070.95
56 1495.84 2073
57 1498.99 2329.86
58 1139.15 2332.99
59 1136.01 2074.14
60 1282.97 2068.92
61 1282.95 2047.05
62 972.05 2047.05
63 972.05 2068.95
64 1107.84 2071
65 1110.99 2329.86
66 785.147 2332.99
67 782.012 2074.14
68 920.976 2068.92
69 920.95 2047.05
70 610.05 2047.05
71 610.05 2068.95
72 753.839 2071
73 756.988 2329.86
74 636.124 2332.97
75 630.931 2138.03
76 610.05 2138.05
77 608 2329.84
78 26.153 2332.99
79 23.0136 2105.14
80 281.857 2102.01
81 287.077 2241.98
82 308.95 2241.95
83 308.95 1930.05
84 287.05 1930.05
85 285 2073.84
86 26.1433 2076.99
87 23.0091 1733.15
88 281.857 1730.01
89 287.075 1879.97
90 308.95 1879.95
91 308.95 1568.05
92 287.05 1568.05
93 285 1700.84
94 26.1433 1703.99
95 23.0089 1352.15
96 281.857 1349.01
97 287.075 1495.97
98 308.95 1495.95
99 308.95 1185.05
100 287.05 1185.05
101 285 1320.84
102 26.1433 1323.99
103 23.0096 998.149
104 281.855 995.012
105 287.077 1133.98
106 308.95 1133.95
107 308.95 823.05
108 287.05 823.05
109 285 966.838
110 26.1449 969.988
111 23.0087 609.15
112 284.855 606.012
113 290.075 752.975
114 310.95 752.95
115 310.95 442.05
116 290.05 442.05
117 288 577.838
118 26.1451 580.988
119 23.0096 255.149
120 284.855 252.012
121 290.077 390.976
122 310.95 390.95
123 310.95 80.0503
124 290.05 80.0503
125 288 223.838
126 26.1451 226.988
127 23.0204 23.8791
128 1433 1017
129 1435.05 1021.95
130 1484.95 1021.95
131 1484.95 884.05
132 1435.05 884.05
133 1433 889
134 1430 1209
135 1432.05 1213.95
136 1482.95 1213.95
137 1482.95 1076.05
138 1432.05 1076.05
139 1430 1081
140 1422 772
141 1424.05 776.95
142 1474.95 776.95
143 1474.95 639.05
144 1424.05 639.05
145 1422 644
146 943 445
147 945.05 449.95
148 1351.95 449.95
149 1351.95 429.05
150 945.05 429.05
151 943 434
152 1231 1214
153 1233.05 1218.95
154 1282.95 1218.95
155 1282.95 1081.05
156 1233.05 1081.05
157 1231 1086
158 1228 770
159 1230.05 774.95
160 1279.95 774.95
161 1279.95 636.05
162 1230.05 636.05
163 1228 641
164 1228 996
165 1230.05 1000.95
166 1279.95 1000.95
167 1279.95 863.05
168 1230.05 863.05
169 1228 868
170 1028 772
171 1030.05 776.95
172 1080.95 776.95
173 1080.95 639.05
174 1030.05 639.05
175 1028 644
176 546 591
177 569.95 595.95
178 572 460.162
179 814.856 457.013
180 817.99 782.852
181 575.144 785.987
182 569.923 647.024
183 548.05 647.05
184 548.05 957.95
185 569.95 957.95
186 572 814.162
187 814.856 811.013
188 817.991 1171.85
189 572.142 1174.99
190 566.925 1028.03
191 546.05 1028.05
192 546.05 1338.95
193 566.95 1338.95
194 569 1203.16
195 814.858 1200.01
196 817.99 1525.85
197 572.142 1528.99
198 566.923 1390.02
199 546.05 1390.05
200 546.05 1716.95
201 752.95 1716.95
202 752.95 1696.05
203 572.161 1694
204 569.022 1557.13
205 814.858 1554.01
206 820.075 1703.97
207 840.95 1703.95
208 840.95 434.05
209 575.162 432
210 569.925 285.025
211 546 290

[MAP_BORDER]
0
1
2
3
4
5
6
7
8
9
10
11
12
13
14
15
16
17
18
19
20
21
22
23
24
25
26
27
28
29
30
31
32
33
34
35
36
37
38
39
40
41
42
43
44
45
46
47
48
49
50
51
52
53
54
55
56
57
58
59
60
61
62
63
64
65
66
67
68
69
70
71
72
73
74
75
76
77
78
79
80
81
82
83
84
85
86
87
88
89
90
91
92
93
94
95
96
97
98
99
100
101
102
103
104
105
106
107
108
109
110
111
112
113
114
115
116
117
118
119
120
121
122
123
124
125
126
127

[MAP_OBSTACLE]
128
129
130
131
132
133

[MAP_OBSTACLE]
134
135
136
137
138
139

[MAP_OBSTACLE]
140
141
142
143
144
145

[MAP_OBSTACLE]
146
147
148
149
150
151

[MAP_OBSTACLE]
152
153
154
155
156
157

[MAP_OBSTACLE]
158
159
160
161
162
163

[MAP_OBSTACLE]
164
165
166
167
168
169

[MAP_OBSTACLE]
170
171
172
173
174
175

[MAP_OBSTACLE]
176
177
178
179
180
181
182
183
184
185
186
187
188
189
190
191
192
193
194
195
196
197
198
199
200
201
202
203
204
205
206
207
208
209
210
211

