[INFO]
FORMAT=MAP_POINTS
NAME=../data/agp.bp.m7/src/pb-m7-fil_rel5.txt
VERSION=1.0
COMMENT=Load from simple-txt file '../bp/maps/PB/PhysicalBuildingResize-V-m7.txt'
COMMENT=Map has been check from file '../bp/maps/PB/PhysicalBuildingResize-V-m7.txt' by the tmap_convert.cc version 0.5
COMMENT=Filtered map by relevance filter from file 'PhysicalBuildingResize-V-m7.txt' with max relevance 3.98402

[MAP_POINTS]
0 2322.39 12965.1
1 2288.33 12456.8
2 2299.95 12439
3 2360.01 12434.7
4 2291.03 10810.4
5 540.238 10804.9
6 535.747 10576.4
7 829.245 10571.2
8 830.304 10182.9
9 82.7525 10182.4
10 83.2059 9469.4
11 830.635 9457.05
12 828.862 8860.07
13 962.739 8853.82
14 949.388 5720.38
15 678.35 5717.83
16 676.76 5509.47
17 4826.24 5496.68
18 4824.46 3548.35
19 5030.71 3546.76
20 5043.45 7974.43
21 6141.63 7977.26
22 6265.74 7851.23
23 6711.37 7850.35
24 6813.96 7977.14
25 8516.71 7974.89
26 8516.21 7482.77
27 8887.06 7472.93
28 8883.9 6252.87
29 9206.08 6257.1
30 9230.28 10686.7
31 9365.08 10679.6
32 9367 10453.4
33 9566.11 10451.7
34 9572.24 10674.5
35 13411.6 10693.1
36 13416.6 10914.6
37 9211.84 10915.1
38 9214.24 13384
39 7709.15 13394.9
40 7706.34 13169.3
41 8155.72 13164.4
42 8154.1 12298.9
43 4550.4 12303.2
44 4549.86 13161.5
45 5642.1 13165.6
46 5643 13379.9
47 4551.4 13386.4
48 4550.34 14033.9
49 4339.74 14028.6
50 4333.45 12061.1
51 4833.98 12065.7
52 4828.38 10803.6
53 2511.06 10810
54 2574.47 12465.3
55 2692.49 12465.5
56 2735.34 12982.1
57 2678.16 13018.2
58 2697.65 13341.1
59 2413.46 13343.7
60 2393.01 13126.7
61 2327.72 13112.4
62 2325.57 12967.5
63 5044.66 12056.3
64 8524.86 12058.8
65 8527.17 11449.8
66 8891.29 11436.6
67 8883.56 8210.3
68 4803.67 8206.8
69 4807.88 9454.79
70 5142.31 9457.3
71 5142.58 9675.91
72 4804.57 9682.52
73 4805.94 10564.7
74 5153.18 10567.3
75 5150.82 10802.1
76 5047.99 10810
77 2575 9462.14
78 4460.69 9459.52
79 4459.62 8831.64
80 4339.14 8824.67
81 4331.4 7978.81
82 4830.87 7974.37
83 4822.98 5720.38
84 1165.78 5726.15
85 1183.28 9461.93
86 1224.78 10574.8
87 4332.33 10568.3
88 4326.72 9684.31
89 1174.54 9691.6
90 1176.32 10568.2
91 1180.82 10570.5

[MAP_BORDER]
0
1
2
3
4
5
6
7
8
9
10
11
12
13
14
15
16
17
18
19
20
21
22
23
24
25
26
27
28
29
30
31
32
33
34
35
36
37
38
39
40
41
42
43
44
45
46
47
48
49
50
51
52
53
54
55
56
57
58
59
60
61
62

[MAP_OBSTACLE]
63
64
65
66
67
68
69
70
71
72
73
74
75
76

[MAP_OBSTACLE]
77
78
79
80
81
82
83
84
85

[MAP_OBSTACLE]
86
87
88
89
90
91

