[INFO]
FORMAT=MAP_POINTS
NAME=
VERSION=1.0
COMMENT=Load from simple-txt file 'potholes/potholes.txt'
COMMENT=Created from file 'potholes/potholes.txt' by program ./tmap_convert version 0.4
COMMENT=Collinear points has been removed by the 'tmap_convert.cc' ver. 0.5
COMMENT=Created from file '../data/planning/maps/potholes/potholes.map' by program ./tmap_convert version 0.5
COMMENT=Convex partition created by map_partition.cc
COMMENT=visibility graphs created by tvisibility.cc
COMMENT=Triangular mesh created from map '../data/maps/potholes/potholes-part-vis.txt', poly 'potholes-part-vis-trimesh/potholes-part-vis.poly' and 'potholes-part-vis-trimesh/potholes-part-vis.1'
COMMENT=Triangular mesh 'Generated by triangle -q32.5 -a5372 potholes-part-vis.poly'

[MAP_POINTS]
0 0 0
1 2000 0
2 2000 2000
3 0 2000
4 480 640
5 430 560
6 490 540
7 570 550
8 580 610
9 560 660
10 500 660
11 1300 1150
12 1250 1070
13 1280 1020
14 1340 1030
15 1460 1070
16 1400 1120
17 1400 1180
18 1340 1200
19 1280 1190
20 390 1440
21 410 1370
22 470 1390
23 450 1440
24 490 1500
25 420 1530
26 370 1490
27 1010 1790
28 980 1730
29 1010 1680
30 1080 1660
31 1100 1680
32 1090 1740
33 1120 1790
34 1060 1810
35 1040 1820
36 750 1120
37 800 1060
38 860 1060
39 920 1130
40 850 1170
41 810 1200
42 1200 590
43 1140 500
44 1200 470
45 1280 500
46 1290 590
47 1210 640
48 1740 590
49 1710 520
50 1790 490
51 1830 510
52 1790 560
53 1790 630
54 1720 650
55 860 820
56 840 760
57 890 710
58 960 690
59 970 740
60 910 790
61 170 1000
62 160 920
63 230 900
64 340 900
65 350 980
66 290 1010
67 200 1050
68 1490 1580
69 1430 1530
70 1470 1470
71 1520 1480
72 1610 1470
73 1600 1510
74 1570 1580
75 1520 1570
76 1060 1460
77 980 1410
78 1000 1360
79 1070 1350
80 1160 1380
81 1150 1440
82 1100 1450
83 700 1590
84 650 1520
85 680 1470
86 780 1450
87 850 1460
88 830 1520
89 770 1540
90 750 1590
91 1470 510
92 1430 460
93 1470 410
94 1550 390
95 1560 440
96 1520 500
97 1480 550
98 1380 170
99 1350 100
100 1420 80
101 1480 100
102 1460 190
103 1710 340
104 1660 280
105 1650 210
106 1710 200
107 1800 230
108 1750 340
109 680 1850
110 630 1790
111 640 1730
112 710 1710
113 800 1780
114 780 1850
115 730 250
116 790 300
117 890 250
118 850 200
119 720 180
120 130 1850
121 70 1780
122 100 1690
123 200 1700
124 270 1790
125 1720 1150
126 1630 1100
127 1650 1040
128 1720 980
129 1810 1020
130 1810 1090
131 1330 870
132 1310 790
133 1360 740
134 1440 750
135 1510 820
136 190 600
137 140 570
138 100 490
139 190 410
140 320 450
141 250 510
142 500 1160
143 520 970
144 550 980
145 540 1140
146 430 240
147 400 160
148 420 120
149 480 120
150 530 210
151 510 290
152 450 270

[MAP_BORDER]
0
1
2
3

[MAP_OBSTACLE]
10
9
8
7
6
5
4

[MAP_OBSTACLE]
19
18
17
16
15
14
13
12
11

[MAP_OBSTACLE]
26
25
24
23
22
21
20

[MAP_OBSTACLE]
35
34
33
32
31
30
29
28
27

[MAP_OBSTACLE]
41
40
39
38
37
36

[MAP_OBSTACLE]
47
46
45
44
43
42

[MAP_OBSTACLE]
54
53
52
51
50
49
48

[MAP_OBSTACLE]
60
59
58
57
56
55

[MAP_OBSTACLE]
67
66
65
64
63
62
61

[MAP_OBSTACLE]
75
74
73
72
71
70
69
68

[MAP_OBSTACLE]
82
81
80
79
78
77
76

[MAP_OBSTACLE]
90
89
88
87
86
85
84
83

[MAP_OBSTACLE]
97
96
95
94
93
92
91

[MAP_OBSTACLE]
102
101
100
99
98

[MAP_OBSTACLE]
108
107
106
105
104
103

[MAP_OBSTACLE]
114
113
112
111
110
109

[MAP_OBSTACLE]
115
116
117
118
119

[MAP_OBSTACLE]
124
123
122
121
120

[MAP_OBSTACLE]
130
129
128
127
126
125

[MAP_OBSTACLE]
135
134
133
132
131

[MAP_OBSTACLE]
141
140
139
138
137
136

[MAP_OBSTACLE]
145
144
143
142

[MAP_OBSTACLE]
152
151
150
149
148
147
146


[MAP_CONVEX_REGION]
REGION_LABEL 0
0
1
100
149
148

[MAP_CONVEX_REGION]
REGION_LABEL 1
0
148
147
139
138

[MAP_CONVEX_REGION]
REGION_LABEL 2
0
138
121
3

[MAP_CONVEX_REGION]
REGION_LABEL 3
1
2
130
129
51

[MAP_CONVEX_REGION]
REGION_LABEL 4
1
51
50
108
107

[MAP_CONVEX_REGION]
REGION_LABEL 5
1
107
106
101

[MAP_CONVEX_REGION]
REGION_LABEL 6
1
101
100

[MAP_CONVEX_REGION]
REGION_LABEL 7
2
3
114
35

[MAP_CONVEX_REGION]
REGION_LABEL 8
2
35
34
33

[MAP_CONVEX_REGION]
REGION_LABEL 9
2
33
68
75
74

[MAP_CONVEX_REGION]
REGION_LABEL 10
2
74
73

[MAP_CONVEX_REGION]
REGION_LABEL 11
2
73
72
125
130

[MAP_CONVEX_REGION]
REGION_LABEL 12
3
121
120

[MAP_CONVEX_REGION]
REGION_LABEL 13
3
120
124
110
109

[MAP_CONVEX_REGION]
REGION_LABEL 14
3
109
114

[MAP_CONVEX_REGION]
REGION_LABEL 15
10
9
143
64

[MAP_CONVEX_REGION]
REGION_LABEL 16
10
64
63
136
4

[MAP_CONVEX_REGION]
REGION_LABEL 17
9
8
56
55
144
143

[MAP_CONVEX_REGION]
REGION_LABEL 18
8
7
116
57
56

[MAP_CONVEX_REGION]
REGION_LABEL 19
7
6
151
150
115
116

[MAP_CONVEX_REGION]
REGION_LABEL 20
6
5
140
152
151

[MAP_CONVEX_REGION]
REGION_LABEL 21
5
4
136
141
140

[MAP_CONVEX_REGION]
REGION_LABEL 22
19
18
80
79

[MAP_CONVEX_REGION]
REGION_LABEL 23
19
79
78
39
60
12
11

[MAP_CONVEX_REGION]
REGION_LABEL 24
18
17
70
69
81
80

[MAP_CONVEX_REGION]
REGION_LABEL 25
17
16
15
126
125
72
71
70

[MAP_CONVEX_REGION]
REGION_LABEL 26
15
14
131
135
127
126

[MAP_CONVEX_REGION]
REGION_LABEL 27
14
13
131

[MAP_CONVEX_REGION]
REGION_LABEL 28
13
12
60
59
131

[MAP_CONVEX_REGION]
REGION_LABEL 29
26
25
123
122

[MAP_CONVEX_REGION]
REGION_LABEL 30
26
122
67
21
20

[MAP_CONVEX_REGION]
REGION_LABEL 31
25
24
84
83
111
124
123

[MAP_CONVEX_REGION]
REGION_LABEL 32
24
23
22
85
84

[MAP_CONVEX_REGION]
REGION_LABEL 33
22
21
142
145

[MAP_CONVEX_REGION]
REGION_LABEL 34
22
145
85

[MAP_CONVEX_REGION]
REGION_LABEL 35
21
67
66
142

[MAP_CONVEX_REGION]
REGION_LABEL 36
35
114
113
27

[MAP_CONVEX_REGION]
REGION_LABEL 37
33
32
31
69
68

[MAP_CONVEX_REGION]
REGION_LABEL 38
31
30
81
69

[MAP_CONVEX_REGION]
REGION_LABEL 39
30
29
76
82
81

[MAP_CONVEX_REGION]
REGION_LABEL 40
29
28
88
87
77
76

[MAP_CONVEX_REGION]
REGION_LABEL 41
28
27
113
112
90
89
88

[MAP_CONVEX_REGION]
REGION_LABEL 42
41
40
39
78
77
87
86

[MAP_CONVEX_REGION]
REGION_LABEL 43
41
86
85
145
144
36

[MAP_CONVEX_REGION]
REGION_LABEL 44
39
38
60

[MAP_CONVEX_REGION]
REGION_LABEL 45
38
37
55
60

[MAP_CONVEX_REGION]
REGION_LABEL 46
37
36
144
55

[MAP_CONVEX_REGION]
REGION_LABEL 47
47
46
133
132

[MAP_CONVEX_REGION]
REGION_LABEL 48
47
132
131
59
58

[MAP_CONVEX_REGION]
REGION_LABEL 49
47
58
116
117
43
42

[MAP_CONVEX_REGION]
REGION_LABEL 50
46
45
92
91
97
133

[MAP_CONVEX_REGION]
REGION_LABEL 51
45
44
98
102
93
92

[MAP_CONVEX_REGION]
REGION_LABEL 52
44
43
117
118
99
98

[MAP_CONVEX_REGION]
REGION_LABEL 53
54
53
129
128
135
134

[MAP_CONVEX_REGION]
REGION_LABEL 54
54
134
133
97
96
49
48

[MAP_CONVEX_REGION]
REGION_LABEL 55
53
52
51
129

[MAP_CONVEX_REGION]
REGION_LABEL 56
50
49
96
95
103
108

[MAP_CONVEX_REGION]
REGION_LABEL 57
58
57
116

[MAP_CONVEX_REGION]
REGION_LABEL 58
67
122
61

[MAP_CONVEX_REGION]
REGION_LABEL 59
66
65
142

[MAP_CONVEX_REGION]
REGION_LABEL 60
65
64
143
142

[MAP_CONVEX_REGION]
REGION_LABEL 61
63
62
137
136

[MAP_CONVEX_REGION]
REGION_LABEL 62
62
61
122
121
138

[MAP_CONVEX_REGION]
REGION_LABEL 63
62
138
137

[MAP_CONVEX_REGION]
REGION_LABEL 64
90
112
111
83

[MAP_CONVEX_REGION]
REGION_LABEL 65
95
94
103

[MAP_CONVEX_REGION]
REGION_LABEL 66
94
93
102
104
103

[MAP_CONVEX_REGION]
REGION_LABEL 67
102
101
105
104

[MAP_CONVEX_REGION]
REGION_LABEL 68
101
106
105

[MAP_CONVEX_REGION]
REGION_LABEL 69
100
99
118
119
149

[MAP_CONVEX_REGION]
REGION_LABEL 70
111
110
124

[MAP_CONVEX_REGION]
REGION_LABEL 71
115
150
149
119

[MAP_CONVEX_REGION]
REGION_LABEL 72
128
127
135

[MAP_CONVEX_REGION]
REGION_LABEL 73
140
139
146
152

[MAP_CONVEX_REGION]
REGION_LABEL 74
139
147
146

[MAP_VISIBILITY_GRAPH]
MAP_VERTEX 0
1
100
99
98
102
104
103
118
149
148
147
146
152
132
131
126
58
57
56
55
7
6
5
4
140
139
138
62
61
124
123
122
121
3

[MAP_VISIBILITY_GRAPH]
MAP_VERTEX 1
2
130
129
128
51
50
49
135
108
107
106
105
44
43
64
63
62
9
8
7
6
5
102
101
100
149
148
0

[MAP_VISIBILITY_GRAPH]
MAP_VERTEX 2
120
109
114
113
35
34
33
32
31
30
89
88
87
67
142
76
82
81
80
39
68
75
74
73
72
17
16
15
135
126
125
130
129
53
52
51
107
1
3

[MAP_VISIBILITY_GRAPH]
MAP_VERTEX 3
0
138
137
136
62
61
67
66
121
120
124
84
83
90
76
82
81
111
110
109
114
35
2

[MAP_VISIBILITY_GRAPH]
MAP_VERTEX 4
136
141
140
0
5
10
80
38
37
36
29
28
87
86
85
144
143
142
24
22
21
20
26
124
123
122
65
64
63
62

[MAP_VISIBILITY_GRAPH]
MAP_VERTEX 5
141
140
0
147
146
152
151
119
115
116
117
99
98
102
1
6
4
36
29
28
87
86
144
143
142
24
22
21
20
26
124
65
64
63
62
136

[MAP_VISIBILITY_GRAPH]
MAP_VERTEX 6
141
140
0
147
146
152
151
150
119
115
116
117
99
98
102
1
105
104
103
108
94
93
44
43
42
7
5
136

[MAP_VISIBILITY_GRAPH]
MAP_VERTEX 7
6
140
0
146
152
151
150
119
115
116
117
99
98
102
1
105
104
103
108
94
93
44
43
42
47
134
133
132
58
57
56
55
71
70
69
80
79
39
38
37
36
87
86
8

[MAP_VISIBILITY_GRAPH]
MAP_VERTEX 8
7
150
119
115
116
117
99
98
102
1
105
104
103
108
94
44
43
42
47
134
133
58
57
56
55
19
72
71
70
69
80
79
39
38
37
36
87
86
85
84
111
110
145
144
143
21
20
26
124
123
9

[MAP_VISIBILITY_GRAPH]
MAP_VERTEX 9
8
115
116
117
99
98
102
1
105
104
44
43
42
47
54
58
57
56
55
12
11
19
72
71
70
69
80
39
38
37
36
28
87
86
85
84
111
110
144
143
21
20
26
124
123
122
65
64
63
62
10

[MAP_VISIBILITY_GRAPH]
MAP_VERTEX 10
136
141
4
9
58
57
56
55
13
12
11
19
72
71
70
69
80
38
37
36
29
28
87
86
85
84
144
143
142
24
22
21
20
26
124
123
122
65
64
63
62

[MAP_VISIBILITY_GRAPH]
MAP_VERTEX 11
39
38
144
143
64
136
141
10
9
55
60
59
58
115
12
19
81
80
79
78
87
86
85
123
122
24
23
22
21
41
40

[MAP_VISIBILITY_GRAPH]
MAP_VERTEX 12
38
144
143
64
136
10
9
55
60
59
58
115
116
117
43
42
47
46
99
98
132
131
13
11
19
33
32
31
81
80
79
78
111
88
87
86
85
123
24
23
22
21
41
40
39

[MAP_VISIBILITY_GRAPH]
MAP_VERTEX 13
144
143
64
136
10
55
60
59
58
150
149
115
116
117
43
42
47
46
99
98
132
131
135
54
53
128
127
14
12
79
78
112
88
87
86
85
123
24
23
22
21
41
40
39
38
37

[MAP_VISIBILITY_GRAPH]
MAP_VERTEX 14
13
136
55
60
59
58
150
149
115
116
117
43
47
132
131
135
48
54
53
128
127
126
125
15

[MAP_VISIBILITY_GRAPH]
MAP_VERTEX 15
14
136
55
60
59
58
152
151
150
149
115
116
117
131
135
105
104
103
108
107
49
48
54
53
128
127
126
125
2
72
71
70
69
33
17
16

[MAP_VISIBILITY_GRAPH]
MAP_VERTEX 16
15
128
127
126
125
2
72
71
70
69
17

[MAP_VISIBILITY_GRAPH]
MAP_VERTEX 17
16
15
48
54
53
128
127
126
125
2
72
71
70
69
33
32
31
30
29
114
81
80
79
78
86
85
122
25
24
18

[MAP_VISIBILITY_GRAPH]
MAP_VERTEX 18
40
19
17
125
72
71
70
69
33
32
31
30
29
81
80
79
78
86
85
122
25
24
23
22
21
41

[MAP_VISIBILITY_GRAPH]
MAP_VERTEX 19
40
39
38
136
141
10
9
8
55
60
59
58
115
116
117
12
11
18
72
71
70
69
33
32
31
30
81
80
79
78
86
85
122
25
24
23
22
21
41

[MAP_VISIBILITY_GRAPH]
MAP_VERTEX 20
61
67
66
65
140
147
146
5
4
10
9
8
119
143
21
26
123
122

[MAP_VISIBILITY_GRAPH]
MAP_VERTEX 21
67
66
65
64
140
147
146
5
4
10
9
8
119
143
142
145
56
55
60
59
42
47
46
91
37
36
41
13
12
11
19
18
125
79
78
77
76
69
68
87
86
22
20
26
123
122

[MAP_VISIBILITY_GRAPH]
MAP_VERTEX 22
21
67
66
65
64
141
140
147
5
4
10
143
142
145
116
117
56
55
60
59
42
47
37
36
41
135
13
12
11
19
18
125
79
78
77
76
69
87
86
85
84
83
113
112
111
110
24
23

[MAP_VISIBILITY_GRAPH]
MAP_VERTEX 23
22
56
55
60
59
42
37
36
41
39
131
135
13
12
11
19
18
125
78
77
86
85
84
83
27
35
113
112
24

[MAP_VISIBILITY_GRAPH]
MAP_VERTEX 24
23
22
140
147
5
4
10
142
145
119
115
116
117
56
55
60
59
43
36
41
40
39
131
135
13
12
11
19
18
17
126
125
78
77
86
85
84
83
28
27
35
113
112
111
110
124
123
122
25

[MAP_VISIBILITY_GRAPH]
MAP_VERTEX 25
26
24
19
18
17
126
78
85
84
83
29
28
27
35
112
111
110
124
123
122

[MAP_VISIBILITY_GRAPH]
MAP_VERTEX 26
61
67
66
65
147
146
5
4
10
9
8
119
143
21
20
25
111
110
109
124
123
122

[MAP_VISIBILITY_GRAPH]
MAP_VERTEX 27
113
112
25
24
23
83
90
89
88
28
35
114

[MAP_VISIBILITY_GRAPH]
MAP_VERTEX 28
112
25
24
83
90
89
88
87
5
4
10
9
36
41
40
39
60
59
77
76
82
81
29
27
114
113

[MAP_VISIBILITY_GRAPH]
MAP_VERTEX 29
25
83
90
89
88
87
144
141
140
5
4
10
36
41
40
39
60
77
76
82
81
18
17
127
126
125
130
70
69
30
28
114
113
112
123
122

[MAP_VISIBILITY_GRAPH]
MAP_VERTEX 30
83
90
89
88
87
145
144
141
140
36
41
40
77
76
82
81
19
18
17
53
127
126
125
130
70
69
68
74
2
31
29
112
123
122

[MAP_VISIBILITY_GRAPH]
MAP_VERTEX 31
30
144
141
140
36
41
40
77
76
82
81
132
12
19
18
17
54
53
127
126
125
130
70
69
68
74
2
33
32

[MAP_VISIBILITY_GRAPH]
MAP_VERTEX 32
31
81
132
12
19
18
17
48
54
53
127
126
125
130
70
69
68
75
74
2
33

[MAP_VISIBILITY_GRAPH]
MAP_VERTEX 33
32
31
82
81
80
46
98
12
19
18
17
15
48
54
53
127
126
125
130
70
69
68
75
74
2
35
34

[MAP_VISIBILITY_GRAPH]
MAP_VERTEX 34
33
2
35

[MAP_VISIBILITY_GRAPH]
MAP_VERTEX 35
113
112
25
24
23
83
90
27
34
33
2
3
114

[MAP_VISIBILITY_GRAPH]
MAP_VERTEX 36
144
137
136
141
140
5
4
10
9
8
7
151
150
119
115
116
117
56
55
60
59
99
43
37
41
31
30
29
28
87
86
85
84
24
23
22
21
142
145

[MAP_VISIBILITY_GRAPH]
MAP_VERTEX 37
144
143
64
137
136
141
140
4
10
9
8
7
152
151
150
119
115
116
117
56
55
60
59
99
43
42
47
46
92
91
97
49
133
132
131
135
128
13
38
36
23
22
21
142
145

[MAP_VISIBILITY_GRAPH]
MAP_VERTEX 38
144
143
64
137
136
141
4
10
9
8
7
146
152
151
150
115
116
56
55
60
59
43
42
47
46
105
93
92
91
97
108
133
132
131
135
13
12
11
19
72
71
70
69
68
80
39
37

[MAP_VISIBILITY_GRAPH]
MAP_VERTEX 39
38
9
8
7
146
152
151
150
56
55
60
59
43
42
47
46
92
91
97
103
108
133
132
131
135
13
12
11
19
72
71
70
69
68
2
80
79
78
77
29
28
113
87
86
85
124
24
23
41
40

[MAP_VISIBILITY_GRAPH]
MAP_VERTEX 40
39
135
13
12
11
19
18
72
71
70
69
68
80
79
78
77
31
30
29
28
87
86
85
84
124
24
41

[MAP_VISIBILITY_GRAPH]
MAP_VERTEX 41
142
145
144
137
136
141
36
40
39
131
135
13
12
11
19
18
72
71
70
80
79
78
77
31
30
29
28
87
86
85
84
124
24
23
22
21

[MAP_VISIBILITY_GRAPH]
MAP_VERTEX 42
7
6
141
140
139
152
151
150
149
116
117
118
43
47
13
12
80
79
78
77
114
113
88
87
86
39
38
37
23
22
21
145
60
59
58
57
64
63
62
9
8

[MAP_VISIBILITY_GRAPH]
MAP_VERTEX 43
140
139
151
150
116
117
118
99
98
102
1
105
44
42
47
14
13
12
80
79
78
77
113
87
39
38
37
36
24
59
58
57
144
143
65
64
63
62
9
8
7
6
141

[MAP_VISIBILITY_GRAPH]
MAP_VERTEX 44
140
139
151
150
116
117
118
99
98
102
1
105
104
103
108
94
93
92
91
97
54
45
43
63
62
9
8
7
6
141

[MAP_VISIBILITY_GRAPH]
MAP_VERTEX 45
44
150
116
117
118
99
98
102
105
104
93
92
91
97
54
129
128
135
134
133
46

[MAP_VISIBILITY_GRAPH]
MAP_VERTEX 46
45
99
98
102
105
93
92
91
97
50
49
48
54
129
128
135
134
133
132
13
12
33
80
79
78
77
114
113
88
87
86
39
38
37
21
145
47

[MAP_VISIBILITY_GRAPH]
MAP_VERTEX 47
8
7
140
139
152
151
150
149
116
117
118
43
42
46
91
97
50
49
48
54
134
133
132
131
14
13
12
80
79
78
77
114
113
88
87
86
39
38
37
22
21
145
144
55
60
59
58
9

[MAP_VISIBILITY_GRAPH]
MAP_VERTEX 48
97
96
95
94
98
102
101
49
54
33
32
17
15
14
135
134
133
144
143
67
66
65
55
60
59
58
47
46

[MAP_VISIBILITY_GRAPH]
MAP_VERTEX 49
96
95
94
98
102
101
104
103
108
107
1
50
48
54
128
127
126
71
70
69
15
135
134
133
37
145
144
143
55
60
59
47
46
97

[MAP_VISIBILITY_GRAPH]
MAP_VERTEX 50
95
94
98
102
101
104
103
108
107
1
51
49
55
60
59
47
46
97
96

[MAP_VISIBILITY_GRAPH]
MAP_VERTEX 51
50
98
102
101
104
103
108
107
1
2
130
129
128
53
52

[MAP_VISIBILITY_GRAPH]
MAP_VERTEX 52
51
2
129
53

[MAP_VISIBILITY_GRAPH]
MAP_VERTEX 53
52
51
2
129
128
127
70
69
33
32
31
30
17
15
14
13
85
135
134
54

[MAP_VISIBILITY_GRAPH]
MAP_VERTEX 54
47
46
45
44
150
116
97
96
95
94
102
101
104
49
48
53
129
128
127
126
71
70
69
33
32
31
17
15
14
13
135
134
133
65
55
60
59
58
9

[MAP_VISIBILITY_GRAPH]
MAP_VERTEX 55
136
10
9
8
7
0
152
151
150
56
60
47
91
97
50
49
48
54
133
132
131
128
127
126
125
15
14
13
12
11
19
71
70
69
80
79
78
77
39
38
37
36
24
23
22
21
122
145
144
143
67
66
65
64
63

[MAP_VISIBILITY_GRAPH]
MAP_VERTEX 56
136
10
9
8
7
0
152
151
150
149
115
116
117
99
98
57
55
78
39
38
37
36
24
23
22
21
145
144
143
66
65
64
63

[MAP_VISIBILITY_GRAPH]
MAP_VERTEX 57
10
9
8
7
0
152
151
150
149
115
116
117
99
98
102
43
42
58
56
144
143
65
64
63
62

[MAP_VISIBILITY_GRAPH]
MAP_VERTEX 58
10
9
8
7
140
0
152
151
150
149
115
116
117
99
98
43
42
47
48
54
133
132
131
127
126
15
14
13
12
11
19
69
80
59
57

[MAP_VISIBILITY_GRAPH]
MAP_VERTEX 59
58
117
99
43
42
47
97
50
49
48
54
133
132
131
127
126
125
15
14
13
12
11
19
70
69
80
79
78
77
28
39
38
37
36
24
23
22
21
122
145
60

[MAP_VISIBILITY_GRAPH]
MAP_VERTEX 60
59
42
47
97
50
49
48
54
133
132
131
128
127
126
125
15
14
13
12
11
19
71
70
69
80
79
78
77
29
28
39
38
37
36
24
23
22
21
122
145
55

[MAP_VISIBILITY_GRAPH]
MAP_VERTEX 61
0
138
62
67
20
26
124
123
122
121
3

[MAP_VISIBILITY_GRAPH]
MAP_VERTEX 62
0
138
137
136
141
140
146
152
151
5
4
10
9
98
102
1
105
44
43
42
57
63
61
123
122
121
3

[MAP_VISIBILITY_GRAPH]
MAP_VERTEX 63
138
137
136
141
140
147
146
152
151
5
4
10
9
99
98
102
1
105
44
43
42
57
56
55
132
131
64
62

[MAP_VISIBILITY_GRAPH]
MAP_VERTEX 64
137
136
141
140
147
146
152
5
4
10
9
99
98
102
1
105
43
42
57
56
55
132
131
128
127
13
12
11
38
37
144
143
142
85
84
112
111
110
22
21
65
63

[MAP_VISIBILITY_GRAPH]
MAP_VERTEX 65
64
140
147
146
152
5
4
10
9
117
99
98
102
43
57
56
55
48
54
133
132
131
143
142
85
84
112
111
110
22
21
20
26
124
123
122
66

[MAP_VISIBILITY_GRAPH]
MAP_VERTEX 66
65
56
55
48
133
132
143
142
87
86
85
84
113
112
111
22
21
20
26
124
123
122
121
3
67

[MAP_VISIBILITY_GRAPH]
MAP_VERTEX 67
61
66
55
48
133
143
142
78
77
76
2
87
86
85
84
83
113
22
21
20
26
124
123
122
121
3

[MAP_VISIBILITY_GRAPH]
MAP_VERTEX 68
89
88
87
21
76
82
81
80
40
39
38
69
75
74
2
33
32
31
30
112
123
122
90

[MAP_VISIBILITY_GRAPH]
MAP_VERTEX 69
88
87
86
22
21
76
82
81
80
40
39
38
141
10
9
8
7
55
60
59
58
115
116
19
18
17
16
15
135
95
105
104
103
108
49
54
53
127
126
70
68
33
32
31
30
29
112
120
124
123
122
90
89

[MAP_VISIBILITY_GRAPH]
MAP_VERTEX 70
87
76
82
81
80
79
142
145
41
40
39
38
137
136
141
10
9
8
7
55
60
59
19
18
17
16
15
135
95
105
104
103
108
49
54
53
127
126
125
130
72
71
69
33
32
31
30
29
112
111
120
124
123
90
89
88

[MAP_VISIBILITY_GRAPH]
MAP_VERTEX 71
70
80
79
142
145
41
40
39
38
137
136
141
10
9
8
7
55
60
19
18
17
16
15
135
96
95
105
104
103
49
54
126
125
130
72

[MAP_VISIBILITY_GRAPH]
MAP_VERTEX 72
87
76
82
81
80
79
142
145
41
40
39
38
137
136
141
10
9
8
19
18
17
16
15
135
91
97
96
95
105
104
126
125
130
2
73
71
70

[MAP_VISIBILITY_GRAPH]
MAP_VERTEX 73
72
125
130
2
74

[MAP_VISIBILITY_GRAPH]
MAP_VERTEX 74
75
73
130
2
33
32
31
30
112
123
122
90
68

[MAP_VISIBILITY_GRAPH]
MAP_VERTEX 75
74
2
33
32
68

[MAP_VISIBILITY_GRAPH]
MAP_VERTEX 76
86
22
21
67
142
145
77
82
81
72
70
69
68
2
31
30
29
28
114
113
112
111
3
90
89
88
87

[MAP_VISIBILITY_GRAPH]
MAP_VERTEX 77
22
21
67
142
145
144
136
141
41
40
39
55
60
59
43
42
47
46
102
78
76
31
30
29
28
114
113
112
111
90
88
87
86
24
23

[MAP_VISIBILITY_GRAPH]
MAP_VERTEX 78
67
142
145
41
40
39
56
55
60
59
43
42
47
46
102
92
132
131
13
12
11
19
18
17
126
125
79
77
114
113
112
111
88
87
86
85
25
24
23
22
21

[MAP_VISIBILITY_GRAPH]
MAP_VERTEX 79
142
145
41
40
39
8
7
146
152
151
150
55
60
59
117
43
42
47
46
102
92
132
131
13
12
11
19
18
17
126
125
72
71
70
80
78
22
21

[MAP_VISIBILITY_GRAPH]
MAP_VERTEX 80
79
145
41
40
39
38
4
10
9
8
7
146
152
151
150
55
60
59
58
117
43
42
47
46
98
102
132
12
11
19
18
17
128
127
126
125
72
71
70
69
68
2
33
81

[MAP_VISIBILITY_GRAPH]
MAP_VERTEX 81
80
98
132
12
11
19
18
17
128
127
126
125
72
70
69
68
2
33
32
31
30
29
28
114
113
112
111
3
120
124
90
89
88
76
82

[MAP_VISIBILITY_GRAPH]
MAP_VERTEX 82
81
72
70
69
68
2
33
31
30
29
28
114
113
112
111
3
120
124
90
89
88
76

[MAP_VISIBILITY_GRAPH]
MAP_VERTEX 83
25
24
23
22
67
84
90
30
29
28
27
35
113
112
111
3
124
123
122

[MAP_VISIBILITY_GRAPH]
MAP_VERTEX 84
24
23
22
67
66
65
64
142
145
144
10
9
8
119
115
116
117
36
41
40
85
83
113
112
111
110
3
124
123
122
25

[MAP_VISIBILITY_GRAPH]
MAP_VERTEX 85
23
22
67
66
65
64
142
145
144
4
10
9
8
119
115
116
117
36
41
40
39
92
91
97
103
132
131
135
53
13
12
11
19
18
17
126
78
86
84
124
123
122
25
24

[MAP_VISIBILITY_GRAPH]
MAP_VERTEX 86
23
22
21
67
66
142
145
144
140
5
4
10
9
8
7
151
150
36
41
40
39
42
47
46
92
91
97
96
132
131
135
13
12
11
19
18
17
126
78
77
76
69
87
85
24

[MAP_VISIBILITY_GRAPH]
MAP_VERTEX 87
86
22
21
67
66
142
145
144
140
5
4
10
9
8
7
36
41
40
39
43
42
47
46
92
91
132
131
13
12
11
78
77
76
72
70
69
68
2
30
29
28
113
88

[MAP_VISIBILITY_GRAPH]
MAP_VERTEX 88
87
42
47
46
92
91
132
131
13
12
78
77
76
82
81
70
69
68
2
30
29
28
27
113
112
111
90
89

[MAP_VISIBILITY_GRAPH]
MAP_VERTEX 89
88
76
82
81
70
69
68
2
30
29
28
27
113
112
90

[MAP_VISIBILITY_GRAPH]
MAP_VERTEX 90
89
88
77
76
82
81
70
69
68
74
30
29
28
27
35
113
112
111
3
120
124
123
122
83

[MAP_VISIBILITY_GRAPH]
MAP_VERTEX 91
45
44
151
116
117
118
92
97
72
135
134
133
132
112
88
87
86
85
39
38
37
21
145
144
55
47
46

[MAP_VISIBILITY_GRAPH]
MAP_VERTEX 92
140
139
151
116
117
118
99
98
102
101
93
91
97
127
126
135
134
133
132
79
78
88
87
86
85
39
38
37
46
45
44
141

[MAP_VISIBILITY_GRAPH]
MAP_VERTEX 93
151
116
117
118
99
98
102
101
105
104
103
94
92
38
46
45
44
7
6
141
140
139

[MAP_VISIBILITY_GRAPH]
MAP_VERTEX 94
151
116
117
118
98
102
101
105
104
103
108
50
49
48
54
129
128
95
93
44
8
7
6
141
140
139

[MAP_VISIBILITY_GRAPH]
MAP_VERTEX 95
94
105
104
103
108
50
49
48
54
129
128
127
126
72
71
70
69
135
134
96

[MAP_VISIBILITY_GRAPH]
MAP_VERTEX 96
95
103
108
50
49
48
54
129
128
127
126
72
71
135
134
133
132
86
97

[MAP_VISIBILITY_GRAPH]
MAP_VERTEX 97
45
44
150
116
117
118
92
91
96
103
108
50
49
48
54
129
128
127
126
72
135
134
133
132
86
85
39
38
37
145
144
143
55
60
59
47
46

[MAP_VISIBILITY_GRAPH]
MAP_VERTEX 98
149
0
99
102
104
103
51
50
49
48
94
93
92
134
133
132
13
12
33
81
80
46
45
44
43
58
57
56
144
143
65
64
63
62
9
8
7
6
5
136
141
140
116
117
118
119

[MAP_VISIBILITY_GRAPH]
MAP_VERTEX 99
0
100
98
93
92
134
133
132
13
12
46
45
44
43
37
36
59
58
57
56
145
144
143
65
64
63
9
8
7
6
5
136
141
116
117
118
119
149
148

[MAP_VISIBILITY_GRAPH]
MAP_VERTEX 100
0
1
101
99
118
119
149
148

[MAP_VISIBILITY_GRAPH]
MAP_VERTEX 101
100
1
107
106
105
104
103
51
50
49
48
54
129
128
94
93
92
133
102

[MAP_VISIBILITY_GRAPH]
MAP_VERTEX 102
119
149
0
98
101
1
106
105
104
103
51
50
49
48
54
94
93
92
133
132
80
79
78
77
114
113
46
45
44
43
57
144
143
65
64
63
62
9
8
7
6
5
136
141
140
139
116
117
118

[MAP_VISIBILITY_GRAPH]
MAP_VERTEX 103
151
116
117
118
149
0
98
102
101
104
108
51
50
49
127
126
71
70
69
15
135
134
133
132
85
124
39
97
96
95
94
93
44
8
7
6
141
140
139

[MAP_VISIBILITY_GRAPH]
MAP_VERTEX 104
117
118
119
149
0
98
102
101
105
103
51
50
49
54
128
127
126
72
71
70
69
15
135
134
95
94
93
45
44
9
8
7
6
136
141
140
139
116

[MAP_VISIBILITY_GRAPH]
MAP_VERTEX 105
118
119
149
102
101
1
106
104
128
127
126
72
71
70
69
15
135
134
95
94
93
38
46
45
44
43
64
63
62
9
8
7
6
136
141
140
139
116
117

[MAP_VISIBILITY_GRAPH]
MAP_VERTEX 106
119
102
101
1
107
105
139
116
117
118

[MAP_VISIBILITY_GRAPH]
MAP_VERTEX 107
106
101
1
2
51
50
49
15
108

[MAP_VISIBILITY_GRAPH]
MAP_VERTEX 108
107
1
51
50
49
70
69
15
135
134
133
132
124
39
38
97
96
95
94
44
8
7
6
141
140
139
103

[MAP_VISIBILITY_GRAPH]
MAP_VERTEX 109
124
123
26
110
114
2
3
120

[MAP_VISIBILITY_GRAPH]
MAP_VERTEX 110
123
26
25
24
22
65
64
141
140
142
145
144
9
8
119
115
84
111
109
3
120
124

[MAP_VISIBILITY_GRAPH]
MAP_VERTEX 111
123
122
26
25
24
22
66
65
64
141
140
142
145
144
9
8
84
83
90
88
12
78
77
76
82
81
125
70
112
110
3
120
124

[MAP_VISIBILITY_GRAPH]
MAP_VERTEX 112
123
122
25
24
23
22
66
65
64
141
142
84
83
90
89
88
91
132
131
13
78
77
76
82
81
125
70
69
68
74
30
29
28
27
35
113
111
120
124

[MAP_VISIBILITY_GRAPH]
MAP_VERTEX 113
112
24
23
22
67
66
84
83
90
89
88
87
39
43
42
47
46
102
78
77
76
82
81
127
126
125
130
29
28
27
35
2
114

[MAP_VISIBILITY_GRAPH]
MAP_VERTEX 114
113
42
47
46
102
78
77
76
82
81
17
127
126
125
29
28
27
35
2
3
109

[MAP_VISIBILITY_GRAPH]
MAP_VERTEX 115
150
149
119
116
132
131
15
14
13
12
11
19
69
58
57
56
38
37
36
85
84
110
24
145
144
143
124
123
9
8
7
6
5
136
141
140
139
151

[MAP_VISIBILITY_GRAPH]
MAP_VERTEX 116
151
150
149
115
117
99
98
102
106
105
104
103
94
93
92
91
97
54
45
44
43
42
47
132
131
15
14
13
12
19
69
58
57
56
38
37
36
85
84
24
22
145
144
143
123
122
9
8
7
6
5
136
141
140
139

[MAP_VISIBILITY_GRAPH]
MAP_VERTEX 117
118
99
98
102
106
105
104
103
94
93
92
91
97
45
44
43
42
47
132
131
15
14
13
12
19
80
79
59
58
57
56
37
36
85
84
24
22
145
144
143
122
65
9
8
7
6
5
116

[MAP_VISIBILITY_GRAPH]
MAP_VERTEX 118
119
149
0
100
99
98
102
106
105
104
103
94
93
92
91
97
45
44
43
42
47
117

[MAP_VISIBILITY_GRAPH]
MAP_VERTEX 119
149
100
99
98
102
106
105
104
118
115
37
36
85
84
110
24
145
144
143
21
20
26
124
8
7
6
5
136
141
140
151
150

[MAP_VISIBILITY_GRAPH]
MAP_VERTEX 120
121
124
90
82
81
70
69
112
111
110
109
2
3

[MAP_VISIBILITY_GRAPH]
MAP_VERTEX 121
0
138
137
136
62
61
67
66
122
120
3

[MAP_VISIBILITY_GRAPH]
MAP_VERTEX 122
0
138
137
62
61
67
66
65
4
10
9
116
117
143
142
145
55
60
59
21
20
26
25
24
11
19
18
17
126
85
84
83
90
69
68
74
30
29
112
111
123
121

[MAP_VISIBILITY_GRAPH]
MAP_VERTEX 123
122
0
138
137
62
61
67
66
65
4
10
9
8
115
116
143
142
145
21
20
26
25
24
135
13
12
11
85
84
83
90
70
69
68
74
30
29
112
111
110
109
124

[MAP_VISIBILITY_GRAPH]
MAP_VERTEX 124
123
0
138
61
67
66
65
146
152
5
4
10
9
8
119
115
143
26
25
24
41
40
39
103
108
133
132
131
135
85
84
83
90
82
81
70
69
112
111
110
109
3
120

[MAP_VISIBILITY_GRAPH]
MAP_VERTEX 125
16
15
14
136
55
60
59
126
130
2
73
72
71
70
33
32
31
30
29
114
113
112
111
81
80
79
78
24
23
22
21
18
17

[MAP_VISIBILITY_GRAPH]
MAP_VERTEX 126
15
14
136
55
60
59
58
0
152
151
131
135
92
97
96
95
105
104
103
49
54
127
125
2
72
71
70
69
33
32
31
30
29
114
113
81
80
79
78
86
85
122
25
24
17
16

[MAP_VISIBILITY_GRAPH]
MAP_VERTEX 127
14
13
144
143
64
55
60
59
58
131
135
92
97
96
95
105
104
103
49
54
53
128
126
70
69
33
32
31
30
29
114
113
81
80
17
16
15

[MAP_VISIBILITY_GRAPH]
MAP_VERTEX 128
143
64
55
60
131
135
134
46
45
97
96
95
94
101
105
104
49
54
53
51
1
129
127
81
80
17
16
15
14
13
37
144

[MAP_VISIBILITY_GRAPH]
MAP_VERTEX 129
128
135
134
46
45
97
96
95
94
101
54
53
52
51
1
2
130

[MAP_VISIBILITY_GRAPH]
MAP_VERTEX 130
129
51
1
2
74
73
72
71
70
33
32
31
30
29
113
125

[MAP_VISIBILITY_GRAPH]
MAP_VERTEX 131
55
60
59
58
0
152
151
150
149
115
116
117
47
132
135
128
127
126
15
14
13
12
79
78
112
88
87
86
85
124
24
23
41
39
38
37
142
145
144
143
65
64
63

[MAP_VISIBILITY_GRAPH]
MAP_VERTEX 132
59
58
7
140
0
152
151
150
149
115
116
117
47
46
99
98
102
92
91
97
96
103
108
133
131
14
13
12
32
31
81
80
79
78
112
88
87
86
85
124
39
38
37
142
145
144
143
66
65
64
63
55
60

[MAP_VISIBILITY_GRAPH]
MAP_VERTEX 133
58
8
7
140
139
152
151
150
47
46
45
99
98
102
101
92
91
97
96
103
108
49
48
54
134
132
124
39
38
37
142
145
144
143
67
66
65
55
60
59

[MAP_VISIBILITY_GRAPH]
MAP_VERTEX 134
133
8
7
140
139
47
46
45
99
98
92
91
97
96
95
105
104
103
108
49
48
54
53
129
128
135

[MAP_VISIBILITY_GRAPH]
MAP_VERTEX 135
134
46
45
92
91
97
96
95
105
104
103
108
1
49
48
54
53
129
128
127
126
2
72
71
70
69
15
14
13
86
85
124
123
24
23
22
41
40
39
38
37
142
145
131

[MAP_VISIBILITY_GRAPH]
MAP_VERTEX 136
137
141
140
151
119
115
116
99
98
102
105
104
6
5
4
10
56
55
126
125
15
14
13
12
11
19
72
71
70
38
37
36
41
77
144
143
142
64
63
62
121
3

[MAP_VISIBILITY_GRAPH]
MAP_VERTEX 137
138
136
72
71
70
38
37
36
41
144
143
142
64
63
62
123
122
121
3

[MAP_VISIBILITY_GRAPH]
MAP_VERTEX 138
0
148
147
139
137
63
62
61
124
123
122
121
3

[MAP_VISIBILITY_GRAPH]
MAP_VERTEX 139
0
148
147
146
152
151
115
116
102
106
105
104
103
108
94
93
92
44
43
42
47
134
133
140
138

[MAP_VISIBILITY_GRAPH]
MAP_VERTEX 140
139
0
147
146
152
151
119
115
116
98
102
105
104
103
108
94
93
92
44
43
42
47
134
133
132
58
7
6
5
4
37
36
31
30
29
87
86
144
143
142
111
110
24
22
21
20
65
64
63
62
136
141

[MAP_VISIBILITY_GRAPH]
MAP_VERTEX 141
140
151
119
115
116
99
98
102
105
104
103
108
94
93
92
44
43
42
6
5
4
10
11
19
72
71
70
69
38
37
36
41
77
31
30
29
144
143
142
112
111
110
22
64
63
62
136

[MAP_VISIBILITY_GRAPH]
MAP_VERTEX 142
67
66
65
64
137
136
141
140
5
4
10
143
145
133
132
131
135
37
36
41
72
71
70
79
78
77
76
2
87
86
85
84
112
111
110
24
22
21
123
122

[MAP_VISIBILITY_GRAPH]
MAP_VERTEX 143
64
137
136
141
140
5
4
10
9
8
119
115
116
117
99
98
102
43
57
56
55
97
49
48
133
132
131
128
127
13
12
11
38
37
144
142
22
21
20
26
124
123
122
67
66
65

[MAP_VISIBILITY_GRAPH]
MAP_VERTEX 144
143
64
137
136
141
140
5
4
10
9
8
119
115
116
117
99
98
102
43
57
56
55
47
91
97
49
48
133
132
131
128
127
13
12
11
38
37
36
41
77
31
30
29
87
86
85
84
111
110
145

[MAP_VISIBILITY_GRAPH]
MAP_VERTEX 145
144
8
119
115
116
117
99
56
55
60
59
42
47
46
91
97
49
133
132
131
135
37
36
41
72
71
70
80
79
78
77
76
30
87
86
85
84
111
110
24
22
21
123
122
142

[MAP_VISIBILITY_GRAPH]
MAP_VERTEX 146
0
147
152
80
79
39
38
7
6
5
21
20
26
124
65
64
63
62
140
139

[MAP_VISIBILITY_GRAPH]
MAP_VERTEX 147
0
148
146
6
5
24
22
21
20
26
65
64
63
140
139
138

[MAP_VISIBILITY_GRAPH]
MAP_VERTEX 148
0
1
100
99
149
147
139
138

[MAP_VISIBILITY_GRAPH]
MAP_VERTEX 149
0
1
100
99
98
102
105
104
103
118
119
115
116
42
47
132
131
15
14
13
58
57
56
150
148

[MAP_VISIBILITY_GRAPH]
MAP_VERTEX 150
149
119
115
116
97
54
45
44
43
42
47
133
132
131
15
14
13
58
57
56
55
80
79
39
38
37
36
86
8
7
6
151

[MAP_VISIBILITY_GRAPH]
MAP_VERTEX 151
152
150
119
115
116
103
94
93
92
91
44
43
42
47
133
132
131
126
15
58
57
56
55
80
79
39
38
37
36
86
7
6
5
63
62
136
141
140
139

[MAP_VISIBILITY_GRAPH]
MAP_VERTEX 152
0
146
151
42
47
133
132
131
126
15
58
57
56
55
80
79
39
38
37
7
6
5
124
65
64
63
62
140
139

[MESH_NODES]
0 0 0
1 2000 0
2 2000 2000
3 0 2000
4 480 640
5 430 560
6 490 540
7 570 550
8 580 610
9 560 660
10 500 660
11 1300 1150
12 1250 1070
13 1280 1020
14 1340 1030
15 1460 1070
16 1400 1120
17 1400 1180
18 1340 1200
19 1280 1190
20 390 1440
21 410 1370
22 470 1390
23 450 1440
24 490 1500
25 420 1530
26 370 1490
27 1010 1790
28 980 1730
29 1010 1680
30 1080 1660
31 1100 1680
32 1090 1740
33 1120 1790
34 1060 1810
35 1040 1820
36 750 1120
37 800 1060
38 860 1060
39 920 1130
40 850 1170
41 810 1200
42 1200 590
43 1140 500
44 1200 470
45 1280 500
46 1290 590
47 1210 640
48 1740 590
49 1710 520
50 1790 490
51 1830 510
52 1790 560
53 1790 630
54 1720 650
55 860 820
56 840 760
57 890 710
58 960 690
59 970 740
60 910 790
61 170 1000
62 160 920
63 230 900
64 340 900
65 350 980
66 290 1010
67 200 1050
68 1490 1580
69 1430 1530
70 1470 1470
71 1520 1480
72 1610 1470
73 1600 1510
74 1570 1580
75 1520 1570
76 1060 1460
77 980 1410
78 1000 1360
79 1070 1350
80 1160 1380
81 1150 1440
82 1100 1450
83 700 1590
84 650 1520
85 680 1470
86 780 1450
87 850 1460
88 830 1520
89 770 1540
90 750 1590
91 1470 510
92 1430 460
93 1470 410
94 1550 390
95 1560 440
96 1520 500
97 1480 550
98 1380 170
99 1350 100
100 1420 80
101 1480 100
102 1460 190
103 1710 340
104 1660 280
105 1650 210
106 1710 200
107 1800 230
108 1750 340
109 680 1850
110 630 1790
111 640 1730
112 710 1710
113 800 1780
114 780 1850
115 730 250
116 790 300
117 890 250
118 850 200
119 720 180
120 130 1850
121 70 1780
122 100 1690
123 200 1700
124 270 1790
125 1720 1150
126 1630 1100
127 1650 1040
128 1720 980
129 1810 1020
130 1810 1090
131 1330 870
132 1310 790
133 1360 740
134 1440 750
135 1510 820
136 190 600
137 140 570
138 100 490
139 190 410
140 320 450
141 250 510
142 500 1160
143 520 970
144 550 980
145 540 1140
146 430 240
147 400 160
148 420 120
149 480 120
150 530 210
151 510 290
152 450 270
153 0 1000
154 1000 0
155 2000 1000
156 1000 2000
157 0 500
158 0 1500
159 500 0
160 1500 0
161 2000 500
162 500 2000
163 0 1750
164 1250 0
165 750 2000
166 1250 2000
167 457.4069765487 682.5930234513
168 551.29651172565 926.11046482305
169 1122.5930234513 1637.4069765487
170 1521.2965117257 1623.889535177
171 391.11046482305 287.5930234513
172 250 0
173 552.5930234513 1215.1860469026
174 1409.8139530974 546.29651172565
175 1730 405.1860469026
176 1842.5930234513 434.8139530974
177 1228.3333333333 1139.1666666667
178 976.11046482305 1853.889535177
179 2000 1500
180 1500 2000
181 1096.2965117257 1520.1860469026
182 375 0
183 1022.0871519227 1863.3981494518
184 1066.2965117257 1847.5930234513
185 1097.6713932685 1823.0141798054
186 1162.6372934654 1842.8949300445
187 1125 2000
188 1046.4825586283 698.70348827435
189 878.88953517695 1250.1860469026
190 725 1648.3333333333
191 1511.2965117257 1393.5174413717
192 515.52223543355 740.70828233615
193 408.24061685066 629.22461446834
194 1180.7082823362 1695.5222354335
195 1636.4825586283 398.70348827435
196 1133.3905285971 1486.9526429853
197 1069.0248567303 1587.864027766
198 984.86536874921 1927.4663206495
199 1116.1062332008 1878.8606757721
200 1123.5174413717 631.29651172565
201 1218.2116939945 1490.5439660401
202 1169.0023758235 1564.0196530336
203 0 750
204 427.5 452.5
205 672.7790703539 563.70348827435
206 933.88953517695 886.48255862825
207 298.51744137175 1432.4069765487
208 517.8125 1438.125
209 537.2209296461 1743.7034882743
210 1671.8686785897 156.21207153795
211 937.7790703539 1522.5930234513
212 819.61538461538 1588.8461538462
213 1750 0
214 1641.875 590.625
215 344.8139530974 107.4069765487
216 1293.7034882743 1292.7790703539
217 1475.8333333333 1150
218 1322.3684210526 950.78947368421
219 1552.7777777778 1040.9259259259
220 464.12362339838 897.05283538062
221 752.2209296461 822.5930234513
222 358.43852499666 221.21055312625
223 471.99225379764 1284.0232386071
224 1063.0107142543 1908.1348848931
225 908.51744137175 1352.4069765487
226 792.09175084175 1697.3106060606
227 659.28769017981 1665.0069156293
228 1146.3514572879 1740.1891256273
229 1434.1236233984 1652.9471646194
230 1217.3602979946 1420.3933829991
231 0 625
232 445.43408302314 362.07406503025
233 651.48255862825 667.5930234513
234 830 962.2209296461
235 1183.5174413717 996.11046482305
236 598.68100439504 1455.208602637
237 913.51744137175 1656.110464823
238 1625 0
239 450 53.333333333333
240 1402.5930234513 1287.7790703539
241 783.3651546788 1638.823161529
242 1236.321319791 1773.8453207559
243 1176.5556031508 1788.0438268974
244 638.46940005293 955.16809426547
245 1115.1039602369 1939.8304022438
246 848.3900246753 1647.8528388986
247 1217.5300595566 1827.63239448
248 1177.6224533806 1910.3650338208
249 1062.5 2000
250 1314.5798574372 1831.3620568929
251 951.48255862825 159.8139530974
252 630.29411764706 228.52941176471
253 368.88953517695 1092.7790703539
254 329.8139530974 1591.4825586283
255 1368.5174413717 369.8139530974
256 1275 705
257 1548.6641221374 260.19083969466
258 1868.7945292621 582.03562340967
259 1787.5930234513 754.07558207955
260 1018.7034882743 1240.9244179204
261 1375 0
262 1670.1860469026 1506.2965117257
263 1439.7463368585 645.9492673717
264 1794.3807948739 389.2778194952
265 1171.3260653946 1248.7819772492
266 878.28767413678 1840.2250497534
267 1617.1728883273 1681.3144643628
268 345.85190642267 736.03283469248
269 331.1243027877 566.95250996428
270 875 2000
271 892.4069765487 585.92441792045
272 1017.1214119125 1526.896596223
273 882.88180444652 1563.182859201
274 1560.2190514469 573.17524115756
275 266.59422430688 307.64565333683
276 569.59505826099 1338.8651775069
277 826.10110713831 1377.2922500318
278 580.63360677747 1677.0236158639
279 1230.1033475631 1341.3740122089
280 1352.2209296461 1434.8139530974
281 162.4069765487 795.92441792045
282 783.51744137175 653.51744137175
283 1163.5779616155 1080.9049437992
284 871.01383189751 1730.3770754949
285 1121.110464823 387.2209296461
286 2000 1250
287 1699.243676345 1390.065993956
288 1638.2415915675 1567.8178249575
289 2000 250
290 934.63703607239 1790.1814819638
291 920.10218583127 1897.8632278638
292 947.63933000912 1593.3477709961
293 1594.7958508874 506.53056725828
294 1281.8942223391 1454.6906127402
295 1754.472099481 1589.1154874354
296 1831.8995296747 310.8634225794
297 836.07775634454 1914.8334729235
298 1298.3785074647 1378.6628388806
299 1339.5969415796 1524.5000571935
300 1857.1387621114 371.12251793155
301 2000 375
302 1925.5835466739 307.03953564622
303 1927.2778162601 420.64743531845
304 0 1875
305 85 970
306 625 2000
307 116.11046482305 666.48255862825
308 647.9117462697 1160.5733358319
309 1357.2654576417 488.49546615649
310 1155.6761194439 745.77096545333
311 1014.3238805561 584.22903454667
312 543.67647058824 435.58823529412
313 987.50655947621 822.00787137145
314 1420 845
315 619.32842640959 1594.7654097074
316 1229.3768675432 901.2500692639
317 1464.5674740195 1232.3673185863
318 704.09483388833 1030.9123615736
319 1397.1937582115 271.22496715419
320 1272.0872465777 399.43400912614
321 1491.42284222 325.69136887988
322 429.86366705048 768.25159183437
323 1574.8122306006 704.66554674858
324 654.46479389107 1379.4551451182
325 796.73615266719 1290.5818297771
326 460.92043245982 1646.5551048817
327 1427.4701288263 1397.6458940394
328 1145.7425994559 1165.8454248166
329 1035.362279403 1006.0133077461
330 1250.9244179204 183.88953517695
331 1260.789972537 1572.2766464506
332 0 875
333 56.666666666667 561.66666666667
334 678.51744137175 372.7790703539
335 569.82574130941 1530.783533258
336 1579.2176114088 1206.0945796215
337 1482.3088214714 1314.5729427356
338 493.82374228547 820.19583479542
339 362.32926219369 818.70891177488
340 740.22545587702 1373.8112166197
341 480.39580365158 1574.256875187
342 529.799999456 1626.3373634319
343 1095.9535902315 1226.6180034107
344 1027.5317867493 909.82402248385
345 1110.959026435 1023.7899345416
346 83.214285714286 886.07142857143
347 1595.2130501575 1317.9098087693
348 623.10224541519 812.78084882791
349 285 841.18017100619
350 690.95668829614 1279.5595643303
351 1037.771575392 1128.169807099
352 1087.6358532295 953.34449511011
353 1117.8753487619 848.31847984611
354 50.659104843654 812.5
355 79.176218891082 737.60481724564
356 0 250
357 730 1918
358 566.73611111111 1893.5532407407
359 650.32473309609 1924.2024021352
360 1603.5714285714 915
361 1679.5259147351 455.54264600622
362 165.94687243988 1535.5312756012
363 270.07359606611 1299.9511078284
364 1789.375 111.875
365 1551.9496423448 1122.0183416742
366 435.12579459061 977.1385080403
367 510 1065
368 910.44889507944 1423.1671272065
369 357.08060645771 369.4644021067
370 926.87975542703 985.98859923443
371 860.02086687098 894.27895772526
372 779.07058424346 899.11373556395
373 753.54503865181 971.81801053123
374 692.56573342347 886.49576227356
375 1570.1442516161 147.04979295698
376 1187.5 2000
377 1263.3182021538 1900.7105475762
378 1375 2000
379 1352.4144820467 1912.9492790514
380 1312.5 2000
381 1466.4558819989 1810.4984276138
382 1437.5 1937.3289315462
383 1393.718497808 1844.2290971124
384 1674.2233284289 1778.1721537029
385 1370.1563518783 1739.3435643278
386 750 0
387 616.07075070926 81.914094388985
388 276.80333631225 1101.5575067026
389 1345.0242718447 655.65533980583
390 2000 750
391 1915.5833333333 514.91666666667
392 2000 625
393 1941.227084186 582.66077243472
394 1910.3390641438 687.5
395 959.53469217075 1292.6373247057
396 947.01104514881 1218.6017514729
397 1312.5 0
398 1281.25 68.75
399 1125 0
400 1240.8776668387 1247.5192386955
401 1132.8147682517 1311.5556952448
402 372.52303665352 504.00942389859
403 325.65556170414 652.61044050028
404 238.42740998 717.88408758848
405 265.78616237303 605.78460295032
406 538.37848430985 1280.148294918
407 614.60174659902 1262.7906004992
408 713.84276030517 626.24878515108
409 786.76059472531 533.62238427443
410 722.44294926651 706.9221764656
411 655.63944554031 743.77328947357
412 2000 1125
413 1009.4184502548 1614.6529776571
414 1380.7866103459 1593.1933423441
415 1360.2964264905 1665.1646934463
416 1291.7480899256 1712.0209336349
417 1291.9073270951 1638.6843750827
418 1218.6334384937 1632.524722805
419 2000 125
420 1112.3019286299 696.20153103375
421 1082.0155422524 766.46402588189
422 1231.4793956994 772.62613118259
423 1057.6980713701 633.79846896625
424 1087.9844577476 563.53597411811
425 1018.9649221806 459.29923524801
426 489.94429590018 473.9683600713
427 485.49584150371 410.93793924602
428 507.1068898156 352.36526174382
429 597.25134306393 325.29730601822
430 632.24344676506 475.4451036968
431 1486.2257780746 991.12080679751
432 1408.1754606734 991.99059150885
433 1522.3857988945 918.3553103852
434 682.34471149665 1098.490634898
435 545 1060
436 623.99241868253 1042.4206178804
437 1333.1134703188 426.33151224178
438 1196.5170815295 394.33835293664
439 1169.7272645639 275.15500743103
440 1239.3443387324 322.10916340883
441 1424.5469464298 332.64611153855
442 1466.5579261973 259.96541267895
443 1644.1581426909 668.70639119618
444 1701.0557431264 736.29085921904
445 1721.2807172075 857.30957803106
446 1513.7631497234 746.23685027656
447 1508.3948742729 672.74119824402
448 1586.1356925143 786.90662240692
449 1321.3896036291 232.02810244151
450 1647.9049551504 1173.7710807293
451 1719.9038273951 1270.9219870953
452 1643.0596279132 1252.6167291065
453 613.13628255208 885.87929955589
454 559.89135661514 841.39150426802
455 568.95346218129 777.28010037495
456 724.81878083064 1201.385914377
457 1157.7047307714 925.11616985333
458 0 375
459 558.40577056103 1817.3624201043
460 438.40648064728 1869.0333796679
461 479.8408303121 1800.0823419227
462 375.43798631364 1784.269114004
463 461.83860971681 1724.3714255257
464 371.63690333339 1686.5221642871
465 1649.8120300752 968.94736842105
466 1582.6147544788 979.75394836297
467 1671.1195755928 903.89267312241
468 1627.0074736489 846.57660451764
469 1653.6730813466 784.47878950791
470 157.18958345839 1623.1041654161
471 0 1625
472 239.81039826735 1587.1419375405
473 77.954413755045 1570.9563390892
474 245.24704165713 1500.7003008991
475 281.15347106187 1665.1761429643
476 1725.6239482649 134.26323708966
477 219.33727807525 1425.5673310281
478 0 1250
479 0 1125
480 1668.8363958208 71.984758325633
481 1737.8581625446 67.140004244069
482 1875 0
483 1931.7124027783 68.287597221705
484 1812.5 0
485 1843.75 56.366680282544
486 1589.9526991886 70.682530358421
487 434.4552366354 1053.5440134202
488 434.02010529932 1127.2178139648
489 433.90078738979 1210.2471059456
490 370.4466094009 1168.6411868867
491 355.2352584148 1261.0310790551
492 1505.0646305242 1720.4820387846
493 649.66182587132 157.15563891008
494 576.96422056339 154.44222446562
495 711.61705270298 86.102842117164
496 625 0
497 186.44401252711 670.34998111156
498 147.9966112281 728.07827163919
499 2000 1062.5
500 1909.7368421053 1055
501 608.68707857333 399.01004146819
502 668.61421180614 296.44341681259
503 714.57072957791 491.07140224503
504 806.82665279642 417.06696908803
505 44.25 437.5
506 103.01714380826 348.97836218375
507 113.56272870227 419.74707856854
508 250 2000
509 91.546888689776 1477.7237986235
510 313.392283438 1730.9670298743
511 177.6077695987 1166.3412055578
512 1899.498683609 176.54511163614
513 276.2573394492 1200.8499267044
514 407.62309025462 1302.9484919639
515 338.03043745079 1338.9833663516
516 1439.830356617 1745.7905321977
517 1563.747648573 1798.9396489896
518 687.5 0
519 875 0
520 1799.3696347277 922.66832186266
521 1874.1959064327 996.67205293937
522 2000 875
523 1893.6922176012 1168.8851044505
524 0 312.5
525 69.032686874808 281.25
526 0 125
527 170.73105601903 272.61068481593
528 375 2000
529 0 1375
530 160.96082025103 1465.1672154639
531 108.05754379497 1370.8546498145
532 1931.7044021224 237.9617253565
533 1865.8921455851 233.3200926308
534 2000 187.5
535 1835.6945913174 177.11163368883
536 1773.6395970116 173.71984635881
537 1867.0793053624 118.56425929663
538 1571.8750444588 1731.6856667581
539 1750 2000
540 769.57387267794 128.25136028121
541 1804.151313042 837.62662774483
542 1880.5745224628 779.0646470174
543 1896.5107879589 885.4750441423
544 1872.253181169 1107.7919104069
545 1936.4899414621 1113.6985657878
546 1823.9325917898 1159.0570676138
547 2000 1187.5
548 1842.7961329407 1277.6549420334
549 1939.7443460035 1218.75
550 2000 1375
551 201.01756072842 338.40888091079
552 255 430
553 115.21999398369 222.05269006405
554 212.658254047 139.06303874115
555 183.19754198962 203.16919857588
556 271.56278698441 204.95586614612
557 0 1437.5
558 55.307110757748 1406.25
559 52.98764270975 1345.7880344334
560 0 1312.5
561 121.37243240034 1268.5766132474
562 56.581925160485 1281.25
563 103.51744137175 1073.889535177
564 1536.6238736802 1900.9758622488
565 1942.581014076 824.17693683114
566 1954.0514279058 937.5
567 1767.0888690521 1210.4984828735
568 1929.8070061364 1311.6278906225
569 186.27740311251 1329.031860276
570 202.45633293637 1246.5933744613
571 71.849572286574 1187.3513680352
572 1879.8698176384 1437.5
573 1472.160807494 1878.5215040583
574 1634.7538691967 1872.4380717063
575 1928.2902387803 1383.8679786349
576 2000 1437.5
577 1939.9349088192 1468.75
578 1848.5432101825 1360.5438668813
579 2000 1750
580 1860.1130567172 1548.8241755343
581 2000 1625
582 1784.9618447097 1431.2801374905
583 1778.6402809211 1323.7468659389
584 1937.7175884955 1546.3619163743
585 1901.8087040863 1638.7855242486
586 1764.2670621909 1871.2697272403
587 1625 2000
588 1719.8456458473 1456.9639488967
589 1779.1876477612 1512.0273043246
590 1958.7113059997 1687.5
591 1877.5024547145 1786.0361685913
592 1888.276364139 1712.183183239
593 1777.7327723011 1733.7690897713
594 1821.0675708678 1661.8455761045
595 1699.2596536031 1844.0509050255
596 1740.8165133312 1790.5610511705
597 1701.6880709827 1929.4898923506
598 1809.3723873667 1794.7299135591
599 1853.9214836839 1872.5432489726
600 2000 1875
601 1875 2000
602 1927.42591654 1846.1123179605
603 1808.108774586 1941.2844047381
604 1934.3426747605 1934.3426747605
605 1562.5 2000
606 1593.75 1938.9410908275
607 312.5 40.380059353877
608 273.30872557511 100.57713791825
609 206.91231880405 62.975023426236
610 125 0
611 128.86526967262 139.37760534148
612 60.158079066134 170.50128718895
613 68.340299001038 97.16473681154
614 132.59587596411 69.531747639364
615 1594.6292622346 324.62926223462
616 855.0576721949 647.26100627249
617 1685.9293332996 1635.3740770649
618 1749.7243065925 1667.8770153921
619 1711.7914358956 1722.8997377904
620 125 2000
621 953.85115878366 620.00612739172
622 952.86860201435 549.34937731457
623 874.88118584821 488.69120617152
624 925.8736597751 372.09667412979
625 947.33280722737 476.00389083443
626 875.82137747113 419.65438418823
627 843.81234746411 352.0080438435
628 1446.4700423628 925.99721455114
629 402.71367418151 1601.5296946448
630 1368.0419953032 1353.3523160861
631 1540.1650424831 1268.7328516411
632 1620.7291531558 1392.1929341338
633 977.94036820957 1068.2478506582
634 562.5 2000
635 531.25 1945.448719062
636 593.75 1947.9359431568
637 463.77461051633 1943.0215799903
638 501.4788608192 1887.0107890733
639 390.65716506939 1926.7481060719
640 312.5 1948.3417287261
641 365.56198879038 1857.3763680059
642 220.46466542753 1900.628267658
643 187.5 2000
644 156.25 1934.4798483546
645 67.592912428066 1932.4070875719
646 200 1820
647 291.93576669426 1875.3874215339
648 1526.3071694446 197.33675929415
649 1587.8404565501 206.7269734821
650 2000 687.5
651 1833.846492017 692.91172807286
652 1222.3144879261 114.79085840427
653 1157.1740483563 182.23413295836
654 1046.3174470177 244.51877020971
655 1059.0215056345 137.33419657991
656 1114.0982286511 235.36187396443
657 1101.2918543893 312.04464663733
658 1032.6886019929 370.33093563207
659 978.11672078377 300.77506339332
660 975.59898896287 228.2540048847
661 284.72618840008 770.83963132423
662 228.25221850676 806.23026789138
663 187.06212386467 853.89916791423
664 127.40945845611 845.03791866997
665 104.69586145052 791.82646771402
666 771.00484182793 756.08894184557
667 1191.8913446001 836.30816553947
668 1089.276503328 450.52430089775
669 601.94507916723 1108.3814960319
670 1317.0386299652 310.46894956069
671 1668.4678545891 1323.3660277413
672 0 1687.5
673 50.8125 1656.25
674 49.25 1718.75
675 102.23829369687 1634.0197807603
676 310.16704651865 1525.0046767523
677 538.85044274827 68.141740458046
678 733.82177350143 420.56369486566
679 744.58627076331 352.20921659628
680 289.31291662268 371.52496715074
681 0 1062.5
682 55.823578979098 1031.25
683 117.18090845497 1138.853350983
684 169.31051236008 1104.4187069234
685 223.73978625827 1128.6426401244
686 62.5 0
687 0 62.5
688 991.92502145489 84.820150556802
689 902.5495606092 85.023738801539
690 822.22560602429 64.075264943837
691 1067.7779186948 57.025089602944
692 1147.3758692795 79.675587699732

[MESH_TRIANGLES]
0 138 505 507
1 171 146 152
2 196 201 202
3 47 256 310
4 275 527 556
5 612 613 611
6 445 467 468
7 215 148 147
8 357 114 297
9 224 184 199
10 204 140 369
11 171 222 146
12 171 152 232
13 495 493 387
14 494 149 677
15 204 426 5
16 121 304 163
17 236 276 324
18 497 307 136
19 333 157 138
20 193 403 269
21 245 249 224
22 140 269 141
23 346 62 305
24 182 607 172
25 140 204 402
26 220 366 64
27 4 193 5
28 10 9 192
29 267 170 74
30 248 247 377
31 193 4 167
32 269 402 5
33 4 10 167
34 239 215 182
35 61 305 62
36 312 430 7
37 294 331 201
38 173 145 308
39 205 8 7
40 150 252 429
41 42 200 424
42 17 317 240
43 119 493 495
44 426 204 427
45 72 71 191
46 666 56 221
47 429 501 428
48 118 119 540
49 119 115 252
50 494 493 252
51 420 423 200
52 167 10 192
53 226 246 284
54 143 366 220
55 56 55 221
56 373 37 318
57 65 487 253
58 233 8 205
59 268 167 322
60 181 196 202
61 408 410 233
62 196 82 81
63 464 326 463
64 370 38 234
65 60 206 55
66 59 58 188
67 29 413 30
68 616 56 282
69 55 372 221
70 285 44 668
71 426 6 5
72 689 519 154
73 423 621 311
74 84 236 85
75 80 230 81
76 490 488 489
77 26 207 20
78 65 253 66
79 676 26 254
80 145 173 142
81 366 65 64
82 243 33 228
83 208 276 236
84 22 208 23
85 199 185 186
86 208 24 23
87 253 388 66
88 196 81 201
89 224 183 184
90 49 361 50
91 676 472 474
92 645 120 644
93 563 61 67
94 227 112 111
95 460 639 641
96 307 231 333
97 163 674 121
98 237 292 413
99 224 198 183
100 109 357 359
101 475 123 472
102 111 110 209
103 459 209 110
104 315 84 83
105 25 254 26
106 470 123 122
107 359 357 165
108 223 22 21
109 562 571 561
110 189 325 41
111 669 308 145
112 33 32 228
113 236 324 85
114 266 178 291
115 208 236 335
116 169 202 418
117 38 37 234
118 277 225 368
119 563 305 61
120 396 40 39
121 189 225 325
122 368 211 87
123 147 146 222
124 669 435 436
125 307 137 136
126 83 190 227
127 414 68 229
128 293 195 361
129 190 112 227
130 8 233 9
131 449 98 319
132 83 90 190
133 227 111 278
134 88 212 89
135 198 178 183
136 6 426 7
137 226 113 112
138 290 28 27
139 190 226 112
140 90 89 212
141 476 481 364
142 178 27 35
143 110 109 358
144 260 395 396
145 350 456 325
146 371 370 234
147 645 3 304
148 420 421 188
149 258 53 52
150 320 670 255
151 405 141 269
152 144 143 168
153 688 691 655
154 320 255 437
155 44 43 668
156 322 167 192
157 100 160 101
158 93 92 255
159 615 321 257
160 441 255 319
161 260 79 78
162 202 169 197
163 60 59 313
164 251 117 118
165 98 102 319
166 357 297 165
167 147 222 215
168 132 256 133
169 67 66 388
170 46 389 256
171 316 218 13
172 46 309 174
173 310 420 47
174 174 263 389
175 235 283 345
176 78 77 225
177 46 45 309
178 133 256 389
179 299 331 294
180 134 447 446
181 174 97 263
182 91 174 92
183 420 188 423
184 257 442 648
185 131 218 316
186 375 648 101
187 296 108 107
188 19 216 400
189 195 103 175
190 103 195 615
191 649 104 257
192 210 106 105
193 649 210 105
194 176 303 391
195 621 57 616
196 264 300 176
197 361 195 175
198 302 303 300
199 220 168 143
200 210 375 486
201 108 264 175
202 49 48 214
203 49 214 293
204 443 54 444
205 446 447 323
206 393 161 392
207 218 628 432
208 48 54 214
209 293 96 95
210 239 149 148
211 264 50 175
212 237 29 28
213 197 169 30
214 391 258 51
215 629 341 326
216 651 54 53
217 9 233 411
218 108 175 103
219 651 258 394
220 258 393 394
221 291 297 266
222 536 106 476
223 127 465 128
224 333 138 137
225 225 395 78
226 113 266 114
227 185 184 34
228 95 94 195
229 78 395 260
230 177 11 19
231 235 12 283
232 400 279 265
233 20 207 515
234 19 400 177
235 31 30 169
236 51 50 176
237 177 12 11
238 12 235 13
239 181 82 196
240 170 229 68
241 292 237 273
242 185 199 184
243 272 77 76
244 184 35 34
245 266 290 178
246 77 272 211
247 88 87 211
248 100 261 160
249 76 82 181
250 184 183 35
251 199 245 224
252 31 194 228
253 35 183 178
254 169 194 31
255 261 99 397
256 181 202 197
257 248 376 245
258 216 19 18
259 272 76 181
260 90 212 241
261 314 628 131
262 58 621 423
263 199 248 245
264 16 15 217
265 186 185 33
266 217 17 16
267 551 275 680
268 41 40 189
269 14 13 218
270 241 226 190
271 204 369 232
272 543 521 520
273 336 317 217
274 545 549 523
275 365 219 126
276 219 127 126
277 631 347 337
278 230 294 201
279 216 18 240
280 268 193 167
281 470 473 362
282 262 295 288
283 331 202 201
284 191 70 327
285 280 299 294
286 287 588 72
287 94 615 195
288 382 180 378
289 22 223 276
290 262 73 72
291 170 75 74
292 347 632 191
293 583 671 451
294 191 71 70
295 170 68 75
296 262 288 73
297 273 88 211
298 91 97 174
299 33 185 34
300 274 96 293
301 47 200 42
302 17 240 18
303 210 476 106
304 555 556 527
305 81 230 201
306 365 15 219
307 125 450 126
308 316 13 235
309 135 433 628
310 431 219 15
311 466 431 433
312 322 338 339
313 220 339 338
314 371 372 55
315 455 338 192
316 171 369 275
317 222 171 275
318 207 477 363
319 173 223 489
320 247 186 243
321 224 249 198
322 77 368 225
323 277 87 86
324 241 190 90
325 212 246 241
326 278 111 209
327 83 227 315
328 31 228 32
329 194 242 243
330 381 516 492
331 243 186 33
332 80 279 230
333 69 280 70
334 403 268 404
335 281 662 663
336 152 151 232
337 428 427 232
338 408 409 282
339 411 410 666
340 36 318 37
341 55 206 371
342 12 177 283
343 313 206 60
344 84 315 335
345 22 276 208
346 284 113 226
347 273 212 88
348 486 238 480
349 213 481 480
350 215 239 148
351 182 159 239
352 317 17 217
353 327 70 280
354 414 417 331
355 212 273 246
356 379 380 377
357 194 243 228
358 247 243 242
359 144 168 244
360 244 168 453
361 199 186 248
362 249 156 198
363 284 246 237
364 226 241 246
365 247 242 250
366 250 377 247
367 247 248 186
368 245 376 187
369 229 492 516
370 245 187 249
371 250 383 379
372 652 164 398
373 330 99 98
374 679 502 115
375 149 239 677
376 488 253 487
377 363 491 515
378 341 25 24
379 470 472 123
380 437 92 309
381 320 45 44
382 132 422 256
383 46 256 47
384 104 615 257
385 321 94 93
386 52 51 258
387 443 444 469
388 412 545 499
389 392 394 393
390 344 206 313
391 283 177 328
392 99 261 100
393 274 97 96
394 617 267 288
395 133 263 134
396 107 533 296
397 50 264 176
398 80 79 401
399 343 79 260
400 266 113 284
401 291 178 198
402 288 74 73
403 382 573 564
404 339 64 349
405 339 349 661
406 5 193 269
407 193 268 403
408 409 271 616
409 198 156 270
410 623 504 626
411 181 197 272
412 197 30 413
413 292 273 211
414 246 273 237
415 274 214 443
416 97 274 447
417 527 551 506
418 275 551 527
419 223 173 406
420 350 407 308
421 324 340 85
422 225 277 325
423 463 342 209
424 236 84 335
425 279 80 401
426 294 298 280
427 230 298 294
428 630 327 280
429 305 332 346
430 307 355 231
431 205 408 233
432 616 271 621
433 328 177 265
434 351 328 343
435 237 28 284
436 284 28 290
437 668 424 425
438 154 399 691
439 549 568 548
440 129 521 500
441 544 130 129
442 295 262 589
443 582 287 583
444 267 74 288
445 301 302 289
446 264 108 296
447 178 290 27
448 284 290 266
449 198 270 291
450 266 297 114
451 211 272 292
452 272 197 413
453 293 95 195
454 214 274 293
455 298 230 279
456 299 280 69
457 586 599 603
458 288 295 617
459 537 535 364
460 296 300 264
461 291 270 297
462 165 297 270
463 279 216 298
464 630 216 240
465 414 69 68
466 229 415 414
467 535 533 107
468 301 303 302
469 300 303 176
470 301 161 303
471 300 296 302
472 303 161 391
473 120 304 121
474 479 683 571
475 332 354 346
476 638 459 358
477 165 306 359
478 669 434 308
479 281 664 665
480 456 36 41
481 45 320 437
482 92 174 309
483 316 132 131
484 344 329 370
485 621 622 311
486 200 423 424
487 501 429 334
488 679 115 116
489 421 59 188
490 457 316 235
491 135 360 433
492 432 14 218
493 227 278 315
494 342 278 209
495 329 352 345
496 422 310 256
497 217 365 336
498 327 337 191
499 434 318 36
500 374 373 244
501 442 257 321
502 320 440 670
503 44 438 320
504 438 439 440
505 441 93 255
506 102 442 319
507 338 322 192
508 339 220 64
509 54 443 214
510 134 446 135
511 276 406 407
512 340 86 85
513 86 340 277
514 325 340 350
515 209 459 461
516 254 25 629
517 630 280 298
518 337 327 240
519 265 343 328
520 260 396 351
521 283 351 345
522 633 38 370
523 692 655 691
524 397 398 164
525 414 299 69
526 418 331 417
527 307 333 137
528 305 153 332
529 231 157 333
530 504 409 503
531 7 430 205
532 278 342 315
533 208 335 24
534 452 336 450
535 337 347 191
536 240 317 337
537 631 317 336
538 338 455 454
539 220 338 454
540 349 64 63
541 268 322 339
542 350 340 324
543 325 277 340
544 24 335 341
545 335 315 342
546 326 341 342
547 342 341 335
548 343 265 401
549 351 343 260
550 421 313 59
551 457 235 352
552 351 283 328
553 352 329 344
554 354 332 203
555 62 664 663
556 450 451 452
557 72 632 287
558 9 411 455
559 221 372 374
560 662 63 663
561 404 661 662
562 407 324 276
563 434 456 308
564 39 633 351
565 345 351 329
566 352 344 353
567 235 345 352
568 313 353 344
569 310 422 667
570 355 354 203
571 354 665 664
572 231 355 203
573 355 307 498
574 162 635 634
575 505 506 507
576 109 114 357
577 636 359 306
578 638 461 459
579 358 109 359
580 465 127 466
581 469 323 443
582 50 361 175
583 293 361 49
584 675 122 673
585 67 685 684
586 474 477 207
587 490 253 488
588 482 483 485
589 483 419 512
590 365 126 450
591 15 365 217
592 488 487 367
593 65 366 487
594 211 368 77
595 366 143 367
596 277 368 87
597 612 525 356
598 171 232 369
599 344 370 206
600 370 329 633
601 370 371 206
602 371 234 372
603 373 372 234
604 372 373 374
605 37 373 234
606 244 373 318
607 453 374 244
608 348 221 374
609 375 649 648
610 486 101 160
611 380 166 377
612 248 166 376
613 166 248 377
614 516 383 385
615 379 377 250
616 378 379 382
617 492 229 170
618 379 378 380
619 517 381 492
620 383 382 379
621 517 564 573
622 383 250 385
623 383 381 573
624 574 517 384
625 606 587 605
626 242 416 250
627 416 415 385
628 386 495 518
629 493 119 252
630 140 680 369
631 491 363 513
632 681 153 682
633 174 389 46
634 263 133 389
635 521 543 566
636 412 547 545
637 391 51 176
638 161 393 391
639 394 650 390
640 391 393 258
641 259 542 541
642 651 259 54
643 225 189 395
644 396 395 189
645 40 396 189
646 351 396 39
647 99 330 398
648 398 397 99
649 652 398 330
650 438 440 320
651 652 692 164
652 279 400 216
653 177 400 265
654 343 401 79
655 279 401 265
656 5 402 204
657 269 140 402
658 268 661 404
659 141 405 136
660 404 498 497
661 404 497 405
662 269 403 405
663 404 405 403
664 407 406 173
665 276 223 406
666 308 407 173
667 407 350 324
668 408 205 409
669 410 408 282
670 503 205 430
671 678 504 503
672 666 282 56
673 411 221 348
674 348 455 411
675 233 410 411
676 500 544 129
677 237 413 29
678 272 413 292
679 415 229 385
680 331 299 414
681 250 416 385
682 414 415 417
683 242 194 416
684 418 417 416
685 415 416 417
686 418 416 194
687 169 418 194
688 202 331 418
689 537 483 512
690 484 485 481
691 47 420 200
692 421 420 310
693 310 353 421
694 313 421 353
695 316 667 132
696 667 316 457
697 58 423 188
698 424 423 311
699 424 311 425
700 42 424 43
701 409 504 623
702 658 657 285
703 427 204 232
704 7 426 312
705 428 232 151
706 312 426 427
707 428 151 429
708 312 427 428
709 150 429 151
710 502 252 115
711 501 430 312
712 205 503 409
713 432 15 14
714 432 628 431
715 218 131 628
716 15 432 431
717 628 433 431
718 433 360 466
719 456 434 36
720 144 436 435
721 244 436 144
722 318 434 436
723 244 318 436
724 92 437 255
725 45 437 309
726 44 285 438
727 438 285 439
728 658 659 657
729 653 652 330
730 439 330 440
731 449 330 98
732 442 441 319
733 93 441 321
734 442 102 648
735 441 442 321
736 444 54 259
737 274 443 323
738 445 444 259
739 448 135 446
740 543 542 565
741 128 465 467
742 447 134 263
743 448 446 323
744 97 447 263
745 274 323 447
746 469 445 468
747 135 448 468
748 670 319 255
749 440 330 449
750 125 451 450
751 365 450 336
752 546 130 544
753 548 583 567
754 671 452 451
755 631 452 347
756 168 220 454
757 374 453 348
758 348 453 454
759 168 454 453
760 455 192 9
761 348 454 455
762 325 456 41
763 308 456 350
764 352 353 457
765 667 457 353
766 110 358 459
767 138 157 505
768 635 358 636
769 639 637 528
770 462 461 460
771 638 637 460
772 209 461 463
773 475 510 123
774 463 326 342
775 461 462 463
776 464 463 462
777 510 462 124
778 629 464 254
779 466 127 219
780 467 465 360
781 466 219 431
782 360 465 466
783 468 467 360
784 128 467 445
785 135 468 360
786 468 448 469
787 323 469 448
788 445 469 444
789 673 122 674
790 472 470 362
791 474 472 362
792 672 471 673
793 472 254 475
794 471 158 473
795 509 473 158
796 509 362 473
797 207 26 676
798 254 464 475
799 510 475 464
800 213 480 238
801 476 210 480
802 530 474 362
803 486 480 210
804 477 530 531
805 509 531 530
806 562 478 571
807 364 535 536
808 1 483 482
809 480 481 476
810 1 419 483
811 484 481 213
812 512 533 535
813 532 534 289
814 482 485 484
815 481 485 364
816 101 486 375
817 160 238 486
818 366 367 487
819 488 367 142
820 489 142 173
821 488 142 489
822 514 223 21
823 490 388 253
824 491 490 489
825 490 491 513
826 514 489 223
827 491 514 515
828 267 538 170
829 517 538 384
830 494 252 150
831 387 496 518
832 149 494 150
833 387 677 496
834 540 119 495
835 494 387 493
836 677 239 159
837 405 497 136
838 498 281 665
839 498 404 281
840 307 497 498
841 129 128 520
842 567 451 125
843 545 523 544
844 430 501 334
845 428 501 312
846 334 429 502
847 252 502 429
848 334 678 430
849 679 504 678
850 627 117 624
851 425 622 625
852 157 458 505
853 505 458 506
854 356 525 524
855 506 524 525
856 506 139 507
857 139 138 507
858 570 569 561
859 639 460 637
860 474 530 477
861 462 510 464
862 123 510 124
863 511 685 513
864 561 511 570
865 513 363 570
866 289 302 532
867 490 513 388
868 514 21 515
869 489 514 491
870 20 515 21
871 207 363 515
872 383 516 381
873 229 516 385
874 492 538 517
875 267 384 538
876 154 688 689
877 387 518 495
878 118 690 689
879 128 445 520
880 541 445 259
881 520 521 129
882 520 445 541
883 500 155 499
884 521 155 500
885 506 458 524
886 554 611 614
887 506 525 527
888 608 609 172
889 607 608 172
890 525 553 527
891 553 555 527
892 637 638 635
893 641 640 647
894 362 509 530
895 559 558 529
896 557 529 558
897 531 558 559
898 477 531 569
899 533 302 296
900 534 512 419
901 512 532 533
902 533 532 302
903 536 535 107
904 512 534 532
905 537 364 485
906 106 536 107
907 364 536 476
908 483 537 485
909 512 535 537
910 170 538 492
911 574 564 517
912 595 586 597
913 590 592 585
914 690 495 386
915 690 519 689
916 651 542 259
917 543 541 542
918 394 390 542
919 543 565 522
920 543 522 566
921 520 541 543
922 545 544 500
923 546 544 523
924 499 545 500
925 286 550 568
926 546 523 548
927 125 130 546
928 286 549 547
929 547 549 545
930 286 568 549
931 548 578 583
932 548 523 549
933 568 550 575
934 568 575 578
935 369 680 275
936 506 551 139
937 680 140 552
938 139 551 552
939 611 554 555
940 608 554 609
941 215 222 556
942 526 612 356
943 555 554 556
944 556 554 608
945 275 556 222
946 531 509 558
947 509 158 557
948 509 557 558
949 478 562 560
950 478 479 571
951 531 559 561
952 559 529 560
953 562 559 560
954 683 479 563
955 561 559 562
956 681 682 563
957 388 685 67
958 577 580 572
959 382 564 180
960 542 390 565
961 390 522 565
962 522 155 566
963 521 566 155
964 125 546 567
965 548 567 546
966 577 575 576
967 477 569 363
968 531 561 569
969 513 570 511
970 363 569 570
971 511 561 571
972 383 573 382
973 578 548 568
974 517 573 381
975 595 574 384
976 564 605 180
977 577 576 179
978 575 572 578
979 588 589 262
980 575 550 576
981 575 577 572
982 582 578 572
983 583 451 567
984 179 581 584
985 585 580 584
986 179 584 577
987 590 585 581
988 577 584 580
989 589 572 580
990 72 588 262
991 582 583 578
992 671 583 287
993 585 584 581
994 590 579 592
995 580 585 594
996 591 598 592
997 598 599 586
998 287 582 588
999 587 606 597
1000 588 582 589
1001 572 589 582
1002 580 295 589
1003 581 579 590
1004 592 579 591
1005 2 601 604
1006 384 596 595
1007 596 593 598
1008 592 593 594
1009 619 267 617
1010 592 594 585
1011 618 594 593
1012 580 594 295
1013 384 619 596
1014 586 603 597
1015 593 592 598
1016 586 595 596
1017 587 597 539
1018 574 595 597
1019 599 598 591
1020 586 596 598
1021 602 579 600
1022 603 539 597
1023 579 602 591
1024 591 602 599
1025 599 602 604
1026 604 602 600
1027 604 603 599
1028 601 539 603
1029 2 604 600
1030 604 601 603
1031 564 574 606
1032 606 605 564
1033 597 606 574
1034 182 215 607
1035 608 607 215
1036 556 608 215
1037 611 613 614
1038 555 553 611
1039 610 172 609
1040 686 610 614
1041 553 612 611
1042 613 612 526
1043 612 553 525
1044 686 687 0
1045 613 686 614
1046 610 609 614
1047 554 614 609
1048 615 104 103
1049 321 615 94
1050 56 616 57
1051 409 616 282
1052 618 295 594
1053 618 593 619
1054 593 596 619
1055 295 618 617
1056 267 619 384
1057 617 618 619
1058 621 58 57
1059 643 644 642
1060 622 621 271
1061 623 622 271
1062 425 311 622
1063 409 623 271
1064 626 504 627
1065 660 251 655
1066 625 624 425
1067 622 623 625
1068 625 623 626
1069 504 679 627
1070 625 626 624
1071 117 627 116
1072 624 626 627
1073 135 628 314
1074 341 629 25
1075 464 629 326
1076 216 630 298
1077 240 327 630
1078 317 631 337
1079 452 631 336
1080 191 632 72
1081 671 632 347
1082 633 39 38
1083 329 351 633
1084 640 528 508
1085 636 634 635
1086 162 637 635
1087 359 636 358
1088 306 634 636
1089 528 640 639
1090 162 528 637
1091 461 638 460
1092 358 635 638
1093 641 462 460
1094 642 640 508
1095 641 124 462
1096 639 640 641
1097 640 642 647
1098 644 643 620
1099 647 646 124
1100 645 644 620
1101 642 508 643
1102 120 642 644
1103 3 645 620
1104 120 645 304
1105 646 647 642
1106 642 120 646
1107 124 641 647
1108 101 648 102
1109 375 210 649
1110 104 649 105
1111 257 648 649
1112 258 651 53
1113 394 392 650
1114 542 651 394
1115 653 330 439
1116 655 692 653
1117 656 653 439
1118 656 655 653
1119 656 439 657
1120 657 659 654
1121 660 655 654
1122 688 655 251
1123 657 439 285
1124 655 656 654
1125 668 658 285
1126 654 656 657
1127 425 624 658
1128 658 624 659
1129 624 117 659
1130 660 117 251
1131 654 659 660
1132 117 660 659
1133 339 661 268
1134 662 661 349
1135 63 662 349
1136 404 662 281
1137 63 62 663
1138 664 62 346
1139 354 664 346
1140 281 663 664
1141 354 355 665
1142 498 665 355
1143 411 666 221
1144 282 666 410
1145 310 667 353
1146 132 667 422
1147 424 668 43
1148 658 668 425
1149 435 669 145
1150 434 669 436
1151 440 449 670
1152 319 670 449
1153 632 671 287
1154 452 671 347
1155 471 473 673
1156 674 672 673
1157 122 675 470
1158 121 674 122
1159 163 672 674
1160 673 473 675
1161 473 470 675
1162 472 676 254
1163 207 676 474
1164 496 677 159
1165 494 677 387
1166 430 678 503
1167 679 678 334
1168 502 679 334
1169 679 116 627
1170 551 680 552
1171 153 305 682
1172 563 479 681
1173 305 563 682
1174 684 563 67
1175 511 571 683
1176 511 683 684
1177 563 684 683
1178 513 685 388
1179 511 684 685
1180 688 251 689
1181 687 686 613
1182 613 526 687
1183 495 690 540
1184 251 118 689
1185 690 118 540
1186 154 691 688
1187 386 519 690
1188 692 691 399
1189 164 692 399
1190 653 692 652

[MESH_BOUNDARY_NODES]
153 0 3
154 1 0
155 2 1
156 3 2
157 0 3
158 0 3
159 1 0
160 1 0
161 2 1
162 3 2
163 0 3
164 1 0
165 3 2
166 3 2
172 1 0
179 2 1
180 3 2
182 1 0
187 3 2
203 0 3
213 1 0
231 0 3
238 1 0
249 3 2
261 1 0
270 3 2
286 2 1
289 2 1
301 2 1
304 0 3
306 3 2
314 135 131
332 0 3
356 0 3
367 143 142
376 3 2
378 3 2
380 3 2
386 1 0
390 2 1
392 2 1
397 1 0
399 1 0
412 2 1
419 2 1
435 145 144
458 0 3
471 0 3
478 0 3
479 0 3
482 1 0
484 1 0
496 1 0
499 2 1
508 3 2
518 1 0
519 1 0
522 2 1
524 0 3
526 0 3
528 3 2
529 0 3
534 2 1
539 3 2
547 2 1
550 2 1
552 140 139
557 0 3
560 0 3
576 2 1
579 2 1
581 2 1
587 3 2
600 2 1
601 3 2
605 3 2
610 1 0
620 3 2
634 3 2
643 3 2
646 124 120
650 2 1
672 0 3
681 0 3
686 1 0
687 0 3


[TRIMESH_CONVEX_REGION]
REGION_LABEL 0
192
9
205
282
56
55
371
37
36
434
144
220


[TRIMESH_CONVEX_REGION]
REGION_LABEL 1
499
500
129
128
135
134
174
97
214
54
565
522
155


[TRIMESH_CONVEX_REGION]
REGION_LABEL 2
0
686
610
172
182
556
138
333
231
157
458
524
356
526
687


[TRIMESH_CONVEX_REGION]
REGION_LABEL 3
419
535
106
105
649
648
101
160
238
213
484
482
1


[TRIMESH_CONVEX_REGION]
REGION_LABEL 4
175
108
107
537
1
419
534
289
301
161
391
51
50


[TRIMESH_CONVEX_REGION]
REGION_LABEL 5
688
98
102
257
93
92
44
625
504
117


[TRIMESH_CONVEX_REGION]
REGION_LABEL 6
585
590
579
600
2
601
539
587
605
180
378
380
166
376
249
224
184
33
417
414
68
74
295


[TRIMESH_CONVEX_REGION]
REGION_LABEL 7
569
558
529
560
478
479
681
153
332
203
231
157
505
138
62
61


[TRIMESH_CONVEX_REGION]
REGION_LABEL 8
643
642
647
641
109
114
178
199
248
376
187
249
156
270
165
306
634
162
528
508


[TRIMESH_CONVEX_REGION]
REGION_LABEL 9
600
384
267
72
632
130
521
522
155
499
547
286
550
576
581
579


[TRIMESH_CONVEX_REGION]
REGION_LABEL 10
10
192
143
367
142
489
253
65
64
403
269
4


[TRIMESH_CONVEX_REGION]
REGION_LABEL 11
131
13
12
343
260
39
38
372
60
59
200
47
256
132


[TRIMESH_CONVEX_REGION]
REGION_LABEL 12
640
462
24
208
236
84
83
111
358
162
528


[TRIMESH_CONVEX_REGION]
REGION_LABEL 13
163
672
471
158
557
529
478
67
66
366
143
367
142
223
21
472
122


[TRIMESH_CONVEX_REGION]
REGION_LABEL 14
346
354
136
141
140
204
5
322
64
63


[TRIMESH_CONVEX_REGION]
REGION_LABEL 15
236
84
111
110
636
634
162
528
640
647
124
475
254
25
24


[TRIMESH_CONVEX_REGION]
REGION_LABEL 16
499
500
129
128
135
134
263
54
650
390
155


[TRIMESH_CONVEX_REGION]
REGION_LABEL 17
224
249
156
270
165
114
113
246
273
28
27


[TRIMESH_CONVEX_REGION]
REGION_LABEL 18
307
10
9
233
56
55
371
38
37
318
144
143
64
665
355


[TRIMESH_CONVEX_REGION]
REGION_LABEL 19
433
135
446
323
54
53
392
650
390
522
155
521
128
465


[TRIMESH_CONVEX_REGION]
REGION_LABEL 20
200
423
621
7
402
140
369
151
252
115
116
424


[TRIMESH_CONVEX_REGION]
REGION_LABEL 21
371
47
46
91
97
263
133
132
457
39
38
234


[TRIMESH_CONVEX_REGION]
REGION_LABEL 22
597
30
273
88
76
82
81
294
69
68
596
586


[TRIMESH_CONVEX_REGION]
REGION_LABEL 23
579
592
594
130
129
542
390
522
155
499
547
286
550
576
179
581


[TRIMESH_CONVEX_REGION]
REGION_LABEL 24
85
335
22
489
142
145
434
36
41
277


[TRIMESH_CONVEX_REGION]
REGION_LABEL 25
41
78
77
87
86
276
406
145
435
434


[TRIMESH_CONVEX_REGION]
REGION_LABEL 26
316
131
314
135
469
445
128
127
15
14


[TRIMESH_CONVEX_REGION]
REGION_LABEL 27
181
29
28
290
266
113
112
190
90
88
77
76


[TRIMESH_CONVEX_REGION]
REGION_LABEL 28
601
539
587
605
180
378
380
166
187
249
270
291
178
35
34
33
295
599


[TRIMESH_CONVEX_REGION]
REGION_LABEL 29
195
361
49
54
127
126
336
631
337
317
15
135
274


[TRIMESH_CONVEX_REGION]
REGION_LABEL 30
41
40
39
345
235
12
19
216
298
80
79
395
189


[TRIMESH_CONVEX_REGION]
REGION_LABEL 31
579
72
191
240
17
16
15
126
125
568
550
576
179
581


[TRIMESH_CONVEX_REGION]
REGION_LABEL 32
334
429
150
149
239
159
496
518
386
119


[TRIMESH_CONVEX_REGION]
REGION_LABEL 33
601
539
587
605
180
378
380
166
33
32
31
196
81
230
69
68
596


[TRIMESH_CONVEX_REGION]
REGION_LABEL 34
318
36
84
315
24
23
22
436


[TRIMESH_CONVEX_REGION]
REGION_LABEL 35
0
686
610
172
607
147
146
427
426
140
552
139
524
356
526
687


[TRIMESH_CONVEX_REGION]
REGION_LABEL 36
484
482
1
419
534
289
301
161
392
650
390
394
51
264
107


[TRIMESH_CONVEX_REGION]
REGION_LABEL 37
441
255
44
43
668
117
118
386
519
154
399
164
99
98


[TRIMESH_CONVEX_REGION]
REGION_LABEL 38
81
196
197
29
290
266
113
112
90
89
88
76
82


[TRIMESH_CONVEX_REGION]
REGION_LABEL 39
547
286
550
572
588
72
71
70
280
279
400
18
17
125
546
523


[TRIMESH_CONVEX_REGION]
REGION_LABEL 40
260
39
38
372
55
60
47
256
132
131
13
12
343


[TRIMESH_CONVEX_REGION]
REGION_LABEL 41
357
165
306
634
162
639
124
123
557
529
562
561
26
110
109


[TRIMESH_CONVEX_REGION]
REGION_LABEL 42
283
329
313
59
58
117
659
43
42
47
13
12


[TRIMESH_CONVEX_REGION]
REGION_LABEL 43
475
123
122
471
158
557
529
560
478
67
66
487
489
21
20
26


[TRIMESH_CONVEX_REGION]
REGION_LABEL 44
312
426
140
552
139
524
356
526
687
0
686
610
172
146
152


[TRIMESH_CONVEX_REGION]
REGION_LABEL 45
50
49
293
95
94
648
649
104
103


[TRIMESH_CONVEX_REGION]
REGION_LABEL 46
425
658
102
375
105
104
94
93
44


[TRIMESH_CONVEX_REGION]
REGION_LABEL 47
153
67
388
122
121
304
163
672
471
158
557
529
560
478
479
681


[TRIMESH_CONVEX_REGION]
REGION_LABEL 48
336
191
70
69
416
242
31
30
197
181
81
18
17


[TRIMESH_CONVEX_REGION]
REGION_LABEL 49
110
109
357
165
306
634
162
528
508
643
620
3
120
646
124
463
209


[TRIMESH_CONVEX_REGION]
REGION_LABEL 50
634
162
639
124
123
557
529
560
478
562
26
25
342
111
110
636


[TRIMESH_CONVEX_REGION]
REGION_LABEL 51
303
50
49
274
96
95
103
108
300


[TRIMESH_CONVEX_REGION]
REGION_LABEL 52
289
107
106
375
101
160
238
213
484
482
1
419
534


[TRIMESH_CONVEX_REGION]
REGION_LABEL 53
578
129
520
53
52
51
303
301
161
392
650
390
522
155
499
412
547
286
550


[TRIMESH_CONVEX_REGION]
REGION_LABEL 54
33
169
81
80
400
19
18
317
631
191
70
69
247
186


[TRIMESH_CONVEX_REGION]
REGION_LABEL 55
113
226
88
87
368
77
76
202
29


[TRIMESH_CONVEX_REGION]
REGION_LABEL 56
261
99
330
656
118
119
494
149
182
159
496
518
386
519
154
399
164
397


[TRIMESH_CONVEX_REGION]
REGION_LABEL 57
689
149
148
613
687
0
686
610
172
182
159
496
518
386
519


[TRIMESH_CONVEX_REGION]
REGION_LABEL 58
643
620
3
304
163
121
120


[TRIMESH_CONVEX_REGION]
REGION_LABEL 59
346
354
136
141
140
5
4
454
220
64
63


[TRIMESH_CONVEX_REGION]
REGION_LABEL 60
118
386
519
154
399
398
98
442
92
174
45
44
658
117


[TRIMESH_CONVEX_REGION]
REGION_LABEL 61
440
438
311
57
56
244
144
143
9
8
334
116
117
660
656


[TRIMESH_CONVEX_REGION]
REGION_LABEL 62
263
96
95
195
361
49
48
54
468
135
134


[TRIMESH_CONVEX_REGION]
REGION_LABEL 63
430
503
409
616
56
36
456
324
236
406
145
435
144
454
8


[TRIMESH_CONVEX_REGION]
REGION_LABEL 64
0
686
610
172
182
239
148
147
222
139
138
157
458
524
356
526
687


[TRIMESH_CONVEX_REGION]
REGION_LABEL 65
86
340
41
40
39
351
78
77
87


[TRIMESH_CONVEX_REGION]
REGION_LABEL 66
626
623
409
140
552
139
524
356
526
152
151


[TRIMESH_CONVEX_REGION]
REGION_LABEL 67
259
134
133
97
96
293
54


[TRIMESH_CONVEX_REGION]
REGION_LABEL 68
437
92
91
97
447
446
134
133
256
46


[TRIMESH_CONVEX_REGION]
REGION_LABEL 69
455
338
63
62
332
203
231
136
405
4
10


[TRIMESH_CONVEX_REGION]
REGION_LABEL 70
130
545
547
179
581
579
600
2
601
539
587
180
382
74
73


[TRIMESH_CONVEX_REGION]
REGION_LABEL 71
326
24
208
236
84
83
190
112
111
209
463


[TRIMESH_CONVEX_REGION]
REGION_LABEL 72
330
98
102
442
92
174
389
46
45


[TRIMESH_CONVEX_REGION]
REGION_LABEL 73
522
128
219
14
13
235
352
457
316
131
314
135
469
259
390


[TRIMESH_CONVEX_REGION]
REGION_LABEL 74
332
203
231
157
458
138
137
497
662
63
62


[TRIMESH_CONVEX_REGION]
REGION_LABEL 75
159
496
518
386
519
154
399
164
397
261
160
100
99
118
119
494


[TRIMESH_CONVEX_REGION]
REGION_LABEL 76
2
601
539
587
605
180
73
72
125
130
545
547
286
550
576
581
579


[TRIMESH_CONVEX_REGION]
REGION_LABEL 77
249
224
33
228
194
68
75
74
590
579
2
601
539
587
605
180
378
380
166
376
187


[TRIMESH_CONVEX_REGION]
REGION_LABEL 78
292
413
29
28
290
266
113
112
227
315
83
90


[TRIMESH_CONVEX_REGION]
REGION_LABEL 79
163
672
471
158
529
560
478
683
66
65
143
367
142
223
21
472
122


[TRIMESH_CONVEX_REGION]
REGION_LABEL 80
471
158
529
560
478
479
681
153
332
203
354
61
67
513
20
26
475
123
122


[TRIMESH_CONVEX_REGION]
REGION_LABEL 81
491
145
669
41
395
78
77
86
85
236
208
22


[TRIMESH_CONVEX_REGION]
REGION_LABEL 82
436
36
41
85
84
335
24
22
223
145


[TRIMESH_CONVEX_REGION]
REGION_LABEL 83
426
427
151
150
387
119
115
679
678
503
205
7


[TRIMESH_CONVEX_REGION]
REGION_LABEL 84
344
457
12
11
19
80
79
395
189
39


[TRIMESH_CONVEX_REGION]
REGION_LABEL 85
454
220
64
63
346
332
203
231
157
137
136


[TRIMESH_CONVEX_REGION]
REGION_LABEL 86
116
657
285
43
424
311
271
7
6
402
140
680
275
171
151


[TRIMESH_CONVEX_REGION]
REGION_LABEL 87
235
12
11
19
400
79
78
277
340
41
40
39
345


[TRIMESH_CONVEX_REGION]
REGION_LABEL 88
87
86
22
21
515
363
142
145
434
36
41
225
368


[TRIMESH_CONVEX_REGION]
REGION_LABEL 89
374
348
8
7
429
502
116
657
285
668
311
57
56


[TRIMESH_CONVEX_REGION]
REGION_LABEL 90
1
483
105
257
442
102
101
238
213
484
482


[TRIMESH_CONVEX_REGION]
REGION_LABEL 91
678
430
6
5
269
140
171
152
151
429
334


[TRIMESH_CONVEX_REGION]
REGION_LABEL 92
376
187
249
156
270
165
114
113
284
27
35
184


[TRIMESH_CONVEX_REGION]
REGION_LABEL 93
289
532
101
100
261
160
238
213
484
482
1
419
534


[TRIMESH_CONVEX_REGION]
REGION_LABEL 94
501
116
117
659
43
42
200
58
57
411
8
7


[TRIMESH_CONVEX_REGION]
REGION_LABEL 95
191
70
69
30
29
226
90
89
88
76
82
81
327


[TRIMESH_CONVEX_REGION_TRIANGLES]
REGION_LABEL 0
607
500
360
757
606
56
759
608
758
673
340
359
604
605
559
1143
721
339
723
499
1144
756
672
603
669
69
46
55
722
602
61
431
314
674
558
675
539
217
538
760
761
315


[TRIMESH_CONVEX_REGION_TRIANGLES]
REGION_LABEL 1
510
739
743
787
747
180
205
745
742
581
416
786
746
744
181
788
737
387
6
204
415
784
509
736
879
738
882
880
841
881
272
635
641
921
963
917
740
920
919
962
884
440
883


[TRIMESH_CONVEX_REGION_TRIANGLES]
REGION_LABEL 2
853
885
852
855
854
767
575
597
19
942
0
1043
887
529
890
1041
891
1038
5
304
1042
939
886
943
944
1182
1037
1047
940
1045
1046
1181
888
1040
1039
889
24
1044


[TRIMESH_CONVEX_REGION_TRIANGLES]
REGION_LABEL 3
193
1109
200
816
610
609
186
803
348
817
192
303
801
222
800
907
141
349
809
811
807
690
815
814
905
459
588
808
908
810


[TRIMESH_CONVEX_REGION_TRIANGLES]
REGION_LABEL 4
445
866
902
899
901
904
468
471
813
470
472
198
194
396
467
469
187
637
900
812
236
397
196
589
460
810
909
211
689
446
201


[TRIMESH_CONVEX_REGION_TRIANGLES]
REGION_LABEL 5
1123
727
504
650
502
730
749
503
726
1151
1119
1115
1126
702
1117
728
731
131
165
1152
748
506
150
1128
70
1118
160
154
732
1120
505
1127
1129
1131
1148
735
1125
158
1066
501
1132
724
1121
1124
1065
733
1070
1072
850
1130
1064
1122


[TRIMESH_CONVEX_REGION_TRIANGLES]
REGION_LABEL 6
972
403
620
959
288
616
618
976
1032
621
356
1031
911
623
611
1033
615
371
625
613
999
622
1017
614
681
366
974
627
872
1022
330
369
619
30
679
626
617
624
1018
466
975
873
612
240
257
263
910
251
828
1014
1028
874
9
912
365
829
127
29
682
875
1006
1013
685
21
361
85
1056
1009
358
367
368
1016
265
457
320
1057
1030
370
331
1005
1020
1054
242
997
1055
1052
1053
1027
1019
1029
1011
1024
1025
1007
996
1004
1026
1008
1023
994
1015
1010
913
1021


[TRIMESH_CONVEX_REGION_TRIANGLES]
REGION_LABEL 7
23
429
35
119
528
475
1138
1139
554
570
1173
1171
1141
956
632
572
571
1172
954
474
1175
1177
950
1176
430
96
806
971
949
529
109
19
767
955
953
951
897
895
968
952


[TRIMESH_CONVEX_REGION_TRIANGLES]
REGION_LABEL 8
576
8
166
107
100
579
1087
477
768
577
462
461
449
1092
1088
892
401
771
1086
409
1090
362
321
135
574
99
859
769
1085
1089
1084
21
370
95
1096
1094
368
257
893
251
1097
263
1101


[TRIMESH_CONVEX_REGION_TRIANGLES]
REGION_LABEL 9
929
274
932
843
922
439
973
930
925
931
753
926
923
991
924
982
443
992
883
978
928
981
965
983
388
884
934
933
963
293
966
958
989
636
988
1002
962
1012
442
1001
998
1052
1153
980
286
752
979
1011
990
985
1000
995
557
993
282
1008
977
1053
1054
1057
1010
986
1055
987
984
1015
458
1007
394
1009
1013
913
994
1003
1004
1023
1056
996
1021


[TRIMESH_CONVEX_REGION_TRIANGLES]
REGION_LABEL 10
57
593
81
26
818
508
595
592
376
313
54
819
312
507
821
541
156
59
280
31
407
20
33
52


[TRIMESH_CONVEX_REGION_TRIANGLES]
REGION_LABEL 11
343
390
599
163
568
484
566
764
553
550
495
489
694
148
693
765
600
1083
565
551
522
64
567
490
692
1145
564
173
146
3
601
1082
175
308
569
1146
521
496
382
552
695
696
434
602
691
549
231
483
238


[TRIMESH_CONVEX_REGION_TRIANGLES]
REGION_LABEL 12
533
544
115
547
545
546
344
104
532
774
424
423
772
775
493
133
494
326
770
1091
771
327
515
892
578
476
1093
859
1092
769
1086
1090
95
1089
1096


[TRIMESH_CONVEX_REGION_TRIANGLES]
REGION_LABEL 13
87
169
823
587
867
1178
76
863
957
969
864
865
631
824
377
585
1179
858
825
827
970
871
318
821
869
819
1176
967
376
971
968
592
898
804
826
1175
109
951
955
822
868
860
897
818
586
806
895
949
595
953
896
946
952
802
894
791
796
795
281
805
947
948
790
794
1155
1161
1160
792
1156
1157
789
584
1159


[TRIMESH_CONVEX_REGION_TRIANGLES]
REGION_LABEL 14
151
22
662
20
659
837
406
663
661
407
657
25
32
334
658
561
656
660
1136
839
1133
1134
541
838
335
405
404
1135
1140
479
560
571
540
1139


[TRIMESH_CONVEX_REGION_TRIANGLES]
REGION_LABEL 15
1075
63
774
215
1074
776
778
546
516
861
378
777
775
547
772
544
1095
1107
423
515
893
798
578
103
766
1096
1093
95
859
494
326
102
771
1091
799
1089
770
769
545
892
1092
532
1086
476
574
1090
768
1085
344
424


[TRIMESH_CONVEX_REGION_TRIANGLES]
REGION_LABEL 16
642
736
204
387
788
738
880
581
746
916
641
917
786
6
882
787
743
921
205
740
739
510
960
1114
918
272
784
639
180
879
881
440
742
635
963
747
919
961
962
920
841
884
883


[TRIMESH_CONVEX_REGION_TRIANGLES]
REGION_LABEL 17
436
138
447
245
435
114
221
461
450
448
400
462
363
449
414
409
226
401
362
135
99
321


[TRIMESH_CONVEX_REGION_TRIANGLES]
REGION_LABEL 18
28
760
315
507
312
538
156
558
59
313
539
217
541
52
508
1133
675
404
339
756
761
199
1143
152
674
46
55
405
69
314
673
602
758
559
759
603
1134
608
757
605
604
607
117
500
360
359
606
56
658
561
1136
839
838
1142
573
660
840


[TRIMESH_CONVEX_REGION_TRIANGLES]
REGION_LABEL 19
216
642
916
736
1114
918
639
960
738
788
746
1113
961
6
641
880
784
741
740
919
917
921
882
783
879
780
920
272
786
635
785
747
787
743
739
962
963
491


[TRIMESH_CONVEX_REGION_TRIANGLES]
REGION_LABEL 20
374
488
1168
1169
1167
846
848
487
844
710
847
849
47
1166
707
845
708
705
1069
670
337
706
671
704
44
531
36
1064
711
703
271
10
410
530
712
701
25
1063
1061
1068
1067
1060
485
73
698
486


[TRIMESH_CONVEX_REGION_TRIANGLES]
REGION_LABEL 21
383
170
633
178
3
634
168
382
496
1146
174
181
569
1145
298
765
693
694
568
764
566
553
484
600
599
390
522
1082
64
601
146


[TRIMESH_CONVEX_REGION_TRIANGLES]
REGION_LABEL 22
2
60
239
88
256
283
249
62
688
116
526
411
162
452
37
259
678
451
687
686
684
412
354
682
685
627
466
679
213
680
127
873
240
179
525
369
413
465
617
297
330
910
874
619
829
624
975
1006
1016
912
1018


[TRIMESH_CONVEX_REGION_TRIANGLES]
REGION_LABEL 23
441
752
676
922
843
923
274
924
440
932
926
929
884
883
439
930
973
636
934
388
928
925
933
980
963
966
981
978
962
958
920
988
919
977
635
986
740
985
984
960
961
993
995
1010
913
987
1003
994


[TRIMESH_CONVEX_REGION_TRIANGLES]
REGION_LABEL 24
666
664
419
38
420
763
563
665
289
511
80
345
719
319
145
820
83
480
762
514
115
542
667
562
543
17
421
113


[TRIMESH_CONVEX_REGION_TRIANGLES]
REGION_LABEL 25
596
323
513
118
543
514
145
763
322
563
478
542
176
420
422
667
562
111
666
664
1149
762
38
511


[TRIMESH_CONVEX_REGION_TRIANGLES]
REGION_LABEL 26
714
716
717
309
491
785
310
713
718
311
783
1073
6
746
261
780
782
715
781
207
779
580
741
492
185
223
784


[TRIMESH_CONVEX_REGION_TRIANGLES]
REGION_LABEL 27
355
325
414
347
241
260
297
363
364
53
413
270
324
435
451
346
98
678
246
139
400
436
448
212
677
243
137
259


[TRIMESH_CONVEX_REGION_TRIANGLES]
REGION_LABEL 28
250
253
89
244
135
227
299
242
99
9
251
265
85
401
331
21
320
370
367
358
30
449
361
263
321
613
365
366
611
362
409
612
257
368
356
618
616
620
288
615
959
371
972
623
403
872
622
974
614
621
976
1032
330
1031
625
619
911
999
1033
874
829
624
875
1018
912
975
1006
1013
1016
1020
1056
1007
1009
1017
1054
1053
1057
997
457
1055
1014
1022
1028


[TRIMESH_CONVEX_REGION_TRIANGLES]
REGION_LABEL 29
591
497
306
275
310
781
273
276
779
580
782
537
311
718
780
783
491
785
747
1078
786
787
581
737
415
454
387
509
204
203
583
128


[TRIMESH_CONVEX_REGION_TRIANGLES]
REGION_LABEL 30
520
646
549
120
434
144
519
645
399
654
548
552
655
644
433
391
653
521
234
175
188
342
231
652
232
398
463
425
268


[TRIMESH_CONVEX_REGION_TRIANGLES]
REGION_LABEL 31
307
750
590
751
556
534
497
754
293
1154
842
992
755
443
273
277
1078
1081
991
1079
535
591
982
978
934
931
998
286
981
292
557
933
990
983
536
973
352
537
1080
1000
979
1153
753
980
1001
966
42
266
958
977
264
988
989
986
985
993
987
1003
984


[TRIMESH_CONVEX_REGION_TRIANGLES]
REGION_LABEL 32
830
50
629
43
832
40
847
13
877
831
14
628
375
836
835
1164
833
1165
846


[TRIMESH_CONVEX_REGION_TRIANGLES]
REGION_LABEL 33
329
683
626
358
686
320
365
357
684
685
252
254
366
615
681
687
328
331
526
371
682
116
82
356
622
354
688
112
618
614
872
620
611
616
283
466
2
288
680
623
330
88
37
627
127
278
525
619
179
305
972
369
465
679
874
873
617
829
240
403
974
621
911
959
1031
910
624
1032
975
1006
1018
1016
976
1033
912
999
1014
1017
625
1022
1028


[TRIMESH_CONVEX_REGION_TRIANGLES]
REGION_LABEL 34
84
86
533
115
424
83
345
344
17
562
511
667
420
664
666
763
563
478
1150
719
499
722


[TRIMESH_CONVEX_REGION_TRIANGLES]
REGION_LABEL 35
417
418
267
1170
935
316
630
937
887
4
938
945
936
890
317
855
891
1038
941
10
271
1041
1036
1043
598
597
5
944
942
11
1042
1037
939
943
304
123
167
940
703
854
888
44
886
1047
1035
1182
1046
1045
1039
889
1181
1040
1044


[TRIMESH_CONVEX_REGION_TRIANGLES]
REGION_LABEL 36
638
640
472
194
469
214
206
389
637
196
220
1113
460
639
198
468
470
445
471
899
866
902
396
467
901
812
904
813
900
909
689
589
908
810
588
814
808


[TRIMESH_CONVEX_REGION_TRIANGLES]
REGION_LABEL 37
1184
878
164
1130
1132
1131
1120
1121
1124
1180
1065
915
1122
72
876
153
728
1186
702
1187
1125
1126
523
1188
1116
438
1119
1123
70
727
726
1117
1118
503
1189
1190
729
1115
649
372
651
730
504
749
650
155
731
647
373
1151
131
502
1152
748
160
150


[TRIMESH_CONVEX_REGION_TRIANGLES]
REGION_LABEL 38
134
347
355
297
325
413
451
241
678
98
414
140
260
677
363
452
364
53
346
400
411
259
137
249
239
448
62


[TRIMESH_CONVEX_REGION_TRIANGLES]
REGION_LABEL 39
518
1077
536
498
42
535
302
277
284
428
353
294
755
517
1076
464
1078
45
1079
279
463
537
652
292
1080
1154
1081
1153
534
557
556
992
443
754
750
998
293
983
842
286
991
964
965
753
982
931
973
439
926
932
978
934
933
925
930
928


[TRIMESH_CONVEX_REGION_TRIANGLES]
REGION_LABEL 40
341
65
343
390
599
314
601
146
484
602
600
568
694
64
553
522
1082
495
564
566
1083
567
764
175
521
551
490
693
308
552
1145
238
692
231
569
696
765
565
1146
496
382
695
173
3
434
483
549


[TRIMESH_CONVEX_REGION_TRIANGLES]
REGION_LABEL 41
91
1163
1162
797
793
79
798
791
802
799
860
804
861
778
101
777
773
862
586
790
776
894
775
1075
898
379
805
772
63
1095
1093
770
946
948
1091
771
859
897
968
892
515
103
766
951
476
95
578
1092
896
1086
574
143
768
1087
577
955
477
1085
579
107
895
100
1088


[TRIMESH_CONVEX_REGION_TRIANGLES]
REGION_LABEL 42
697
262
66
183
73
698
486
41
51
700
699
489
691
173
301
692
1062
485
148
693
1147
437
694
550
568
566
553
851
1148
1127
764
551
490
1066
1128
495
696
1129
765
1145
569
308
567
238
175
231


[TRIMESH_CONVEX_REGION_TRIANGLES]
REGION_LABEL 43
77
797
233
871
318
1163
377
870
967
970
631
865
586
91
898
868
969
825
968
860
864
858
804
863
805
951
897
867
971
946
1178
948
894
827
796
955
869
791
109
802
957
790
169
824
281
795
947
87
585
76
895
587
1179
794
1155
1175
896
1160
379
1176
952
106
953
376
823
1157
584
1161
949
101
806


[TRIMESH_CONVEX_REGION_TRIANGLES]
REGION_LABEL 44
1
12
11
317
945
598
271
316
4
304
418
943
10
267
630
939
935
886
1170
417
1037
891
944
887
890
937
938
1047
1045
936
5
1041
1043
1038
940
1042
597
855
1040
888
1181
942
1044
1182
854
1046
703
1039
44
706


[TRIMESH_CONVEX_REGION_TRIANGLES]
REGION_LABEL 45
189
190
287
1048
228
453
384
191
1111
128
197
583
582
90


[TRIMESH_CONVEX_REGION_TRIANGLES]
REGION_LABEL 46
184
1111
501
734
735
191
506
159
732
384
160
1049
609
1110
733
748
150
502
385
650
505
154
503
726
70
1125
1148


[TRIMESH_CONVEX_REGION_TRIANGLES]
REGION_LABEL 47
1158
789
97
584
16
1160
1159
1156
792
1155
794
795
947
948
946
805
896
897
951
895
968
952
955
109
806
858
949
971
1175
1176
1179
950
953
585
1177
474
957
954
1174
864
1172
956
632


[TRIMESH_CONVEX_REGION_TRIANGLES]
REGION_LABEL 48
285
426
179
37
427
278
305
680
88
283
525
517
456
2
60
333
688
455
428
1077
116
518
687
498
686
254
162
256
235
284
354
463
526
464
213
1076
353
279
683
302
536
684
42
1078
537


[TRIMESH_CONVEX_REGION_TRIANGLES]
REGION_LABEL 49
1098
1059
1102
1101
1106
92
1100
1105
1094
1097
1099
1107
1095
1084
1093
893
1103
1096
95
1089
859
769
771
770
1090
1086
775
1091
574
1085
578
768
772
1087
1092
579
515
577
892
100
1088
477
103
476
107
143
766


[TRIMESH_CONVEX_REGION_TRIANGLES]
REGION_LABEL 50
105
79
1162
793
798
799
778
861
91
516
101
791
776
802
777
862
1075
379
790
63
1095
773
860
804
775
772
423
774
770
894
805
946
515
103
1093
578
766
102
326
897
494
476
948
1091
896
895
1092
771
952
95
768
859
892
953
1086
949
1085
574


[TRIMESH_CONVEX_REGION_TRIANGLES]
REGION_LABEL 51
218
189
197
128
453
582
209
90
201
211
583
300
397
196
469


[TRIMESH_CONVEX_REGION_TRIANGLES]
REGION_LABEL 52
906
222
303
907
801
141
809
349
807
815
903
690
814
905
908
689
909
811
803
200
588
812
467
459
901
589
816
348
800
900
808
904
610
817
810
813


[TRIMESH_CONVEX_REGION_TRIANGLES]
REGION_LABEL 53
149
1112
386
219
1114
918
214
960
961
740
639
919
917
921
640
272
920
220
635
1113
389
638
881
206
963
440
884
883
962
676
924
388
636
929
472
922
928
843
470
274
930
932
925
439
973


[TRIMESH_CONVEX_REGION_TRIANGLES]
REGION_LABEL 54
332
75
305
455
427
278
426
37
283
688
517
285
463
179
652
526
428
1077
464
456
525
188
1076
680
354
258
353
284
333
279
498
518
536
116
684
686
687
1078
683
329
357
358
320
331
82


[TRIMESH_CONVEX_REGION_TRIANGLES]
REGION_LABEL 55
247
297
413
451
246
347
678
243
355
414
363
98
594
122
259
677
452
241
53
411
256
346


[TRIMESH_CONVEX_REGION_TRIANGLES]
REGION_LABEL 56
1183
914
628
1187
877
834
48
1185
43
13
878
831
835
915
1165
833
72
14
375
1184
836
1180
1122
1164
876
351
153
523
1186
1188
1116
438
1118
1190
1189
729
649
651
372
524
648
647
255


[TRIMESH_CONVEX_REGION_TRIANGLES]
REGION_LABEL 57
210
350
375
836
34
351
1034
1164
833
1035
831
877
628
24
889
888
1039
914
1046
1040
1045
1181
1187
1044
915


[TRIMESH_CONVEX_REGION_TRIANGLES]
REGION_LABEL 58
147
1104
92
473
1100
1103
16
1098


[TRIMESH_CONVEX_REGION_TRIANGLES]
REGION_LABEL 59
27
406
32
31
280
59
407
541
1133
20
156
657
658
507
662
405
663
404
22
312
540
561
334
1134
508
1135
151
313
659
837
1136
661
560
335
660
839
838
1140
479
539
571
1139


[TRIMESH_CONVEX_REGION_TRIANGLES]
REGION_LABEL 60
481
725
381
503
154
726
380
482
150
502
724
650
1151
749
748
730
1115
1117
160
732
729
1190
504
731
131
727
1152
1116
1123
1118
649
702
523
1188
728
1120
438
1119
1186
876
153
1124
72
1126
1131
1132
1122
1121
915
1065
1187
1180
1130
164
1184
878


[TRIMESH_CONVEX_REGION_TRIANGLES]
REGION_LABEL 61
58
431
130
668
712
530
61
675
339
671
701
849
217
410
1068
1144
558
669
1067
674
1069
1063
338
1061
408
1169
672
46
1167
1070
761
758
1143
432
1051
851
1060
759
360
68
607
1064
757
1050
1071
673
608
195
850
1072
359
485
1066
1062
1129
1132
1128
1127
728
152
1131
1120
1148
702
1125
1126
1119
1123
727
504


[TRIMESH_CONVEX_REGION_TRIANGLES]
REGION_LABEL 62
202
203
454
583
208
128
415
737
509
453
581
787
209
300
743
745
739
510
180
205
786
747
742


[TRIMESH_CONVEX_REGION_TRIANGLES]
REGION_LABEL 63
124
1150
478
563
720
721
1149
723
722
606
499
763
111
719
500
38
420
667
607
604
666
757
664
608
758
761
511
562
674
559
17
673
1143
46
339
1144
672
68
1051
669
338
668
712
431
58
61
670
675


[TRIMESH_CONVEX_REGION_TRIANGLES]
REGION_LABEL 64
856
857
0
575
767
936
417
418
4
304
891
853
885
852
945
1038
890
939
1041
1043
943
855
941
1036
167
887
1035
854
889
597
944
942
886
7
940
5
888
1039
1047
350
1034
1037
1042
34
1046
1045
24
1040
1181
1182
1044


[TRIMESH_CONVEX_REGION_TRIANGLES]
REGION_LABEL 65
229
225
176
643
322
144
520
121
644
422
118
110
268
645
646
543
120
596
323
513


[TRIMESH_CONVEX_REGION_TRIANGLES]
REGION_LABEL 66
336
705
707
12
337
703
598
316
935
630
47
487
708
10
845
271
711
267
1170
418
844
44
938
936
848
706
417
1166
887
890
1043
937
891
671
597
855
854
530
942
701
410


[TRIMESH_CONVEX_REGION_TRIANGLES]
REGION_LABEL 67
393
416
744
742
395
745
205
300
737
454
415
180
509
204
736


[TRIMESH_CONVEX_REGION_TRIANGLES]
REGION_LABEL 68
172
633
174
482
170
181
182
298
744
634
178
395
742
180
380


[TRIMESH_CONVEX_REGION_TRIANGLES]
REGION_LABEL 69
1137
555
1138
1140
335
560
1139
1135
1136
561
479
1134
658
571
1141
839
1133
838
660
405
475
570
554
541
59
572
156
52
334
840
18
407
312
280
430
661
663
837
33
31
1142
573
507
315


[TRIMESH_CONVEX_REGION_TRIANGLES]
REGION_LABEL 70
444
402
394
458
296
282
1055
1057
1009
1052
442
1002
1056
1012
995
985
1053
989
1054
1007
875
1013
829
988
958
624
993
1001
1015
996
975
1020
984
981
997
979
1004
1011
1019
457
978
994
1006
1010
913
1008
934
982
911
986
1014
1000
1016
1023
987
1031
1022
1003
973
621
998
439
1024
1025
1018
1026
1028
403
931
1017
932
991
1027
274
1033
1021
1030
443
912
959
843
929
1005
1032
1029
999
926
923
976
752
965
625
753
983
933
925
930
928
980
966
977


[TRIMESH_CONVEX_REGION_TRIANGLES]
REGION_LABEL 71
126
327
493
104
532
133
94
326
344
494
424
115
545
547
129
533
423
544
774
546


[TRIMESH_CONVEX_REGION_TRIANGLES]
REGION_LABEL 72
177
725
380
724
481
482
154
150
172
748
1152
160
732
506
131
165
633
731


[TRIMESH_CONVEX_REGION_TRIANGLES]
REGION_LABEL 73
269
171
492
185
308
715
207
490
261
1073
714
309
491
717
551
785
311
783
781
6
780
746
784
782
718
741
879
882
880
921
917
641
740
960
961
919


[TRIMESH_CONVEX_REGION_TRIANGLES]
REGION_LABEL 74
224
19
529
96
767
852
527
430
573
840
572
1142
1141
571
1139
570
1138
479
838
1140
555
1137
560
335
475
554


[TRIMESH_CONVEX_REGION_TRIANGLES]
REGION_LABEL 75
248
392
255
648
524
372
651
1189
1188
438
1186
876
523
153
1122
72
915
878
1180
1184
1185
1187
1183
914
48
628
834
877
43
831
13
833
1165
835
1164


[TRIMESH_CONVEX_REGION_TRIANGLES]
REGION_LABEL 76
290
296
990
282
979
458
1000
442
998
1055
286
443
394
991
1009
1057
982
1056
992
1002
1012
989
931
1013
973
875
1001
1052
978
934
753
829
439
995
965
930
624
985
933
958
925
964
1011
911
1008
981
980
842
988
1015
1053
1010
1006
932
1054
983
1016
1031
1007
966
993
986
912
1032
975
928
976
1018
1020
997
927
1019
929
293
926
752
923
987
843
1033
274
984
1024
913
977
996
1004
1023
625
999
1017
1022
1003
1028
994
457
1014
1027
1030
1005
1029
1025
1026
1021


[TRIMESH_CONVEX_REGION_TRIANGLES]
REGION_LABEL 77
295
240
291
29
828
910
874
617
369
330
873
619
872
875
1056
614
1009
829
623
974
624
679
621
1057
975
911
972
1006
403
620
371
1013
616
618
622
1016
615
627
1018
288
1020
959
356
1031
681
912
1033
1032
625
1053
999
1054
976
1014
1007
1015
1017
1022
1028
997
611
1030
626
996
613
1008
1019
1005
612
1011
1004
994
457
1023
1027
1029
257
30
1024
365
1025
367
1026
361
263
358
366
329
320
683
331
251
1021
357
368
82
21
370


[TRIMESH_CONVEX_REGION_TRIANGLES]
REGION_LABEL 78
132
324
270
126
364
129
53
363
139
137
346
400
327
435
448
436
212
677
98


[TRIMESH_CONVEX_REGION_TRIANGLES]
REGION_LABEL 79
78
87
57
593
376
818
823
592
867
825
824
1178
587
863
76
595
869
826
631
827
377
1179
871
822
819
821
868
1176
318
586
1175
865
969
970
967
971
858
968
898
109
951
955
806
949
864
860
953
802
894
804
952
805
897
796
281
791
895
1161
1160
795
790
946
948
584
789
947
896
1155
794
792
1156
1157
1159


[TRIMESH_CONVEX_REGION_TRIANGLES]
REGION_LABEL 80
93
119
1173
1174
1177
585
1179
863
956
969
1176
1175
954
971
864
474
1172
109
806
632
858
865
970
955
1171
949
967
318
950
586
953
968
951
528
1163
871
91
952
898
860
791
797
802
897
77
894
895
805
946
790
796
233
379
429
475
281
554
795
106
101
804
947
896
794
948
1157
1155
1160
1161
584


[TRIMESH_CONVEX_REGION_TRIANGLES]
REGION_LABEL 81
512
513
421
543
422
113
542
667
514
420
145
121
562
17
83
763
110
511
762
665
643
666
225
419
38
289
118
664
345
111
176
319
322
826
869


[TRIMESH_CONVEX_REGION_TRIANGLES]
REGION_LABEL 82
74
113
424
17
562
83
345
667
289
420
763
115
665
511
563
664
419
719
480
666
38
111
478
533
1150


[TRIMESH_CONVEX_REGION_TRIANGLES]
REGION_LABEL 83
709
707
40
847
710
830
50
629
49
374
846
47
487
1168
844
1167
835
845
711
848
1166
36
531
670
708
704
706


[TRIMESH_CONVEX_REGION_TRIANGLES]
REGION_LABEL 84
230
237
234
653
433
391
519
434
549
520
548
552
399
521
342
654
144
644
565
1083
495
398
231
175
567
564
646
551
553


[TRIMESH_CONVEX_REGION_TRIANGLES]
REGION_LABEL 85
125
18
527
96
529
840
430
660
573
839
838
1136
1142
479
572
335
1140
1141
571
570
560
561
1134
1135
540
405
404
1133
508
554
658
313
541
312
475
1139
539


[TRIMESH_CONVEX_REGION_TRIANGLES]
REGION_LABEL 86
136
704
706
36
708
845
711
844
44
703
848
271
1166
337
1167
1168
671
47
849
846
10
707
487
25
1069
1064
410
705
530
630
1072
1070
1068
598
935
701
1063
1067
316
851
1066
1061
1127
1062
1148
1125
699
437
702
1147
1169


[TRIMESH_CONVEX_REGION_TRIANGLES]
REGION_LABEL 87
161
229
225
144
644
643
645
399
121
422
110
268
120
520
543
549
434
646
519
548
552
654
521
391
342
237
433
230
234
653
231
175


[TRIMESH_CONVEX_REGION_TRIANGLES]
REGION_LABEL 88
108
289
822
868
826
665
511
827
319
419
377
869
664
666
420
763
820
38
667
145
562
563
80
542
514
543
762
422
719
480
513
118
323
596


[TRIMESH_CONVEX_REGION_TRIANGLES]
REGION_LABEL 89
39
58
531
670
712
530
1166
848
671
849
668
431
61
338
1051
844
701
68
1069
410
408
1064
1063
1072
487
1070
1169
672
846
1066
1167
675
1168
1144
432
1127
1060
339
1143
485
1068
1061
669
1067
1050
46
195
851
673
1148
1125
1062
702
608


[TRIMESH_CONVEX_REGION_TRIANGLES]
REGION_LABEL 90
1108
186
816
200
1109
609
193
734
803
801
809
349
184
348
800
1111
811
141
690
815
814
588
808


[TRIMESH_CONVEX_REGION_TRIANGLES]
REGION_LABEL 91
71
15
44
706
703
271
656
337
10
598
32
25
12
708
845
657
47
711
707
844
848
336
705
487


[TRIMESH_CONVEX_REGION_TRIANGLES]
REGION_LABEL 92
142
253
447
135
99
89
250
245
114
401
448
400
321
221
226
362
461
409
449
462
21
450
370
368


[TRIMESH_CONVEX_REGION_TRIANGLES]
REGION_LABEL 93
157
248
610
817
348
803
801
809
141
815
905
907
800
349
690
811
814
908
588
807
459
808
689
909
810
589
900
904
813


[TRIMESH_CONVEX_REGION_TRIANGLES]
REGION_LABEL 94
1058
195
432
262
1060
73
408
1061
1051
698
1063
1067
701
485
530
712
338
410
699
668
1068
671
431
1062
486
669
670
58
851
39
531
61
41
1070
1064
1072
849
1166
437
675
1069
1167
1148
1066
1127
1169
848
1128
700
1147
1129
850
1071
844


[TRIMESH_CONVEX_REGION_TRIANGLES]
REGION_LABEL 95
67
677
98
241
678
414
451
355
413
297
325
452
347
412
260
411
134
259
213
162
256
60
364
140
249
239
62
2
88
283
37
179
285
456
333
353
284

