[INFO]
FORMAT=MAP_POINTS
NAME=
VERSION=1.0
COMMENT=Load from simple-txt file '../data/orig/PhysicalBuildingResize-V-ms.txt'
COMMENT=Created from file '../data/orig/PhysicalBuildingResize-V-ms.txt' by program ./tmap_convert version 0.5
COMMENT=Created from file '../data/pb.txt' by program ./tmap_convert version 0.5
COMMENT=Filtered map by relevance filter from file '' with max relevance 5
COMMENT=Created from file '../data/maps/pb-fil_rel5/pb-fil_rel5.txt' by program ./tmap_convert version 0.5
COMMENT=Convex partition created by map_partition.cc
COMMENT=visibility graphs created by tvisibility.cc
COMMENT=Triangular mesh created from map '../data/maps/pb-fil_rel5/pb-fil_rel5-part-vis.txt', poly 'pb-fil_rel5-part-vis-trimesh/pb-fil_rel5-part-vis.poly' and 'pb-fil_rel5-part-vis-trimesh/pb-fil_rel5-part-vis.1'
COMMENT=Triangular mesh 'Generated by triangle -q32.5 -a25600 pb-fil_rel5-part-vis.poly'

[MAP_POINTS]
0 13335.8 7374.6
1 9133.9 7372.2
2 9133.4 9844
3 7643.2 9853.9
4 7636.5 9638.4
5 8087.9 9631.6
6 8086.3 8756
7 4472.4 8760.3
8 4471.9 9628.8
9 5562 9630.8
10 5567 9835
11 4473.5 9843.5
12 4474.3 10489.1
13 4273.7 10487.6
14 4263.5 8530.1
15 4766 8533
16 4760.5 7260.8
17 2433.1 7267.2
18 2496.2 8932.4
19 2617.2 8935.1
20 2657 9440.5
21 2602.2 9470
22 2620.7 9797.1
23 2342.8 9798.5
24 2323.1 9579.5
25 2257.1 9566.4
26 2233.2 8904.3
27 2291.8 8902.1
28 2223.2 7267.6
29 474.5 7264.1
30 466.1 7045.4
31 761.4 7038.5
32 762.5 6640
33 12 6636.6
34 18.2 5933.7
35 762.6 5924.4
36 759 5329.3
37 894.8 5321
38 881.5 2177.5
39 612.5 2177
40 606.8 1978.7
41 4758.4 1963.9
42 4759.5 12.6
43 4955.6 16.9
44 4965.5 4441.7
45 6078.7 4442.5
46 6199.7 4316.4
47 6631.9 4315.5
48 6731.1 4442.2
49 8448.8 4442.2
50 8446.4 3951.9
51 8819 3940.2
52 8818.7 2717.4
53 9131 2727.2
54 9152.1 7153.8
55 9297 7147
56 9297 6922.7
57 9486.1 6916.9
58 9494.3 7141.8
59 13331.6 7158.3
60 13340.4 7369.9
61 4725.7 4683.9
62 4729.9 5922
63 5067.2 5927.4
64 5066.7 6131
65 4726.5 6139.5
66 4728 7032
67 5073.2 7032.5
68 5074.9 7257.3
69 4972 7262.2
70 4968.7 8528.5
71 8457 8526
72 8462 7914.2
73 8823.4 7903.9
74 8815.6 4667.5
75 4725.7 4663.9
76 4763 4441.5
77 4755 2177.5
78 1087.8 2183.2
79 1100.3 5927
80 4392.7 5926.7
81 4391.7 5288.7
82 4273 5283.7
83 4266.5 4443
84 1096.6 6168.7
85 1098.6 7035.7
86 4264.5 7035.6
87 4258.9 6141.5
88 1096.6 6148.7

[MAP_BORDER]
0
1
2
3
4
5
6
7
8
9
10
11
12
13
14
15
16
17
18
19
20
21
22
23
24
25
26
27
28
29
30
31
32
33
34
35
36
37
38
39
40
41
42
43
44
45
46
47
48
49
50
51
52
53
54
55
56
57
58
59
60

[MAP_OBSTACLE]
61
62
63
64
65
66
67
68
69
70
71
72
73
74
75

[MAP_OBSTACLE]
76
77
78
79
80
81
82
83

[MAP_OBSTACLE]
84
85
86
87
88


[MAP_CONVEX_REGION]
REGION_LABEL 0
0
1
54
55
58
59
60

[MAP_CONVEX_REGION]
REGION_LABEL 1
1
2
73

[MAP_CONVEX_REGION]
REGION_LABEL 2
1
73
74
51
53
54

[MAP_CONVEX_REGION]
REGION_LABEL 3
2
3
4
5

[MAP_CONVEX_REGION]
REGION_LABEL 4
2
5
71
73

[MAP_CONVEX_REGION]
REGION_LABEL 5
5
6
71

[MAP_CONVEX_REGION]
REGION_LABEL 6
6
7
15
70
71

[MAP_CONVEX_REGION]
REGION_LABEL 7
7
8
14

[MAP_CONVEX_REGION]
REGION_LABEL 8
7
14
15

[MAP_CONVEX_REGION]
REGION_LABEL 9
8
9
10
11

[MAP_CONVEX_REGION]
REGION_LABEL 10
8
11
12
13
14

[MAP_CONVEX_REGION]
REGION_LABEL 11
15
16
70

[MAP_CONVEX_REGION]
REGION_LABEL 12
16
17
86
66

[MAP_CONVEX_REGION]
REGION_LABEL 13
16
66
69
70

[MAP_CONVEX_REGION]
REGION_LABEL 14
17
18
27
28

[MAP_CONVEX_REGION]
REGION_LABEL 15
17
28
29
30
31
85
86

[MAP_CONVEX_REGION]
REGION_LABEL 16
18
19
20
21
24
25

[MAP_CONVEX_REGION]
REGION_LABEL 17
18
25
26
27

[MAP_CONVEX_REGION]
REGION_LABEL 18
21
22
23
24

[MAP_CONVEX_REGION]
REGION_LABEL 19
31
32
84
85

[MAP_CONVEX_REGION]
REGION_LABEL 20
32
33
34
35
88
84

[MAP_CONVEX_REGION]
REGION_LABEL 21
35
36
37
79
88

[MAP_CONVEX_REGION]
REGION_LABEL 22
37
38
78
79

[MAP_CONVEX_REGION]
REGION_LABEL 23
38
39
40

[MAP_CONVEX_REGION]
REGION_LABEL 24
38
40
41
77
78

[MAP_CONVEX_REGION]
REGION_LABEL 25
41
42
43
44

[MAP_CONVEX_REGION]
REGION_LABEL 26
41
44
76
77

[MAP_CONVEX_REGION]
REGION_LABEL 27
44
45
75

[MAP_CONVEX_REGION]
REGION_LABEL 28
44
75
83
76

[MAP_CONVEX_REGION]
REGION_LABEL 29
45
46
47
48

[MAP_CONVEX_REGION]
REGION_LABEL 30
45
48
49
74
75

[MAP_CONVEX_REGION]
REGION_LABEL 31
49
50
51
74

[MAP_CONVEX_REGION]
REGION_LABEL 32
51
52
53

[MAP_CONVEX_REGION]
REGION_LABEL 33
55
56
57
58

[MAP_CONVEX_REGION]
REGION_LABEL 34
61
62
80
81

[MAP_CONVEX_REGION]
REGION_LABEL 35
61
81
82
83
75

[MAP_CONVEX_REGION]
REGION_LABEL 36
62
63
64
65
80

[MAP_CONVEX_REGION]
REGION_LABEL 37
65
66
86
87
80

[MAP_CONVEX_REGION]
REGION_LABEL 38
66
67
68
69

[MAP_CONVEX_REGION]
REGION_LABEL 39
71
72
73

[MAP_CONVEX_REGION]
REGION_LABEL 40
79
80
87
88

[MAP_VISIBILITY_GRAPH]
MAP_VERTEX 0
1
54
55
58
59
60

[MAP_VISIBILITY_GRAPH]
MAP_VERTEX 1
74
51
52
53
54
55
57
58
59
60
0
2
5
73

[MAP_VISIBILITY_GRAPH]
MAP_VERTEX 2
4
5
6
71
72
73
74
51
52
53
1
3

[MAP_VISIBILITY_GRAPH]
MAP_VERTEX 3
4
5
2

[MAP_VISIBILITY_GRAPH]
MAP_VERTEX 4
5
2
3

[MAP_VISIBILITY_GRAPH]
MAP_VERTEX 5
6
71
73
54
1
2
3
4

[MAP_VISIBILITY_GRAPH]
MAP_VERTEX 6
14
15
70
71
2
5
7

[MAP_VISIBILITY_GRAPH]
MAP_VERTEX 7
14
15
70
71
6
8
13

[MAP_VISIBILITY_GRAPH]
MAP_VERTEX 8
14
7
9
10
11
12
13

[MAP_VISIBILITY_GRAPH]
MAP_VERTEX 9
8
10
11

[MAP_VISIBILITY_GRAPH]
MAP_VERTEX 10
8
9
11

[MAP_VISIBILITY_GRAPH]
MAP_VERTEX 11
14
8
9
10
12
13

[MAP_VISIBILITY_GRAPH]
MAP_VERTEX 12
13
14
8
11

[MAP_VISIBILITY_GRAPH]
MAP_VERTEX 13
14
7
8
11
12

[MAP_VISIBILITY_GRAPH]
MAP_VERTEX 14
15
6
7
8
11
12
13

[MAP_VISIBILITY_GRAPH]
MAP_VERTEX 15
14
16
69
70
71
6
7

[MAP_VISIBILITY_GRAPH]
MAP_VERTEX 16
30
31
85
86
87
80
81
83
66
67
68
69
70
15
17
28
29

[MAP_VISIBILITY_GRAPH]
MAP_VERTEX 17
29
30
31
85
86
66
67
68
16
18
23
24
25
27
28

[MAP_VISIBILITY_GRAPH]
MAP_VERTEX 18
26
27
28
17
19
20
21
22
23
24
25

[MAP_VISIBILITY_GRAPH]
MAP_VERTEX 19
18
20
21
23
24
25

[MAP_VISIBILITY_GRAPH]
MAP_VERTEX 20
26
27
18
19
21
24
25

[MAP_VISIBILITY_GRAPH]
MAP_VERTEX 21
26
27
18
19
20
22
23
24
25

[MAP_VISIBILITY_GRAPH]
MAP_VERTEX 22
24
26
27
28
18
21
23

[MAP_VISIBILITY_GRAPH]
MAP_VERTEX 23
24
27
28
17
18
19
21
22

[MAP_VISIBILITY_GRAPH]
MAP_VERTEX 24
25
26
27
28
17
18
19
20
21
22
23

[MAP_VISIBILITY_GRAPH]
MAP_VERTEX 25
26
27
17
18
19
20
21
24

[MAP_VISIBILITY_GRAPH]
MAP_VERTEX 26
27
18
20
21
22
24
25

[MAP_VISIBILITY_GRAPH]
MAP_VERTEX 27
28
17
18
20
21
22
23
24
25
26

[MAP_VISIBILITY_GRAPH]
MAP_VERTEX 28
29
30
31
85
86
66
67
68
16
17
18
22
23
24
27

[MAP_VISIBILITY_GRAPH]
MAP_VERTEX 29
30
31
85
86
66
67
68
16
17
28

[MAP_VISIBILITY_GRAPH]
MAP_VERTEX 30
31
85
86
68
69
16
17
28
29

[MAP_VISIBILITY_GRAPH]
MAP_VERTEX 31
32
37
79
88
84
85
86
68
69
16
17
28
29
30

[MAP_VISIBILITY_GRAPH]
MAP_VERTEX 32
33
34
35
37
79
88
84
85
31

[MAP_VISIBILITY_GRAPH]
MAP_VERTEX 33
34
35
79
88
84
32

[MAP_VISIBILITY_GRAPH]
MAP_VERTEX 34
35
79
80
63
64
65
87
88
84
32
33

[MAP_VISIBILITY_GRAPH]
MAP_VERTEX 35
36
37
79
64
65
87
88
84
85
32
33
34

[MAP_VISIBILITY_GRAPH]
MAP_VERTEX 36
37
79
88
84
85
35

[MAP_VISIBILITY_GRAPH]
MAP_VERTEX 37
38
78
79
88
84
85
31
32
35
36

[MAP_VISIBILITY_GRAPH]
MAP_VERTEX 38
39
40
41
77
78
79
88
84
85
37

[MAP_VISIBILITY_GRAPH]
MAP_VERTEX 39
40
41
77
38

[MAP_VISIBILITY_GRAPH]
MAP_VERTEX 40
41
77
78
38
39

[MAP_VISIBILITY_GRAPH]
MAP_VERTEX 41
42
43
44
76
77
78
38
39
40

[MAP_VISIBILITY_GRAPH]
MAP_VERTEX 42
43
44
76
41

[MAP_VISIBILITY_GRAPH]
MAP_VERTEX 43
42
44
76
77
41

[MAP_VISIBILITY_GRAPH]
MAP_VERTEX 44
76
77
41
42
43
45
74
75
83

[MAP_VISIBILITY_GRAPH]
MAP_VERTEX 45
44
46
47
48
49
74
75
83

[MAP_VISIBILITY_GRAPH]
MAP_VERTEX 46
47
48
45

[MAP_VISIBILITY_GRAPH]
MAP_VERTEX 47
48
45
46

[MAP_VISIBILITY_GRAPH]
MAP_VERTEX 48
46
47
49
74
75
45

[MAP_VISIBILITY_GRAPH]
MAP_VERTEX 49
50
51
74
75
83
45
48

[MAP_VISIBILITY_GRAPH]
MAP_VERTEX 50
51
74
49

[MAP_VISIBILITY_GRAPH]
MAP_VERTEX 51
52
53
54
1
2
73
74
49
50

[MAP_VISIBILITY_GRAPH]
MAP_VERTEX 52
53
54
1
2
73
51

[MAP_VISIBILITY_GRAPH]
MAP_VERTEX 53
52
54
1
2
73
74
51

[MAP_VISIBILITY_GRAPH]
MAP_VERTEX 54
74
51
52
53
55
58
59
60
0
1
5
73

[MAP_VISIBILITY_GRAPH]
MAP_VERTEX 55
56
57
58
59
60
0
1
54

[MAP_VISIBILITY_GRAPH]
MAP_VERTEX 56
57
58
55

[MAP_VISIBILITY_GRAPH]
MAP_VERTEX 57
58
1
55
56

[MAP_VISIBILITY_GRAPH]
MAP_VERTEX 58
56
57
59
60
0
1
54
55

[MAP_VISIBILITY_GRAPH]
MAP_VERTEX 59
54
55
58
60
0
1

[MAP_VISIBILITY_GRAPH]
MAP_VERTEX 60
54
55
58
59
0
1

[MAP_VISIBILITY_GRAPH]
MAP_VERTEX 61
83
75
62
65
86
80
81
82

[MAP_VISIBILITY_GRAPH]
MAP_VERTEX 62
81
83
61
63
64
65
86
87
88
80

[MAP_VISIBILITY_GRAPH]
MAP_VERTEX 63
79
80
62
64
65
87
88
34

[MAP_VISIBILITY_GRAPH]
MAP_VERTEX 64
34
35
79
80
62
63
65
87
88

[MAP_VISIBILITY_GRAPH]
MAP_VERTEX 65
34
35
79
80
81
83
61
62
63
64
66
86
87
88

[MAP_VISIBILITY_GRAPH]
MAP_VERTEX 66
87
80
81
83
65
67
68
69
70
16
17
28
29
86

[MAP_VISIBILITY_GRAPH]
MAP_VERTEX 67
66
68
69
16
17
28
29
86

[MAP_VISIBILITY_GRAPH]
MAP_VERTEX 68
30
31
85
86
66
67
69
16
17
28
29

[MAP_VISIBILITY_GRAPH]
MAP_VERTEX 69
16
30
31
85
86
66
67
68
70
15

[MAP_VISIBILITY_GRAPH]
MAP_VERTEX 70
16
66
69
71
6
7
15

[MAP_VISIBILITY_GRAPH]
MAP_VERTEX 71
72
73
2
5
6
7
15
70

[MAP_VISIBILITY_GRAPH]
MAP_VERTEX 72
73
2
71

[MAP_VISIBILITY_GRAPH]
MAP_VERTEX 73
74
51
52
53
54
1
2
5
71
72

[MAP_VISIBILITY_GRAPH]
MAP_VERTEX 74
75
83
76
44
45
48
49
50
51
53
54
1
2
73

[MAP_VISIBILITY_GRAPH]
MAP_VERTEX 75
83
76
44
45
48
49
74
61
86
80
81
82

[MAP_VISIBILITY_GRAPH]
MAP_VERTEX 76
77
41
42
43
44
74
75
86
80
81
82
83

[MAP_VISIBILITY_GRAPH]
MAP_VERTEX 77
39
40
41
43
44
76
78
38

[MAP_VISIBILITY_GRAPH]
MAP_VERTEX 78
38
40
41
77
79
88
84
37

[MAP_VISIBILITY_GRAPH]
MAP_VERTEX 79
35
36
37
38
78
80
63
64
65
87
88
31
32
33
34

[MAP_VISIBILITY_GRAPH]
MAP_VERTEX 80
81
76
75
61
62
63
64
65
66
16
86
87
88
34
79

[MAP_VISIBILITY_GRAPH]
MAP_VERTEX 81
82
83
76
75
61
62
65
66
16
80

[MAP_VISIBILITY_GRAPH]
MAP_VERTEX 82
83
76
75
61
81

[MAP_VISIBILITY_GRAPH]
MAP_VERTEX 83
76
44
45
49
74
75
61
62
65
66
16
81
82

[MAP_VISIBILITY_GRAPH]
MAP_VERTEX 84
34
35
36
37
38
78
88
85
31
32
33

[MAP_VISIBILITY_GRAPH]
MAP_VERTEX 85
32
35
36
37
38
84
86
68
69
16
17
28
29
30
31

[MAP_VISIBILITY_GRAPH]
MAP_VERTEX 86
87
80
76
75
61
62
65
66
67
68
69
16
17
28
29
30
31
85

[MAP_VISIBILITY_GRAPH]
MAP_VERTEX 87
34
35
79
80
62
63
64
65
66
16
86
88

[MAP_VISIBILITY_GRAPH]
MAP_VERTEX 88
34
35
36
37
38
78
79
80
62
63
64
65
87
84
31
32
33

[MESH_NODES]
0 13335.8 7374.6
1 9133.9 7372.2
2 9133.4 9844
3 7643.2 9853.9
4 7636.5 9638.4
5 8087.9 9631.6
6 8086.3 8756
7 4472.4 8760.3
8 4471.9 9628.8
9 5562 9630.8
10 5567 9835
11 4473.5 9843.5
12 4474.3 10489.1
13 4273.7 10487.6
14 4263.5 8530.1
15 4766 8533
16 4760.5 7260.8
17 2433.1 7267.2
18 2496.2 8932.4
19 2617.2 8935.1
20 2657 9440.5
21 2602.2 9470
22 2620.7 9797.1
23 2342.8 9798.5
24 2323.1 9579.5
25 2257.1 9566.4
26 2233.2 8904.3
27 2291.8 8902.1
28 2223.2 7267.6
29 474.5 7264.1
30 466.1 7045.4
31 761.4 7038.5
32 762.5 6640
33 12 6636.6
34 18.2 5933.7
35 762.6 5924.4
36 759 5329.3
37 894.8 5321
38 881.5 2177.5
39 612.5 2177
40 606.8 1978.7
41 4758.4 1963.9
42 4759.5 12.6
43 4955.6 16.9
44 4965.5 4441.7
45 6078.7 4442.5
46 6199.7 4316.4
47 6631.9 4315.5
48 6731.1 4442.2
49 8448.8 4442.2
50 8446.4 3951.9
51 8819 3940.2
52 8818.7 2717.4
53 9131 2727.2
54 9152.1 7153.8
55 9297 7147
56 9297 6922.7
57 9486.1 6916.9
58 9494.3 7141.8
59 13331.6 7158.3
60 13340.4 7369.9
61 4725.7 4683.9
62 4729.9 5922
63 5067.2 5927.4
64 5066.7 6131
65 4726.5 6139.5
66 4728 7032
67 5073.2 7032.5
68 5074.9 7257.3
69 4972 7262.2
70 4968.7 8528.5
71 8457 8526
72 8462 7914.2
73 8823.4 7903.9
74 8815.6 4667.5
75 4725.7 4663.9
76 4763 4441.5
77 4755 2177.5
78 1087.8 2183.2
79 1100.3 5927
80 4392.7 5926.7
81 4391.7 5288.7
82 4273 5283.7
83 4266.5 4443
84 1096.6 6168.7
85 1098.6 7035.7
86 4264.5 7035.6
87 4258.9 6141.5
88 1096.6 6148.7
89 11234.85 7373.4
90 9133.65 8608.1
91 8388.3 9848.95
92 6279.35 8758.15
93 4268.6 9508.85
94 3596.8 7264
95 1348.85 7265.85
96 2682.6 1971.3
97 4960.55 2229.3
98 9141.55 4940.5
99 4727.8 5302.95
100 6712.85 8527.25
101 8819.5 6285.7
102 6770.65 4665.7
103 1094.05 4055.1
104 2746.5 5926.85
105 2681.55 7035.65
106 11412.95 7150.05
107 10184.375 7372.8
108 5375.875 8759.225
109 4271.15 9998.225
110 1644.7 1975
111 5840.775 8527.875
112 8817.55 5476.6
113 8821.45 7094.8
114 7793.125 4666.6
115 1097.175 4991.05
116 3473.025 7035.625
117 1890.075 7035.675
118 10453.625 7145.925
119 9659.1375 7372.5
120 5404.7375 8528.1875
121 9133.775 7990.15
122 8015.75 9851.425
123 4266.05 9019.475
124 4178.65 7262.4
125 911.675 7264.975
126 2921.4 2180.35
127 4958.075 1123.1
128 9136.275 3833.85
129 7584.925 8526.625
130 7182.825 8757.075
131 9146.825 6047.15
132 5748.175 4664.8
133 888.15 3749.25
134 2677.75 6145.1
135 3014.95 7265.6
136 12285.325 7374
137 4924.1375 8759.7625
138 6276.8125 8527.5625
139 1125.75 1976.85
140 5827.6125 8758.6875
141 9973.9625 7143.8625
142 8304.3625 4667.05
143 7589.95 4442.2
144 1098.7375 5459.025
145 2285.8125 7035.6625
146 1786.025 7266.725
147 10709.6125 7373.1
148 891.475 4535.125
149 6259.4125 4665.25
150 5236.9375 4664.35
151 7634.5625 8756.5375
152 6731.0875 8757.6125
153 4472.15 9194.55
154 4959.3125 1676.2
155 2004.6 2181.775
156 3720.5 1967.6
157 4758.95 988.25
158 8020.9625 8526.3125
159 7148.8875 8526.9375
160 9144.1875 5493.825
161 5522.1 4442.1
162 1090.925 3119.15
163 3077.2875 7035.6375
164 12372.275 7154.175
165 7281.8875 4666.15
166 893.1375 4928.0625
167 889.8125 4142.1875
168 10933.2875 7147.9875
169 1095.6125 4523.075
170 3201.55 1969.45
171 2463 2181.0625
172 1546.2 2182.4875
173 2163.65 1973.15
174 3838.2 2178.925
175 4758.675 1476.075
176 1092.4875 3587.125
177 884.825 2963.375
178 7160.525 4442.2
179 3379.8 2179.6375
180 13335.081346044 7242.0105480499
181 12810.5625 7374.3
182 12851.9375 7156.2375
183 13337.740673022 7305.955274025
184 13073.18125 7374.45
185 13204.490625 7374.525
186 13339.070336511 7337.9276370125
187 13339.735168255 7353.9138185062
188 13270.1453125 7374.5625
189 13302.97265625 7374.58125
190 13319.386328125 7374.590625
191 13330.440639489 7364.7536046062
192 13311.191106527 7354.2516495566
193 13325.373441965 7346.504177342
194 13305.656597067 7327.2656538717
195 13323.658099955 7328.5393762903
196 13316.057295408 7308.1170832263
197 1064.0069765487 6158.7
198 4693.1069765487 4673.9
199 13286.569521184 7356.1241169871
200 13279.651455632 7300.7418583013
201 13336.411009533 7273.9829110374
202 13248.309284345 7338.5775775526
203 13091.76875 7157.26875
204 1064.0069765487 6100.5847411151
205 1097.6 6602.2
206 4693.1069765487 4615.7847411151
207 4726.75 4993.425
208 1097.1 6385.45
209 4726.225 4838.6625
210 1096.85 6277.075
211 4725.9625 4761.28125
212 1096.725 6222.8875
213 4695.9675050531 4722.6919316221
214 1070.4381118389 6195.8542445517
215 1041.6874079815 6250.1083551719
216 1006.6740859944 6187.7576294424
217 13294.986129016 7259.6918544454
218 13211.684375 7157.784375
219 13271.6421875 7158.0421875
220 13220.421605407 7255.2266879131
221 4269.75 4863.35
222 4643.4333502026 4701.2920377205
223 2242.4348855385 9160.1333771991
224 1887.175 6146.9
225 1923.4 5926.925
226 4981.31875 4664.125
227 1036.1186897827 6331.4028836453
228 1013.2499174725 6129.6423705576
229 13295.30508383 7206.1132936492
230 13241.470471983 7202.7537055646
231 13189.719988192 7311.8396836991
232 4514.75 4442.25
233 2237.8174427693 9032.2166885995
234 2637.2976520449 9190.3098830028
235 1491.8875 6147.8
236 1511.85 5926.9625
237 4853.509375 4664.0125
238 915.25440194779 6147.9836885211
239 991.27464711778 6032.3972549968
240 13182.413194645 7209.5218663098
241 2589.943249659 9381.5825451293
242 2235.5087213846 8968.2583442998
243 2646.9511739775 9312.8950584986
244 1294.24375 6148.25
245 13151.7265625 7157.5265625
246 1195.421875 6148.475
247 13121.519721268 7210.4070445637
248 4637.8451517406 4644.8423705576
249 13152.738293784 7263.0608393596
250 12971.853125 7156.753125
251 4548.6459846885 4682.1740183152
252 4619.7039053358 4543.2640246213
253 13138.8359375 7374.4875
254 13084.797006043 7267.7617223818
255 2247.8651144615 9310.5666228009
256 922.57081369261 6275.9924935389
257 2335.9061646321 8996.6551124728
258 13132.156131686 7317.073474403
259 12941.871875 7374.375
260 2252.4825572307 9438.4833114005
261 13017.207544687 7314.3793508753
262 2304.4506354298 9500.6490886743
263 978.53139835008 6457.8047055228
264 2515.2550743721 9261.5933684116
265 12905.439256635 7261.7875925429
266 2451.9820158242 9445.7655001297
267 2395.8687106783 9520.6582866372
268 2353.5208365715 9406.8238875132
269 5073.9320561468 7129.3036598777
270 4648.0778745835 4790.8679694973
271 4638.875 4441.875
272 4782.8497908714 4590.0902312479
273 1145.8553175156 6080.237906002
274 1086.0888371253 6014.6151716127
275 1306.075 5926.98125
276 1244.6330106244 6060.6078512019
277 1203.1875 5926.990625
278 13058.751646797 7210.651912412
279 13031.8109375 7157.0109375
280 13001.621865298 7205.7589892628
281 13025.948028548 7257.6968424838
282 12939.613223704 7209.8818189555
283 12966.296908869 7277.5137452788
284 12880.43906144 7208.1251512904
285 12911.8953125 7156.4953125
286 12923.325590152 7318.1880744428
287 12612.10625 7155.20625
288 12876.2171875 7374.3375
289 12855.103338393 7308.7870608965
290 12732.021875 7155.721875
291 12547.94375 7374.15
292 12679.253125 7374.225
293 12778.904795596 7304.8789589755
294 12675.822758559 7263.0217350138
295 2464.65 8099.8
296 2315.5093863734 9093.4539046543
297 2611.45 9633.55
298 2437.7089483909 9337.9070121714
299 4945.2001342696 7032.3146004262
300 4900.5302747345 4548.3353611853
301 1379.9349140638 6041.8812266566
302 12795.730318822 7220.8834422383
303 4624.9992638633 4916.388028
304 2257.5 8084.85
305 2459.6462399231 9073.277104089
306 2429.1001005104 9636.1719460177
307 2365.2579155652 9221.3548309519
308 4715.2349276772 4523.5017716119
309 2480.425 8516.1
310 2274.65 8493.475
311 2394.8373015774 8911.601668567
312 2488.3125 8724.25
313 2283.225 8697.7875
314 2492.25625 8828.325
315 2353.4323039099 8797.1770944183
316 4271.0207561954 5027.707651298
317 2512.3199524642 9549.4414034479
318 5243.8 4441.9
319 4550.331240181 5120.7247204545
320 4498.1593766471 4828.1850571556
321 4272.0103780977 5155.703825649
322 5104.65 4441.8
323 5022.32815511 4549.4334218709
324 5109.128125 4664.2375
325 5173.1319325224 4551.6851445948
326 760.8 5626.85
327 9396.51875 7372.35
328 854.74280914524 6025.3935511346
329 931.94094875256 5861.9333101
330 4405.1957621312 5090.6721697006
331 5492.55625 4664.575
332 5382.95 4442
333 759.77430947518 5457.2976579662
334 9265.209375 7372.275
335 710.30290862427 6223.9112900089
336 4391.8870148686 4944.5894172524
337 5452.4502605469 4546.0499490035
338 5800.4 4442.3
339 5364.746875 4664.4625
340 5300.9384944281 4554.9935541521
341 390.4 5929.05
342 5592.6284687052 4564.6650290677
343 9199.614385999 7267.7178654999
344 8822.425 7499.35
345 9319.8968796976 7265.1118226505
346 5661.25 4442.2
347 9065.992618006 7256.5827181672
348 9444.8387210238 7256.8329732851
349 9734.13125 7142.83125
350 9527.828125 7372.425
351 9580.5070900922 7247.016914051
352 8821.9375 7297.075
353 8990.1191189964 7105.5587636241
354 6251.376866275 4487.0899747762
355 4268.125 4653.175
356 1099.51875 5693.0125
357 928.83348606131 5541.054224223
358 705.75327922523 6068.7954955839
359 9133.8375 7681.175
360 8963.4943638935 7394.5359033376
361 9149.4625 6600.475
362 8820.475 6690.25
363 6415.8 4315.95
364 6515.03125 4665.475
365 4403.6211334325 4713.7623676783
366 4394.8122702168 4551.6584651758
367 479.77760669887 6153.0481019386
368 576.5 5926.725
369 9133.86875 7526.6875
370 9150.78125 6877.1375
371 8820.9625 6892.525
372 6549.2449117808 4482.3993666247
373 8972.6199050261 7603.898635464
374 8822.9125 7701.625
375 8984.5807626473 7785.7533863624
376 866.275 1977.775
377 4239.45 1965.75
378 4296.6 2178.2125
379 1096.39375 4757.0625
380 892.30625 4731.59375
381 4759.2113719518 524.59991864633
382 4956.8375 570
383 4272.3660717489 10231.603475345
384 4473.9 10166.3
385 5055.0154675156 9838.9797608835
386 5016.95 9629.8
387 1385.225 1975.925
388 1317 2182.84375
389 4759 3309.5
390 4963.025 3335.5
391 4939.2164002828 5925.3510482109
392 4896.6 6135.25
393 5001.5646037148 6029.0394268264
394 4970.35 7895.35
395 4763.25 7896.9
396 4269.875 9753.5375
397 893.96875 5124.53125
398 1094.83125 4289.0875
399 890.64375 4338.65625
400 883.1625 2570.4375
401 1089.3625 2651.175
402 929.84073399911 6619.2448402937
403 1098.1 6818.95
404 761.95 6839.25
405 2240.35 7676.225
406 2448.875 7683.5
407 2266.075 8289.1625
408 2472.5375 8307.95
409 774.44385239084 6421.1032361064
410 904.95776703701 5701.7400314765
411 8981.4942339712 6791.0000173727
412 6401.3304748987 4549.491509646
413 996.0125 1977.3125
414 747.16719820578 2087.2973652889
415 4498.925 1964.825
416 4525.8 2177.85625
417 4759.3556859759 268.59995932317
418 4956.21875 293.45
419 4759.0806859759 756.42495932317
420 4957.45625 846.55
421 4474.1 10327.7
422 5289.475 9630.3
423 5311.0077337578 9836.9898804418
424 4744.425 9629.3
425 4764.2577337578 9841.2398804418
426 4757 2743.5
427 4961.7875 2782.4
428 4964.2625 3888.6
429 4761 3875.5
430 4761.875 7578.85
431 4971.175 7578.775
432 4764.625 8214.95
433 4969.525 8211.925
434 1097.95625 5225.0375
435 882.33125 2373.96875
436 1088.58125 2417.1875
437 929.18821087448 6939.3373953123
438 2231.775 7471.9125
439 2440.9875 7475.35
440 2456.7625 7891.65
441 2248.925 7880.5375
442 387.25 6638.3
443 9008.3388631924 6947.6615805598
444 4628.9914138547 2056.6272810195
445 4956.528125 431.725
446 4759.2835289638 396.59993898475
447 4955.909375 155.175
448 5153.2125 9630.05
449 5183.0116006367 9837.9848206626
450 5425.5723076415 9720.5880949932
451 4607.967853731 9735.1419489242
452 4880.5151984673 9723.4629504091
453 4756 2460.5
454 4961.16875 2505.85
455 4962.40625 3058.95
456 4758 3026.5
457 4964.88125 4165.15
458 4762 4158.5
459 4760 3592.5
460 4963.64375 3612.05
461 4865.2049624892 7419.3753096654
462 4865.612274092 7737.4294931949
463 4765.3125 8373.975
464 4763.9375 8055.925
465 947.8487742609 7103.6307283992
466 1130.2625 7265.4125
467 911.42464499015 6779.2542408731
468 4755.5 2319
469 4960.859375 2367.575
470 4961.478125 2644.125
471 4756.5 2602
472 4962.715625 3197.225
473 4758.5 3168
474 4757.5 2885
475 4962.096875 2920.675
476 4864.3862463816 4303.6505386341
477 4853.9549556369 4016.6733040437
478 4759.5 3451
479 4871.1073644303 3750.5327321076
480 7802.94375 8526.46875
481 6053.48125 8758.41875
482 6058.79375 8527.71875
483 3468.325 6143.3
484 3569.6 5926.775
485 2004.6125 7267.1625
486 4492.6895480693 6138.0563386018
487 5186.71875 8528.34375
488 3305.875 7264.8
489 6930.86875 8527.09375
490 6956.95625 8757.34375
491 693.0875 7264.5375
492 888.98125 3945.71875
493 1093.26875 3821.1125
494 7408.69375 8756.80625
495 4758.8125 1232.1625
496 6494.83125 8527.40625
497 6505.21875 8757.88125
498 4469.575 7261.6
499 5601.74375 8758.95625
500 8202.025 9850.1875
501 8293.9238504334 9663.1207112022
502 8087.1 9193.8
503 8573.182955529 9638.1746544785
504 8087.5 9412.7
505 8760.85 9846.475
506 8423.9953735403 9374.3167648059
507 8438.5472490173 9706.5513869998
508 8409.3108806783 9541.3959426987
509 8574.575 9847.7125
510 8240.4679632796 9496.8960444847
511 8561.6354746359 9470.5987689008
512 8245.7862415021 9306.1791036294
513 9133.525 9226.05
514 9133.4625 9535.025
515 8649.7215049583 9198.1524147111
516 8349.5818587524 8991.3863322809
517 8249.3926156399 9132.8597371667
518 8086.7 8974.9
519 8449.1339215357 9168.1004659617
520 8580.1779072034 8977.878283322
521 4472.025 9411.675
522 8238.98125 8526.15625
523 1494.3375 7035.6875
524 7862.2 9635
525 3868.7625 7035.6125
526 7026.26875 4665.925
527 6945.8125 4442.2
528 3609 2179.28125
529 7375.2375 4442.2
530 7537.50625 4666.375
531 2879.41875 7035.64375
532 2724.025 7266.4
533 11892.6125 7152.1125
534 11760.0875 7373.7
535 1775.4 2182.13125
536 2334.95 5926.8875
537 2282.4625 6146
538 1717.625 5926.94375
539 12416.634375 7374.075
540 12482.362012713 7246.3918758329
541 4727.275 5148.1875
542 4560.0481748088 5288.7922594223
543 4728.85 5612.475
544 4392.2 5607.7
545 4728.325 5457.7125
546 4391.95 5448.2
547 4561.5806659587 5535.6602863888
548 4558.353041344 5763.216271004
549 6003.79375 4665.025
550 9921.75625 7372.65
551 15.1 6285.15
552 3979.975 1966.675
553 4473.7 10004.9
554 1514.9625 1975.4625
555 1450.5050091877 2091.0575097084
556 1255.4875 1976.3875
557 1191.0426296852 2095.5227298113
558 883.99375 2766.90625
559 1090.14375 2885.1625
560 4369.1875 1965.2875
561 4434.470172651 2081.1671471535
562 4957.765625 984.825
563 4957.146875 708.275
564 4836.865118201 639.40627101475
565 4273.0330358745 10359.601737673
566 4374.4881060438 10423.073951749
567 532.89501047132 6390.6446318433
568 4969.1125 8370.2125
569 4963.334375 3473.775
570 7860.43125 8756.26875
571 5940.4169263248 8649.3388186255
572 6166.2815535532 8645.6051188101
573 3073.0375 6144.2
574 3158.05 5926.8125
575 3981.15 5926.7375
576 3863.6125 6142.4
577 2087.94375 7035.66875
578 4562.0189061558 5975.9276927101
579 4727.25 6585.75
580 5150.00625 8759.49375
581 3160.4125 7265.2
582 3275.15625 7035.63125
583 6843.8982166179 8653.5504443224
584 7069.770410007 8656.175662611
585 613.75 7041.95
586 7366.90625 8526.78125
587 7521.51384937 8660.6298519356
588 4958.69375 1399.65
589 4959.003125 1537.925
590 4758.5375 1719.9875
591 4758.60625 1598.03125
592 6392.152884545 8647.5055423822
593 6618.0257079895 8650.6602856662
594 4324.1125 7262
595 4396.4590530349 7121.9025442981
596 4261.7 6588.55
597 4573.4311065651 7118.2602527291
598 5622.75625 8528.03125
599 5488.6867084108 8655.9964885149
600 8225.5378538997 8865.1959335699
601 8245.629534488 8696.2062302313
602 8415.8950385585 8802.1388255373
603 8388.1802946831 8656.8845397178
604 8609.7891388986 8689.8723782763
605 8944.4733088643 8988.6924451192
606 4267.325 9264.1625
607 1692.20625 7035.68125
608 1567.4375 7266.2875
609 4066.63125 7035.60625
610 3887.725 7263.2
611 7154.078125 4666.0375
612 7090.273600057 4552.1882383772
613 7218.0798339826 4555.8692606113
614 7339.9841959105 4558.9359525039
615 7479.6644852491 4537.42717771
616 7409.696875 4666.2625
617 6898.459375 4665.8125
618 6834.6661526705 4539.1225275699
619 6962.4550103735 4562.5443867216
620 3461.025 1968.525
621 7804.6625 4442.2
622 8019.375 4442.2
623 2869.4875 7266
624 2796.4297275926 7147.4580858017
625 2483.68125 7035.65625
626 12132.44375 7153.14375
627 1904.175 1974.075
628 2540.725 5926.86875
629 2084.81875 6146.45
630 4729.375 5767.2375
631 4392.45 5767.2
632 5876.0613713134 4577.4382715926
633 6131.603125 4665.1375
634 6067.7885579159 4562.6969475269
635 5939.55 4442.4
636 9790.4950024046 7288.3139410048
637 10213.79375 7144.89375
638 221.09549660476 6126.4346387974
639 4067.4 2178.56875
640 3850.2375 1967.1375
641 3915.4990168232 2077.0826515789
642 3785.7335749949 2069.7070911421
643 3723.6 2179.103125
644 3666.2196622835 2074.1698674159
645 3590.7625 1968.0625
646 3548.3282210521 2078.1231766266
647 3494.4 2179.459375
648 3436.9512838895 2083.8691882714
649 3150.6 2179.99375
650 3331.2875 1968.9875
651 3324.2130144354 2081.5279393975
652 3265.2 2179.815625
653 3212.0956093296 2081.0712846419
654 2942.075 1970.375
655 3071.8125 1969.9125
656 3099.1908868059 2079.4592883423
657 3036 2180.171875
658 2984.1525976124 2077.4603835961
659 2692.2 2180.70625
660 2812.3375 1970.8375
661 2877.5162020387 2057.5519854096
662 2806.8 2180.528125
663 2749.3344260665 2074.0921473533
664 2423.125 1972.225
665 2577.6 2180.884375
666 2634.7453527283 2081.3001414629
667 2552.8625 1971.7625
668 2233.8 2181.41875
669 2520.145738742 2081.7266154993
670 2408.0281617447 2083.3331340327
671 2348.4 2181.240625
672 2293.3875 1972.6875
673 2297.5056855493 2083.1334061413
674 2186.9370917708 2081.2548303001
675 2119.2 2181.596875
676 2033.9125 1973.6125
677 2061.747663118 2083.6771982533
678 1946.0357916823 2081.963133403
679 1890 2181.953125
680 1774.4375 1974.5375
681 1660.8 2182.309375
682 1832.5477035118 2084.0594363831
683 1603.344712846 2082.4915864496
684 1709.8789264315 2061.7774306211
685 574.875 6639.15
686 7747.3850944937 8662.4581082965
687 7973.2560226772 8664.0199949369
688 2875.39375 6144.65
689 2952.275 5926.83125
690 3363.825 5926.79375
691 3270.68125 6143.75
692 4186.925 5926.71875
693 3665.96875 6142.85
694 3775.375 5926.75625
695 4061.25625 6141.95
696 4727.625 6808.875
697 4482.1350041012 6983.5451389721
698 4263.1 6812.075
699 4726.875 6362.625
700 5036.955208753 8661.5769272852
701 5262.8211185853 8658.9211814723
702 7295.6422877326 8658.5355841544
703 4958.384375 1261.375
704 4758.74375 1354.11875
705 5714.5519778005 8652.8024879389
706 8561.7404816618 8830.457458514
707 8775.8662672203 8825.1371027072
708 8742.310014406 8983.8718530327
709 8811.198545067 9140.7814751939
710 9133.5875 8917.075
711 8791.310780075 9340.7383220387
712 8857.1633875881 8555.7344808611
713 8753.3164245002 9541.5760382372
714 8953.1941698599 9255.871845327
715 8976.2893441436 8787.2086576683
716 9133.55625 9071.5625
717 8761.0784936744 8673.7068740584
718 8665.7940379734 8497.9853136714
719 8942.2694722996 9473.3093270528
720 8719.598086247 9694.9517178345
721 8900.8919069503 9654.41343719
722 8459.5 8220.1
723 9133.7125 8299.125
724 9133.49375 9380.5375
725 8458.25 8373.05
726 8644.7469221402 8298.0940578795
727 8801.742044213 8393.4351584436
728 8988.7263844623 8420.1966648253
729 8642.7 7909.05
730 8925.281697587 8196.8722428664
731 3670.89375 7035.61875
732 4033.1875 7262.8
733 3960.1251239063 7142.5839264862
734 7665.3934505411 4578.071199861
735 2578.5625 7266.8
736 12022.70625 7373.85
737 12252.015140208 7233.7158700265
738 12154.015625 7373.925
739 12088.420909183 7268.8895766521
740 11960.057391212 7261.5743300087
741 11891.396875 7373.775
742 12012.528125 7152.628125
743 11652.78125 7151.08125
744 11835.785510144 7262.6354369679
745 11772.696875 7151.596875
746 11497.46875 7373.55
747 11712.274545927 7259.3687258371
748 11628.778125 7373.625
749 11588.758206931 7256.7421918654
750 11532.865625 7150.565625
751 11472.478485523 7250.1536554487
752 11366.159375 7373.475
753 11173.11875 7149.01875
754 11352.185413982 7253.9364659228
755 11293.034375 7149.534375
756 11232.631790878 7252.7142683688
757 10972.23125 7373.25
758 11082.510800232 7269.9462124184
759 10053.117287515 7282.2746989766
760 10446.99375 7372.95
761 357.40098119439 6072.0473119089
762 341.20637526396 6229.4584241723
763 204.3 5931.375
764 183.95297763911 6291.2653358002
765 331.46320599076 6435.6200958577
766 13.55 6460.875
767 199.625 6637.45
768 4109.7125 1966.2125
769 4175.022005548 2089.6191373778
770 641.79451143372 6500.0467709333
771 4260.3 6365.025
772 4391.9591502808 6699.5010345693
773 4470.3952550732 6475.4759985702
774 4563.4637352211 6654.0007198712
775 4514.8709081345 6816.8162532399
776 4608.9002527151 6251.2604617601
777 4444.0036850335 6304.2858769952
778 8985.1109524742 8636.2781001455
779 8947.125 9845.2375
780 8460.75 8067.15
781 8600.2581834181 8144.7702532153
782 8761.1037412745 8181.2153602817
783 8855.8010070898 8056.833389363
784 8707.9764621575 8042.5278047908
785 8977.4372846605 7951.1641082433
786 9133.74375 8144.6375
787 3742.2625 7263.6
788 10693.45625 7146.95625
789 10315.740903592 7273.9052125862
790 174.81193591846 6477.2674870393
791 4622.9723628341 6474.362441407
792 10840.975125657 7279.944194139
793 10578.362639329 7268.8278081857
794 4472.275 8977.425
795 8559.98125 4667.275
796 8432.171875 4667.1625
797 8234.0875 4442.2
798 8496.1719969249 4558.7972904817
799 8662.4989096139 4423.2988149055
800 8629.9133030173 4553.1333091015
801 8368.3646361773 4556.3964318323
802 8048.74375 4666.825
803 8248.72401855 4561.0324114805
804 8176.553125 4666.9375
805 8126.73125 4515.7405979099
806 9138.9125 4387.175
807 8687.790625 4667.3875
808 8751.787084945 4563.1826048164
809 9140.23125 4663.8375
810 8822.5305142461 4419.5885672324
811 8736.9288319692 4180.5117069625
812 8974.4400459918 4342.0697678207
813 9137.59375 4110.5125
814 8897.479325219 4545.7363963799
815 8978.1721854915 4688.4093788233
816 8816.575 5072.05
817 8816.0875 4869.775
818 8447.6 4197.05
819 8964.6030924268 4970.5551522151
820 9142.86875 5217.1625
821 8977.9159376475 5148.6670033536
822 8817.0625 5274.325
823 8996.1051023066 5337.7331237718
824 8545.6016869958 4319.1482224173
825 7921.020126285 4569.2918942602
826 8632.7 3946.05
827 8931.5475499496 4112.8075103466
828 8997.6446867195 3946.7126367318
829 8818.85 3328.8
830 9133.6375 3280.525
831 8818.925 3634.5
832 9134.95625 3557.1875
833 8818.9625 3787.35
834 8992.2316770383 3710.8824857883
835 4698.26875 8760.03125
836 4514.75 8531.55
837 4811.0962476478 8670.0726742466
838 4639.8745475061 8618.9913373042
839 4264.775 8774.7875
840 4388.5729307648 8626.4852726465
841 886.4875 3356.3125
842 4969.9375 8053.6375
843 3451.3375 7264.4
844 3378.2692773251 7142.0577807021
845 1296.46875 7035.69375
846 7829.475 9852.6625
847 1689.53125 6147.35
848 2480.10625 6145.55
849 2129.175 5926.90625
850 16.65 6109.425
851 9133.43125 9689.5125
852 9139.571875 4525.50625
853 8587.5619675593 4106.5139649212
854 8993.8588693861 3419.5256671415
855 8818.8875 3481.65
856 8944.5260201862 3558.0441806256
857 885.65625 3159.84375
858 887.31875 3552.78125
859 8818.525 5881.15
860 4959.93125 1952.75
861 4960.240625 2091.025
862 4959.621875 1814.475
863 8819.9875 6487.975
864 9148.14375 6323.8125
865 8969.5209142348 6588.7526991778
866 8984.0513526049 6405.865219881
867 8993.6550026401 6219.9652774358
868 8819.0125 6083.425
869 9145.50625 5770.4875
870 8973.6928377207 5981.9141197367
871 8976.1029755338 5808.3482833716
872 8818.0375 5678.875
873 9025.7842632587 5632.7237783757
874 8970.6882423855 5489.2786721749
875 8818.775 3023.1
876 1091.70625 3353.1375
877 9132.31875 3003.8625
878 8970.3312603946 2866.3002427299
879 8983.4877595372 3142.9063164644

[MESH_TRIANGLES]
0 687 158 6
1 376 414 40
2 492 493 103
3 413 139 78
4 37 333 36
5 805 797 803
6 300 323 226
7 31 437 465
8 367 761 341
9 658 126 661
10 572 92 481
11 642 641 174
12 204 273 88
13 335 358 238
14 357 333 37
15 197 88 84
16 88 197 204
17 413 38 376
18 13 565 566
19 653 656 170
20 79 239 329
21 75 272 237
22 251 366 252
23 198 75 61
24 169 379 380
25 547 546 542
26 206 75 198
27 146 607 117
28 636 141 550
29 104 688 134
30 798 796 801
31 117 485 146
32 791 774 773
33 486 80 578
34 486 578 65
35 408 310 407
36 575 576 694
37 467 32 402
38 346 132 342
39 120 599 701
40 844 116 843
41 609 86 124
42 159 702 584
43 585 31 491
44 30 585 29
45 437 467 403
46 532 735 105
47 465 466 125
48 447 42 43
49 849 537 629
50 26 27 242
51 492 133 493
52 571 481 140
53 879 877 830
54 257 305 296
55 406 440 441
56 636 119 351
57 296 223 233
58 317 267 266
59 123 794 153
60 295 407 304
61 583 490 152
62 21 241 20
63 807 800 808
64 839 14 840
65 163 581 135
66 838 15 837
67 153 606 123
68 793 788 147
69 243 241 264
70 801 142 803
71 159 586 702
72 127 495 157
73 24 267 306
74 109 553 384
75 838 7 836
76 423 450 10
77 8 396 93
78 497 92 592
79 337 339 340
80 873 869 871
81 262 24 25
82 17 145 625
83 821 816 819
84 66 697 775
85 686 570 151
86 860 861 41
87 556 387 388
88 97 468 77
89 168 792 788
90 479 459 460
91 564 382 563
92 106 754 755
93 272 206 308
94 670 672 664
95 62 391 392
96 369 373 360
97 542 546 81
98 193 195 186
99 64 393 63
100 633 354 149
101 91 500 501
102 145 17 28
103 252 206 248
104 487 701 700
105 653 651 652
106 343 1 347
107 86 594 124
108 828 834 128
109 354 45 46
110 74 807 808
111 131 870 869
112 599 499 108
113 827 828 813
114 412 363 372
115 789 107 637
116 246 88 273
117 5 500 122
118 379 115 166
119 37 434 144
120 56 57 58
121 817 74 815
122 795 798 800
123 412 149 354
124 592 92 572
125 93 521 8
126 399 169 148
127 353 443 54
128 461 16 69
129 464 842 433
130 69 269 68
131 16 66 299
132 727 728 712
133 539 540 291
134 67 269 299
135 600 601 602
136 385 425 452
137 583 593 100
138 523 608 95
139 700 837 70
140 524 5 122
141 705 140 499
142 347 353 54
143 632 132 338
144 94 116 731
145 178 613 612
146 861 97 77
147 396 8 11
148 345 334 343
149 347 352 353
150 110 683 554
151 350 327 348
152 533 744 745
153 55 56 58
154 165 613 614
155 343 55 345
156 759 637 107
157 195 193 194
158 713 503 511
159 129 587 586
160 730 786 723
161 91 501 507
162 648 647 179
163 530 616 615
164 135 531 163
165 715 717 778
166 507 509 91
167 4 524 846
168 737 164 539
169 401 558 400
170 577 28 485
171 666 665 669
172 115 397 166
173 597 16 498
174 398 399 167
175 78 435 38
176 627 682 680
177 173 674 677
178 561 560 415
179 154 590 591
180 162 857 177
181 876 176 858
182 102 618 617
183 646 644 528
184 196 217 201
185 220 217 200
186 302 289 293
187 220 200 202
188 281 254 261
189 187 193 186
190 190 192 191
191 0 190 191
192 196 194 200
193 191 60 0
194 60 191 187
195 191 192 193
196 190 189 192
197 188 199 189
198 192 189 199
199 191 193 187
200 193 192 194
201 202 199 188
202 183 195 196
203 196 195 194
204 183 186 195
205 194 199 200
206 201 183 196
207 208 263 227
208 214 215 216
209 542 319 541
210 61 213 198
211 199 202 200
212 194 192 199
213 247 254 278
214 196 200 217
215 188 185 202
216 220 202 231
217 230 219 229
218 247 240 249
219 201 217 180
220 228 197 216
221 204 228 239
222 270 222 213
223 84 214 197
224 264 234 243
225 209 270 211
226 336 303 319
227 227 215 210
228 303 270 209
229 210 215 212
230 61 211 213
231 84 212 214
232 222 270 251
233 215 214 212
234 216 197 214
235 227 210 208
236 239 79 274
237 215 227 256
238 197 228 204
239 230 217 220
240 230 218 219
241 229 180 217
242 231 202 185
243 180 229 59
244 218 230 240
245 330 316 336
246 277 275 276
247 251 365 366
248 198 213 222
249 847 236 538
250 242 257 233
251 134 628 104
252 263 208 205
253 44 322 323
254 256 238 216
255 238 228 216
256 238 239 228
257 59 229 219
258 217 230 229
259 240 230 220
260 258 184 254
261 247 203 245
262 262 268 267
263 248 206 198
264 276 244 246
265 17 438 28
266 19 234 305
267 224 538 225
268 226 237 300
269 206 272 75
270 216 215 256
271 368 367 341
272 238 328 239
273 239 328 329
274 249 220 231
275 245 218 240
276 150 324 325
277 251 252 248
278 240 220 249
279 257 242 27
280 243 20 241
281 204 274 273
282 247 245 240
283 246 273 276
284 231 253 258
285 303 320 270
286 248 198 222
287 231 185 253
288 254 247 249
289 289 265 286
290 247 278 203
291 303 209 207
292 251 248 222
293 272 308 76
294 300 272 76
295 184 258 253
296 184 261 254
297 258 249 231
298 282 280 283
299 263 256 227
300 267 268 266
301 409 256 263
302 305 234 264
303 233 257 296
304 254 249 258
305 184 259 261
306 279 280 250
307 25 260 262
308 286 283 261
309 264 241 298
310 21 266 241
311 205 402 263
312 409 335 256
313 241 266 298
314 307 223 296
315 285 250 282
316 265 283 286
317 262 267 24
318 262 260 268
319 297 317 21
320 21 317 266
321 260 255 268
322 223 307 255
323 213 211 270
324 69 16 299
325 366 83 232
326 271 76 308
327 232 271 252
328 300 76 44
329 274 79 277
330 239 274 204
331 273 274 277
332 235 301 236
333 301 244 276
334 279 203 278
335 301 276 275
336 277 276 273
337 281 280 278
338 280 279 278
339 280 281 283
340 254 281 278
341 283 281 261
342 284 282 265
343 250 280 282
344 286 261 259
345 282 283 265
346 288 289 286
347 285 284 182
348 294 290 302
349 284 285 282
350 289 288 181
351 181 292 293
352 284 289 302
353 294 291 540
354 286 259 288
355 284 265 289
356 284 302 182
357 539 136 737
358 289 181 293
359 294 287 290
360 294 293 292
361 291 294 292
362 294 302 293
363 257 27 311
364 311 305 257
365 307 264 298
366 297 22 306
367 306 22 23
368 266 268 298
369 307 268 255
370 237 272 300
371 69 299 269
372 236 301 275
373 235 244 301
374 290 182 302
375 319 303 207
376 270 320 251
377 307 305 264
378 305 18 19
379 317 297 306
380 23 24 306
381 307 296 305
382 307 298 268
383 206 252 308
384 271 308 252
385 313 309 312
386 305 311 18
387 314 18 311
388 313 310 309
389 312 314 315
390 315 27 313
391 312 315 313
392 315 311 27
393 314 311 315
394 306 267 317
395 321 316 330
396 318 340 325
397 300 44 323
398 542 541 99
399 81 321 330
400 319 330 336
401 365 221 355
402 324 226 323
403 81 82 321
404 325 324 323
405 322 318 325
406 325 323 322
407 340 332 337
408 335 238 256
409 329 356 79
410 345 55 348
411 329 328 35
412 326 410 35
413 356 329 410
414 316 221 336
415 81 330 319
416 337 161 342
417 367 358 335
418 357 37 144
419 161 337 332
420 1 343 334
421 335 409 567
422 358 328 238
423 365 336 221
424 303 336 320
425 132 346 338
426 339 150 340
427 634 632 635
428 337 342 331
429 325 340 150
430 337 331 339
431 332 340 318
432 35 328 358
433 132 331 342
434 375 374 373
435 55 343 54
436 360 352 347
437 343 347 54
438 348 55 58
439 327 334 345
440 351 350 348
441 342 161 346
442 360 347 1
443 327 345 348
444 58 349 351
445 350 351 119
446 351 348 58
447 636 351 349
448 121 375 359
449 353 352 113
450 866 864 361
451 362 411 371
452 372 48 102
453 48 372 47
454 356 357 144
455 320 365 251
456 329 35 410
457 326 333 357
458 344 352 360
459 368 35 358
460 359 375 373
461 361 370 411
462 865 866 361
463 365 320 336
464 354 46 363
465 102 364 372
466 366 365 355
467 83 366 355
468 366 232 252
469 770 32 685
470 763 341 761
471 412 372 364
472 367 368 358
473 360 1 369
474 371 411 443
475 113 371 443
476 363 47 372
477 360 373 344
478 369 359 373
479 375 121 785
480 374 344 373
481 73 374 375
482 444 77 416
483 414 376 38
484 769 639 768
485 379 166 380
486 169 380 148
487 445 381 446
488 420 157 419
489 109 384 383
490 565 383 421
491 425 11 451
492 423 449 422
493 554 555 387
494 557 139 556
495 474 427 475
496 76 476 44
497 63 393 391
498 62 392 65
499 64 392 393
500 392 391 393
501 568 70 463
502 394 395 462
503 169 399 398
504 11 109 396
505 434 397 115
506 167 103 398
507 436 400 435
508 177 559 162
509 85 465 437
510 409 402 32
511 439 405 438
512 402 205 403
513 437 403 85
514 304 440 295
515 407 295 408
516 310 408 309
517 402 409 263
518 686 151 587
519 326 357 410
520 356 410 357
521 411 362 865
522 443 411 370
523 149 412 364
524 363 412 354
525 38 39 414
526 38 413 78
527 40 414 39
528 416 561 444
529 444 561 415
530 417 447 418
531 381 445 382
532 419 563 420
533 157 562 127
534 450 423 422
535 383 384 421
536 422 9 450
537 452 425 424
538 11 8 451
539 471 454 470
540 389 472 390
541 477 457 458
542 390 478 389
543 461 431 430
544 462 431 394
545 842 395 394
546 432 433 568
547 397 434 37
548 435 78 436
549 400 436 401
550 31 404 437
551 437 404 467
552 438 17 439
553 405 439 406
554 440 304 441
555 406 441 405
556 551 764 766
557 762 638 761
558 54 443 370
559 443 353 113
560 415 41 444
561 77 444 41
562 449 385 448
563 446 418 445
564 417 418 446
565 42 447 417
566 385 386 448
567 422 449 448
568 10 450 9
569 8 424 451
570 425 451 424
571 424 386 452
572 385 452 386
573 469 453 468
574 426 470 427
575 472 389 473
576 427 474 426
577 476 458 457
578 428 477 429
579 569 459 478
580 429 479 428
581 431 461 69
582 430 16 461
583 395 430 462
584 431 462 430
585 466 465 85
586 70 15 463
587 433 432 464
588 31 465 125
589 32 467 404
590 845 466 85
591 403 467 402
592 458 476 76
593 453 469 454
594 468 97 469
595 454 471 453
596 470 426 471
597 473 455 472
598 456 455 473
599 475 456 474
600 455 456 475
601 457 44 476
602 457 477 428
603 458 429 477
604 459 479 429
605 459 569 460
606 460 428 479
607 482 572 571
608 129 480 686
609 138 592 572
610 87 692 80
611 691 574 690
612 698 596 772
613 28 577 145
614 87 80 486
615 584 489 159
616 700 580 137
617 843 488 844
618 100 489 583
619 588 175 704
620 31 125 491
621 103 167 492
622 133 176 493
623 686 587 129
624 593 496 100
625 138 496 592
626 515 519 520
627 498 594 595
628 111 571 705
629 501 500 5
630 503 507 508
631 506 508 510
632 506 510 512
633 508 507 501
634 711 713 511
635 5 504 510
636 508 511 503
637 520 708 515
638 711 511 515
639 503 720 509
640 510 508 501
641 508 506 511
642 5 510 501
643 503 509 507
644 510 504 512
645 517 512 502
646 515 511 506
647 504 502 512
648 518 516 517
649 713 721 720
650 714 513 724
651 512 517 519
652 505 720 721
653 709 515 708
654 518 600 516
655 516 519 517
656 518 6 600
657 520 519 516
658 515 506 519
659 517 502 518
660 512 519 506
661 516 600 602
662 520 602 706
663 95 845 523
664 606 521 93
665 158 522 601
666 610 787 525
667 4 846 3
668 618 102 48
669 611 526 612
670 749 750 743
671 644 642 643
672 529 614 613
673 615 143 734
674 624 623 532
675 623 624 531
676 739 740 742
677 225 629 224
678 679 682 678
679 848 536 628
680 164 287 540
681 236 847 235
682 540 539 164
683 294 540 287
684 578 548 62
685 319 207 541
686 81 319 542
687 548 547 543
688 545 543 547
689 548 544 547
690 542 99 545
691 547 542 545
692 546 547 544
693 62 548 630
694 631 544 548
695 640 552 641
696 634 633 549
697 762 367 567
698 567 367 335
699 172 388 555
700 109 11 553
701 554 683 555
702 388 387 555
703 556 388 557
704 139 557 78
705 388 78 557
706 416 378 561
707 559 558 401
708 558 559 177
709 378 377 560
710 378 560 561
711 563 419 564
712 157 420 562
713 382 564 381
714 419 381 564
715 565 421 566
716 13 566 12
717 421 12 566
718 705 571 140
719 551 850 764
720 432 568 463
721 478 390 569
722 687 480 158
723 482 571 111
724 571 572 481
725 138 572 482
726 483 690 484
727 689 573 688
728 484 693 483
729 575 695 576
730 548 578 80
731 485 117 577
732 65 578 62
733 583 152 593
734 773 772 596
735 701 580 700
736 582 581 163
737 581 582 488
738 584 583 489
739 130 490 584
740 584 490 583
741 151 494 587
742 29 585 491
743 130 702 494
744 587 494 702
745 591 175 589
746 704 703 588
747 175 588 589
748 41 862 860
749 154 591 589
750 593 592 496
751 152 497 593
752 593 497 592
753 697 597 595
754 595 594 86
755 697 86 698
756 777 87 486
757 697 66 597
758 16 597 66
759 498 595 597
760 701 599 108
761 598 705 599
762 598 599 120
763 601 6 158
764 600 6 601
765 71 603 522
766 602 520 516
767 601 603 602
768 602 603 604
769 522 603 601
770 604 603 71
771 604 71 718
772 707 605 708
773 706 707 708
774 716 714 605
775 619 612 526
776 521 606 153
777 608 607 146
778 607 608 523
779 733 610 525
780 610 733 732
781 613 611 612
782 527 178 612
783 529 613 178
784 165 611 613
785 615 614 529
786 616 165 614
787 529 143 615
788 17 625 735
789 48 527 618
790 615 616 614
791 619 617 618
792 619 618 527
793 612 619 527
794 526 617 619
795 825 621 622
796 650 648 651
797 615 734 530
798 734 621 114
799 105 531 624
800 531 135 623
801 676 678 627
802 532 105 624
803 634 635 45
804 744 533 740
805 536 848 537
806 537 849 536
807 548 543 630
808 548 80 631
809 549 132 632
810 632 634 549
811 633 634 354
812 354 634 45
813 141 636 349
814 632 338 635
815 550 119 636
816 789 118 760
817 550 141 759
818 763 850 34
819 552 639 641
820 769 768 377
821 642 640 641
822 639 174 641
823 642 644 156
824 156 640 642
825 643 528 644
826 642 174 643
827 646 645 644
828 647 648 646
829 156 644 645
830 653 170 650
831 620 645 646
832 646 528 647
833 620 646 648
834 658 655 656
835 648 650 620
836 651 648 179
837 650 651 653
838 652 649 653
839 651 179 652
840 655 170 656
841 655 658 654
842 659 665 666
843 656 653 649
844 657 658 656
845 657 126 658
846 656 649 657
847 662 663 661
848 659 666 663
849 654 661 660
850 658 661 654
851 659 663 662
852 663 660 661
853 661 126 662
854 96 660 663
855 667 666 669
856 669 171 670
857 96 663 666
858 665 171 669
859 669 664 667
860 96 666 667
861 672 674 173
862 670 664 669
863 674 672 673
864 672 670 673
865 671 668 673
866 670 171 671
867 670 671 673
868 673 668 674
869 155 677 675
870 675 677 674
871 677 155 678
872 674 668 675
873 676 677 678
874 677 676 173
875 684 681 683
876 535 682 679
877 535 681 684
878 678 155 679
879 678 682 627
880 681 172 683
881 110 684 683
882 683 172 555
883 684 110 680
884 680 682 684
885 535 684 682
886 685 442 567
887 409 770 567
888 687 686 480
889 6 570 687
890 687 570 686
891 86 697 595
892 573 689 574
893 688 104 689
894 574 691 573
895 690 483 691
896 695 692 87
897 694 693 484
898 693 694 576
899 692 695 575
900 775 772 774
901 66 775 696
902 837 700 137
903 772 775 698
904 65 699 776
905 487 700 70
906 120 701 487
907 108 580 701
908 702 130 584
909 587 702 586
910 599 705 499
911 495 127 703
912 495 703 704
913 111 705 598
914 602 604 706
915 706 604 707
916 717 707 604
917 712 717 718
918 715 710 605
919 706 708 520
920 715 605 707
921 711 709 714
922 714 716 513
923 719 713 711
924 515 709 711
925 605 709 708
926 712 718 727
927 605 714 709
928 509 720 505
929 719 724 514
930 715 707 717
931 90 710 715
932 718 717 604
933 605 710 716
934 717 712 778
935 781 722 780
936 725 726 718
937 714 719 711
938 2 779 851
939 503 713 720
940 721 713 719
941 514 721 719
942 505 721 779
943 730 728 727
944 725 722 726
945 90 778 728
946 780 729 781
947 714 724 719
948 718 71 725
949 726 722 781
950 726 727 718
951 723 728 730
952 781 784 782
953 90 728 723
954 782 730 727
955 727 726 782
956 783 785 730
957 525 609 733
958 94 731 787
959 609 124 732
960 609 732 733
961 621 734 143
962 114 530 734
963 739 738 736
964 105 735 625
965 739 737 738
966 626 164 737
967 740 739 736
968 737 136 738
969 737 739 626
970 744 740 741
971 739 742 626
972 747 748 749
973 740 736 741
974 740 533 742
975 741 534 744
976 747 745 744
977 744 534 747
978 747 743 745
979 754 106 751
980 747 749 743
981 748 746 749
982 747 534 748
983 750 751 106
984 749 746 751
985 751 750 749
986 754 751 752
987 753 756 758
988 751 746 752
989 752 89 754
990 755 756 753
991 754 89 756
992 756 755 754
993 89 757 758
994 89 758 756
995 168 753 758
996 168 758 757
997 637 759 141
998 107 550 759
999 762 761 367
1000 793 118 788
1001 763 761 638
1002 762 765 764
1003 638 762 764
1004 765 762 567
1005 850 763 638
1006 33 790 767
1007 567 442 765
1008 790 33 766
1009 377 378 769
1010 790 764 765
1011 765 442 767
1012 639 552 768
1013 378 639 769
1014 32 770 409
1015 685 567 770
1016 773 596 771
1017 486 65 776
1018 696 775 774
1019 776 777 486
1020 579 791 699
1021 774 579 696
1022 773 774 772
1023 791 776 699
1024 698 775 697
1025 776 791 777
1026 773 771 777
1027 87 777 771
1028 728 778 712
1029 90 715 778
1030 783 784 73
1031 851 779 721
1032 780 72 729
1033 726 781 782
1034 784 783 782
1035 785 783 73
1036 730 782 783
1037 781 729 784
1038 73 784 729
1039 375 785 73
1040 785 121 786
1041 118 789 637
1042 785 786 730
1043 525 787 731
1044 757 147 792
1045 764 790 766
1046 760 107 789
1047 765 767 790
1048 774 791 579
1049 791 773 777
1050 788 792 147
1051 168 757 792
1052 147 760 793
1053 118 793 760
1054 839 794 123
1055 798 799 800
1056 802 805 804
1057 142 801 796
1058 49 798 801
1059 798 49 799
1060 795 796 798
1061 50 826 853
1062 806 852 812
1063 809 815 852
1064 807 795 800
1065 114 825 802
1066 797 49 801
1067 803 797 801
1068 797 805 622
1069 804 805 803
1070 803 142 804
1071 825 805 802
1072 812 813 806
1073 74 808 814
1074 74 814 815
1075 799 808 800
1076 808 799 810
1077 810 814 808
1078 811 810 799
1079 812 814 810
1080 824 799 49
1081 826 51 811
1082 810 811 812
1083 827 811 51
1084 809 98 815
1085 812 811 827
1086 814 852 815
1087 815 819 817
1088 823 822 821
1089 821 819 98
1090 819 815 98
1091 824 811 799
1092 816 817 819
1093 822 823 112
1094 98 820 821
1095 821 820 823
1096 820 160 823
1097 816 821 822
1098 49 818 824
1099 160 873 874
1100 824 818 853
1101 621 825 114
1102 805 825 622
1103 828 827 51
1104 853 826 811
1105 812 827 813
1106 854 855 829
1107 813 828 128
1108 878 53 877
1109 879 854 829
1110 833 831 834
1111 828 833 834
1112 856 831 855
1113 832 128 834
1114 828 51 833
1115 70 837 15
1116 837 835 838
1117 794 839 7
1118 137 835 837
1119 7 838 835
1120 836 15 838
1121 839 840 7
1122 836 7 840
1123 14 836 840
1124 858 841 876
1125 488 582 844
1126 395 842 464
1127 116 94 843
1128 582 116 844
1129 824 853 811
1130 466 845 95
1131 524 122 846
1132 538 224 847
1133 628 134 848
1134 629 225 849
1135 764 850 638
1136 721 514 851
1137 812 852 814
1138 50 853 818
1139 830 832 854
1140 832 834 856
1141 832 856 854
1142 856 855 854
1143 834 831 856
1144 862 41 590
1145 876 857 162
1146 176 133 858
1147 868 859 870
1148 362 863 865
1149 41 861 77
1150 590 154 862
1151 411 865 361
1152 867 864 866
1153 865 863 866
1154 863 101 866
1155 867 866 101
1156 869 870 871
1157 131 864 867
1158 870 859 871
1159 867 101 868
1160 870 867 868
1161 874 112 823
1162 867 870 131
1163 873 160 869
1164 871 872 873
1165 871 859 872
1166 874 872 112
1167 160 874 823
1168 872 874 873
1169 857 876 841
1170 829 875 879
1171 879 878 877
1172 53 878 52
1173 875 52 878
1174 879 830 854
1175 878 879 875

[MESH_BOUNDARY_NODES]
89 1 0
90 2 1
91 3 2
92 7 6
93 14 13
94 17 16
95 29 28
96 41 40
97 44 43
98 54 53
99 62 61
100 71 70
101 74 73
102 75 74
103 79 78
104 80 79
105 86 85
106 59 58
107 1 0
108 7 6
109 14 13
110 41 40
111 71 70
112 74 73
113 74 73
114 75 74
115 79 78
116 86 85
117 86 85
118 59 58
119 1 0
120 71 70
121 2 1
122 3 2
123 14 13
124 17 16
125 29 28
126 78 77
127 44 43
128 54 53
129 71 70
130 7 6
131 54 53
132 75 74
133 38 37
134 88 87
135 17 16
136 1 0
137 7 6
138 71 70
139 41 40
140 7 6
141 59 58
142 75 74
143 49 48
144 79 78
145 86 85
146 29 28
147 1 0
148 38 37
149 75 74
150 75 74
151 7 6
152 7 6
153 8 7
154 44 43
155 78 77
156 41 40
157 42 41
158 71 70
159 71 70
160 54 53
161 45 44
162 79 78
163 86 85
164 59 58
165 75 74
166 38 37
167 38 37
168 59 58
169 79 78
170 41 40
171 78 77
172 78 77
173 41 40
174 78 77
175 42 41
176 79 78
177 38 37
178 49 48
179 78 77
180 60 59
181 1 0
182 59 58
183 60 59
184 1 0
185 1 0
186 60 59
187 60 59
188 1 0
189 1 0
190 1 0
201 60 59
203 59 58
205 85 84
207 62 61
208 85 84
209 62 61
210 85 84
211 62 61
212 85 84
218 59 58
219 59 58
221 83 82
223 26 25
224 88 87
225 80 79
226 75 74
232 76 83
233 26 25
234 20 19
235 88 87
236 80 79
237 75 74
242 26 25
243 20 19
244 88 87
245 59 58
246 88 87
250 59 58
253 1 0
255 26 25
259 1 0
260 26 25
269 68 67
271 76 83
275 80 79
277 80 79
279 59 58
285 59 58
287 59 58
288 1 0
290 59 58
291 1 0
292 1 0
295 18 17
297 22 21
299 67 66
304 28 27
309 18 17
310 28 27
312 18 17
313 28 27
314 18 17
316 83 82
318 45 44
321 83 82
322 45 44
324 75 74
326 36 35
327 1 0
331 75 74
332 45 44
333 36 35
334 1 0
338 45 44
339 75 74
341 35 34
344 74 73
346 45 44
349 59 58
350 1 0
352 74 73
355 83 82
356 79 78
359 2 1
361 54 53
362 74 73
363 47 46
364 75 74
368 35 34
369 2 1
370 54 53
371 74 73
374 74 73
376 41 40
377 41 40
378 78 77
379 79 78
380 38 37
381 42 41
382 44 43
383 14 13
384 12 11
385 11 10
386 9 8
387 41 40
388 78 77
389 77 76
390 44 43
391 63 62
392 65 64
394 70 69
395 16 15
396 14 13
397 38 37
398 79 78
399 38 37
400 38 37
401 79 78
403 85 84
404 32 31
405 28 27
406 18 17
407 28 27
408 18 17
413 41 40
415 41 40
416 78 77
417 42 41
418 44 43
419 42 41
420 44 43
421 12 11
422 9 8
423 11 10
424 9 8
425 11 10
426 77 76
427 44 43
428 44 43
429 77 76
430 16 15
431 70 69
432 16 15
433 70 69
434 79 78
435 38 37
436 79 78
438 28 27
439 18 17
440 18 17
441 28 27
442 33 32
445 44 43
446 42 41
447 44 43
448 9 8
449 11 10
453 77 76
454 44 43
455 44 43
456 77 76
457 44 43
458 77 76
459 77 76
460 44 43
463 16 15
464 16 15
466 29 28
468 77 76
469 44 43
470 44 43
471 77 76
472 44 43
473 77 76
474 77 76
475 44 43
478 77 76
480 71 70
481 7 6
482 71 70
483 88 87
484 80 79
485 29 28
487 71 70
488 17 16
489 71 70
490 7 6
491 29 28
492 38 37
493 79 78
494 7 6
495 42 41
496 71 70
497 7 6
498 17 16
499 7 6
500 3 2
502 6 5
504 6 5
505 3 2
509 3 2
513 2 1
514 2 1
518 6 5
521 8 7
522 71 70
523 86 85
524 5 4
525 86 85
526 75 74
527 49 48
528 78 77
529 49 48
530 75 74
531 86 85
532 17 16
533 59 58
534 1 0
535 78 77
536 80 79
537 88 87
538 80 79
539 1 0
541 62 61
543 62 61
544 81 80
545 62 61
546 81 80
549 75 74
550 1 0
551 34 33
552 41 40
553 12 11
554 41 40
556 41 40
558 38 37
559 79 78
560 41 40
562 44 43
563 44 43
565 14 13
568 70 69
569 44 43
570 7 6
573 88 87
574 80 79
575 80 79
576 88 87
577 86 85
579 66 65
580 7 6
581 17 16
582 86 85
585 31 30
586 71 70
588 44 43
589 44 43
590 42 41
591 42 41
594 17 16
596 87 86
598 71 70
606 14 13
607 86 85
608 29 28
609 86 85
610 17 16
611 75 74
616 75 74
617 75 74
620 41 40
621 49 48
622 49 48
623 17 16
625 86 85
626 59 58
627 41 40
628 80 79
629 88 87
630 62 61
631 81 80
633 75 74
635 45 44
637 59 58
639 78 77
640 41 40
643 78 77
645 41 40
647 78 77
649 78 77
650 41 40
652 78 77
654 41 40
655 41 40
657 78 77
659 78 77
660 41 40
662 78 77
664 41 40
665 78 77
667 41 40
668 78 77
671 78 77
672 41 40
675 78 77
676 41 40
679 78 77
680 41 40
681 78 77
685 33 32
688 88 87
689 80 79
690 80 79
691 88 87
692 80 79
693 88 87
694 80 79
695 88 87
696 66 65
698 87 86
699 66 65
703 44 43
704 42 41
710 2 1
716 2 1
722 72 71
723 2 1
724 2 1
725 72 71
729 73 72
731 86 85
732 17 16
735 17 16
736 1 0
738 1 0
741 1 0
742 59 58
743 59 58
745 59 58
746 1 0
748 1 0
750 59 58
752 1 0
753 59 58
755 59 58
757 1 0
760 1 0
763 35 34
766 34 33
767 33 32
768 41 40
771 87 86
779 3 2
780 72 71
786 2 1
787 17 16
788 59 58
794 8 7
795 75 74
796 75 74
797 49 48
802 75 74
804 75 74
806 54 53
807 75 74
809 54 53
813 54 53
816 74 73
817 74 73
818 50 49
820 54 53
822 74 73
826 51 50
829 52 51
830 54 53
831 52 51
832 54 53
833 52 51
835 7 6
836 15 14
839 14 13
841 38 37
842 70 69
843 17 16
845 86 85
846 3 2
847 88 87
848 88 87
849 80 79
850 34 33
851 2 1
852 54 53
855 52 51
857 38 37
858 38 37
859 74 73
860 44 43
861 44 43
862 44 43
863 74 73
864 54 53
868 74 73
869 54 53
872 74 73
875 52 51
876 79 78
877 54 53


[TRIMESH_CONVEX_REGION]
REGION_LABEL 0
843
488
581
135
623
532
735
625
105
531
163
582
116


[TRIMESH_CONVEX_REGION]
REGION_LABEL 1
603
71
726
782
786
723
90
710
716
708
602


[TRIMESH_CONVEX_REGION]
REGION_LABEL 2
668
675
155
679
535
681
388
556
387
554
110
680
627
676
173


[TRIMESH_CONVEX_REGION]
REGION_LABEL 3
407
408
309
312
314
18
305
307
296
27
313
310


[TRIMESH_CONVEX_REGION]
REGION_LABEL 4
242
18
19
234
243
20
21
24
25
260
255
223
233


[TRIMESH_CONVEX_REGION]
REGION_LABEL 5
823
822
816
817
74
810
812
806
852
809
98
820


[TRIMESH_CONVEX_REGION]
REGION_LABEL 6
350
58
349
141
637
118
760
107
550
119


[TRIMESH_CONVEX_REGION]
REGION_LABEL 7
523
607
117
577
145
625
17
28
485
146
608


[TRIMESH_CONVEX_REGION]
REGION_LABEL 8
88
227
402
770
567
35
410
356
79


[TRIMESH_CONVEX_REGION]
REGION_LABEL 9
361
362
863
101
868
859
871
869
131
864


[TRIMESH_CONVEX_REGION]
REGION_LABEL 10
111
571
140
499
108
580
700
70
487
120
598


[TRIMESH_CONVEX_REGION]
REGION_LABEL 11
520
605
716
513
724
514
851
779
509
507
510
512


[TRIMESH_CONVEX_REGION]
REGION_LABEL 12
408
407
304
441
405
438
439
406
440
295


[TRIMESH_CONVEX_REGION]
REGION_LABEL 13
394
395
430
16
299
69
431


[TRIMESH_CONVEX_REGION]
REGION_LABEL 14
638
35
329
274
84
212
210
208
205
32
685
442
764


[TRIMESH_CONVEX_REGION]
REGION_LABEL 15
83
232
271
308
75
61
542
81
82
321
316
221
355


[TRIMESH_CONVEX_REGION]
REGION_LABEL 16
772
596
771
87
80
548
65
699
579
774


[TRIMESH_CONVEX_REGION]
REGION_LABEL 17
396
8
424
386
448
449
385
425
11


[TRIMESH_CONVEX_REGION]
REGION_LABEL 18
775
66
16
498
594
124
86


[TRIMESH_CONVEX_REGION]
REGION_LABEL 19
539
164
287
290
182
250
279
203
245
218
219
59
180
201
183
186
187
60
0
190
189
188
185
253
184
259
288
181
292
291


[TRIMESH_CONVEX_REGION]
REGION_LABEL 20
665
669
667
96
660
654
655
170
650
620
647
179
652
649
657
126
662
659


[TRIMESH_CONVEX_REGION]
REGION_LABEL 21
177
558
400
435
38
413
78
436
401
559


[TRIMESH_CONVEX_REGION]
REGION_LABEL 22
440
441
405
438
28
145
17
439
406


[TRIMESH_CONVEX_REGION]
REGION_LABEL 23
172
388
78
38
414
40
376
413
139
556
387
554


[TRIMESH_CONVEX_REGION]
REGION_LABEL 24
759
550
119
350
327
334
1
347
54
55
58
349
141


[TRIMESH_CONVEX_REGION]
REGION_LABEL 25
339
150
324
226
237
75
248
366
232
271
76
44
340


[TRIMESH_CONVEX_REGION]
REGION_LABEL 26
707
604
71
725
722
780
72
729
73
121
786
723
90


[TRIMESH_CONVEX_REGION]
REGION_LABEL 27
746
751
750
743
745
533
742
626
164
539
738
736
741
534
748


[TRIMESH_CONVEX_REGION]
REGION_LABEL 28
225
224
847
235
244
246
88
228
239
79
277
275
236
538


[TRIMESH_CONVEX_REGION]
REGION_LABEL 29
412
149
633
549
132
331
337
161
346
338
635
45
354


[TRIMESH_CONVEX_REGION]
REGION_LABEL 30
819
98
820
160
869
859
872
112
822
816


[TRIMESH_CONVEX_REGION]
REGION_LABEL 31
159
586
129
480
158
6
570
151
494
130


[TRIMESH_CONVEX_REGION]
REGION_LABEL 32
843
116
731
525
609
86
595
594
124
732
610
787
94


[TRIMESH_CONVEX_REGION]
REGION_LABEL 33
828
813
852
74
807
795
796
801
49
51


[TRIMESH_CONVEX_REGION]
REGION_LABEL 34
552
768
377
560
415
41
861
77
416
378
639


[TRIMESH_CONVEX_REGION]
REGION_LABEL 35
779
505
509
91
500
122
5
512
519
515
711
721


[TRIMESH_CONVEX_REGION]
REGION_LABEL 36
618
527
178
529
143
621
114
530
616
165
611
526
617


[TRIMESH_CONVEX_REGION]
REGION_LABEL 37
878
877
830
832
128
833
831
829
875


[TRIMESH_CONVEX_REGION]
REGION_LABEL 38
559
162
876
176
493
133
858
841
857
177


[TRIMESH_CONVEX_REGION]
REGION_LABEL 39
427
426
471
453
468
77
41
862
860
861
97
469
454
470


[TRIMESH_CONVEX_REGION]
REGION_LABEL 40
308
61
211
209
207
541
542
81
82
321
316
221
355
83
232
271


[TRIMESH_CONVEX_REGION]
REGION_LABEL 41
170
650
620
645
156
640
552
768
769
639
174
643
528
647
179
652
653


[TRIMESH_CONVEX_REGION]
REGION_LABEL 42
14
840
7
794
153
521
93
606
123
839


[TRIMESH_CONVEX_REGION]
REGION_LABEL 43
368
256
685
442
767
33
766
551
850
34
763
341


[TRIMESH_CONVEX_REGION]
REGION_LABEL 44
327
345
55
56
57
58


[TRIMESH_CONVEX_REGION]
REGION_LABEL 45
389
473
456
474
426
471
453
468
469
454
470
427
475
455
472


[TRIMESH_CONVEX_REGION]
REGION_LABEL 46
595
86
698
596
771
486
699
579
696
66
597


[TRIMESH_CONVEX_REGION]
REGION_LABEL 47
841
876
176
493
103
398
167
492
133
858


[TRIMESH_CONVEX_REGION]
REGION_LABEL 48
445
382
563
420
562
127
703
588
704
495
157
419
381


[TRIMESH_CONVEX_REGION]
REGION_LABEL 49
74
807
795
798
49
818
50
826
51
828
813
806
852


[TRIMESH_CONVEX_REGION]
REGION_LABEL 50
783
73
374
344
352
113
353
1
369
359
121


[TRIMESH_CONVEX_REGION]
REGION_LABEL 51
30
585
31
85
845
95
466
125
491
29


[TRIMESH_CONVEX_REGION]
REGION_LABEL 52
562
157
419
381
446
417
42
43
447
418
445
382
563
420


[TRIMESH_CONVEX_REGION]
REGION_LABEL 53
215
256
35
326
333
36
37
144
356
79
88


[TRIMESH_CONVEX_REGION]
REGION_LABEL 54
479
428
457
44
237
272
76
458
429


[TRIMESH_CONVEX_REGION]
REGION_LABEL 55
410
37
397
166
380
379
115
434
144
356


[TRIMESH_CONVEX_REGION]
REGION_LABEL 56
593
497
92
481
140
705
111
482
138
496


[TRIMESH_CONVEX_REGION]
REGION_LABEL 57
133
493
103
398
169
380
148
399
167
492


[TRIMESH_CONVEX_REGION]
REGION_LABEL 58
130
490
152
497
592
496
100
489
159
586
702


[TRIMESH_CONVEX_REGION]
REGION_LABEL 59
831
855
829
875
52
53
877
830
832


[TRIMESH_CONVEX_REGION]
REGION_LABEL 60
633
354
48
527
612
526
617
102
364
149


[TRIMESH_CONVEX_REGION]
REGION_LABEL 61
143
621
622
797
49
798
796
142
802
114
530


[TRIMESH_CONVEX_REGION]
REGION_LABEL 62
638
35
329
274
88
84
402
32
442
764


[TRIMESH_CONVEX_REGION]
REGION_LABEL 63
338
132
339
150
324
226
237
300
44
322
318
332
161
346


[TRIMESH_CONVEX_REGION]
REGION_LABEL 64
411
54
343
1
373
374
344
352
113
371


[TRIMESH_CONVEX_REGION]
REGION_LABEL 65
462
394
842
433
568
70
837
15
463
432
464
395


[TRIMESH_CONVEX_REGION]
REGION_LABEL 66
87
80
62
391
63
64
392
65


[TRIMESH_CONVEX_REGION]
REGION_LABEL 67
317
24
25
260
255
223
233
242
27
314
18


[TRIMESH_CONVEX_REGION]
REGION_LABEL 68
451
424
386
448
422
9
10
423
449
385
425


[TRIMESH_CONVEX_REGION]
REGION_LABEL 69
573
574
690
484
694
575
695
576
693
483
691


[TRIMESH_CONVEX_REGION]
REGION_LABEL 70
679
627
676
173
672
664
667
96
660
661
662
659
665
171
671
668
675
155


[TRIMESH_CONVEX_REGION]
REGION_LABEL 71
714
719
720
507
5
504
502
518
600
602
706
708


[TRIMESH_CONVEX_REGION]
REGION_LABEL 72
741
534
746
752
89
757
753
755
106
750
743
745
533
740


[TRIMESH_CONVEX_REGION]
REGION_LABEL 73
470
427
475
455
472
390
569
460
459
478
389
473
456
474
426


[TRIMESH_CONVEX_REGION]
REGION_LABEL 74
534
748
746
752
89
757
792
168
753
755
106
750
743
745
744


[TRIMESH_CONVEX_REGION]
REGION_LABEL 75
26
27
311
18
241
21
297
22
24
260
255
223
233
242


[TRIMESH_CONVEX_REGION]
REGION_LABEL 76
272
76
458
429
459
460
428
457
44
300


[TRIMESH_CONVEX_REGION]
REGION_LABEL 77
8
11
553
384
421
12
13
565
383
109
396


[TRIMESH_CONVEX_REGION]
REGION_LABEL 78
580
137
835
7
14
836
15
700


[TRIMESH_CONVEX_REGION]
REGION_LABEL 79
413
38
39
40
376


[TRIMESH_CONVEX_REGION]
REGION_LABEL 80
712
778
715
515
506
512
6
158
522
71


[TRIMESH_CONVEX_REGION]
REGION_LABEL 81
209
207
541
99
545
543
630
548
544
546
81
336
320
270


[TRIMESH_CONVEX_REGION]
REGION_LABEL 82
755
89
757
147
760
789
118
788
168
753


[TRIMESH_CONVEX_REGION]
REGION_LABEL 83
3
4
524
5
503
509
91
500
122
846


[TRIMESH_CONVEX_REGION]
REGION_LABEL 84
483
691
573
688
134
848
628
104
689
574
690


[TRIMESH_CONVEX_REGION]
REGION_LABEL 85
27
311
18
241
21
297
22
23
24


[TRIMESH_CONVEX_REGION]
REGION_LABEL 86
1
360
352
113
371
362
863
866
361
370
54


[TRIMESH_CONVEX_REGION]
REGION_LABEL 87
549
45
46
363
47
48
102
364
149
633


[TRIMESH_CONVEX_REGION]
REGION_LABEL 88
776
486
80
544
546
81
542
99
545
543
630
62
65


[TRIMESH_CONVEX_REGION]
REGION_LABEL 89
860
41
590
591
175
704
495
157
562
127
703
588
589
154
862


[TRIMESH_CONVEX_REGION]
REGION_LABEL 90
694
575
692
80
578
65
87
695
576


[TRIMESH_CONVEX_REGION]
REGION_LABEL 91
120
108
580
137
835
7
838
15
70
487


[TRIMESH_CONVEX_REGION]
REGION_LABEL 92
256
227
208
205
403
85
125
31
404
32
409


[TRIMESH_CONVEX_REGION]
REGION_LABEL 93
688
134
848
537
629
224
225
849
536
628
104


[TRIMESH_CONVEX_REGION]
REGION_LABEL 94
451
11
109
396
93
8


[TRIMESH_CONVEX_REGION]
REGION_LABEL 95
717
605
711
511
510
504
502
518
6
522
71


[TRIMESH_CONVEX_REGION]
REGION_LABEL 96
67
269
68
69
16
597
66
299


[TRIMESH_CONVEX_REGION]
REGION_LABEL 97
577
485
146
608
95
466
85
845
523
607
117


[TRIMESH_CONVEX_REGION]
REGION_LABEL 98
856
832
128
813
806
852
812
51
833
831


[TRIMESH_CONVEX_REGION]
REGION_LABEL 99
839
794
153
521
8
396
93
606
123


[TRIMESH_CONVEX_REGION]
REGION_LABEL 100
519
708
605
716
513
724
514
851
2
779
505
509
507
510


[TRIMESH_CONVEX_REGION]
REGION_LABEL 101
402
32
685
442
790
764
763
341
368
35
239
204
84
212
210


[TRIMESH_CONVEX_REGION]
REGION_LABEL 102
434
397
166
380
148
399
398
169
379
115


[TRIMESH_CONVEX_REGION]
REGION_LABEL 103
163
135
623
532
735
17
28
577
145
625
105
531


[TRIMESH_CONVEX_REGION_TRIANGLES]
REGION_LABEL 0
799
802
675
800
164
674
65
736
46
737
1125
964
1128
40
617


[TRIMESH_CONVEX_REGION_TRIANGLES]
REGION_LABEL 1
1029
931
945
953
918
165
934
920
917
1028
951
132
926
930
932
943
160
916
933
915
773
914
950
955
772
771
768
954
770


[TRIMESH_CONVEX_REGION_TRIANGLES]
REGION_LABEL 2
877
885
876
678
875
884
881
150
879
883
878
701
493
801
176
873
702
874
699
871
882
87
880
869
177
870
872


[TRIMESH_CONVEX_REGION_TRIANGLES]
REGION_LABEL 3
392
390
393
389
391
385
387
386
363
364
54
388
381
516
35


[TRIMESH_CONVEX_REGION_TRIANGLES]
REGION_LABEL 4
280
62
310
313
368
382
309
369
322
69
300
365
314
57
377
381
321
302
224
262
318
266
303
378
54
307
81
250
317


[TRIMESH_CONVEX_REGION_TRIANGLES]
REGION_LABEL 5
1086
1074
1063
1137
121
1087
1062
1079
1092
1084
83
1089
1097
1090
1094
1095
1088


[TRIMESH_CONVEX_REGION_TRIANGLES]
REGION_LABEL 6
115
156
998
997
1041
817
816
28
1046
813
447
444
815
56
445


[TRIMESH_CONVEX_REGION_TRIANGLES]
REGION_LABEL 7
731
31
27
170
613
777
102
82
778


[TRIMESH_CONVEX_REGION_TRIANGLES]
REGION_LABEL 8
422
272
273
256
432
255
220
254
234
408
411
312
20
301
299
421
208
409
221
13
413
330
270
236
237
517
456
887
238
16


[TRIMESH_CONVEX_REGION_TRIANGLES]
REGION_LABEL 9
1154
1155
1152
1159
1157
1162
1160
1153
111
1148
1147
1158
450
1156
462


[TRIMESH_CONVEX_REGION_TRIANGLES]
REGION_LABEL 10
760
39
112
910
141
906
762
718
104
907
735
905
761
628
913


[TRIMESH_CONVEX_REGION_TRIANGLES]
REGION_LABEL 11
937
923
940
634
158
638
636
939
649
947
921
641
650
922
631
941
632
927
639
630
774
646
924
1136
929
1031
925
928
942
658
643
626
637
652
660
653


[TRIMESH_CONVEX_REGION_TRIANGLES]
REGION_LABEL 12
555
55
554
514
553
511
60
515


[TRIMESH_CONVEX_REGION_TRIANGLES]
REGION_LABEL 13
128
582
581
543
324
584
583
544
502


[TRIMESH_CONVEX_REGION_TRIANGLES]
REGION_LABEL 14
223
234
220
231
208
255
254
270
238
256
408
221
272
13
233
312
237
299
227
421
207
252
417
301
887
1015
273
311
698
697
330
422
411
235
229
432
1014
469
886
1007
1004
510
517
1002
1003


[TRIMESH_CONVEX_REGION_TRIANGLES]
REGION_LABEL 15
286
292
248
232
277
376
285
424
463
222
263
210
23
26
455
423
103
414
401
245
383
247
384
226
466
400
395
22
415
468
399
686
403
325
327
467


[TRIMESH_CONVEX_REGION_TRIANGLES]
REGION_LABEL 16
1017
904
1019
34
1023
1025
33
1049
1020
614
1026
1027
756
32
730
1048
1016
734
1022


[TRIMESH_CONVEX_REGION_TRIANGLES]
REGION_LABEL 17
566
572
136
537
571
570
562
491
538
569
147


[TRIMESH_CONVEX_REGION_TRIANGLES]
REGION_LABEL 18
759
173
753
891
627
754
107
757
758
84


[TRIMESH_CONVEX_REGION_TRIANGLES]
REGION_LABEL 19
287
284
242
297
215
274
278
201
216
259
239
295
211
187
258
185
244
260
214
275
197
304
218
288
241
296
217
184
192
206
219
243
305
205
282
212
257
198
240
203
213
202
200
196
340
261
204
190
195
157
344
290
199
188
189
341
98
308
337
354
339
194
193
298
334
191
338
346
316
345
306
289
350
355
342
343
352
356
347
374
186
358
351
362
348
359
683
349
360
361
315
680
353
133
682


[TRIMESH_CONVEX_REGION_TRIANGLES]
REGION_LABEL 20
840
19
834
843
844
845
841
850
9
846
849
830
853
847
837
105
796
852
839
835
854
836
851
857
838
848
860
162
855
842
171


[TRIMESH_CONVEX_REGION_TRIANGLES]
REGION_LABEL 21
507
549
548
175
169
526
707
708


[TRIMESH_CONVEX_REGION_TRIANGLES]
REGION_LABEL 22
265
102
552
511
553
555
55


[TRIMESH_CONVEX_REGION_TRIANGLES]
REGION_LABEL 23
17
526
3
704
494
705
703
87
483
1
702
493
699


[TRIMESH_CONVEX_REGION_TRIANGLES]
REGION_LABEL 24
437
106
435
420
148
155
410
443
439
438
151
446
440
444
445
447
56
813
815
28
817


[TRIMESH_CONVEX_REGION_TRIANGLES]
REGION_LABEL 25
326
384
327
293
294
328
370
93
269
21
468
383
268
103
6
397
402
404
276
429
426


[TRIMESH_CONVEX_REGION_TRIANGLES]
REGION_LABEL 26
946
1037
1038
935
952
949
1030
1035
944
956
1034
1033
936
950
1036
926
1032
955
954
132
943
948
1028
771
945
953
917
951
934
160
1042
1040
932
916


[TRIMESH_CONVEX_REGION_TRIANGLES]
REGION_LABEL 27
967
973
676
974
970
804
975
971
152
976
977
969
978
966
982
972
965
168
357
968
980
670
963
985
984
981


[TRIMESH_CONVEX_REGION_TRIANGLES]
REGION_LABEL 28
281
331
336
12
116
283
264
333
335
372
329
332
681
246
373
249
330
236
1132
221
267


[TRIMESH_CONVEX_REGION_TRIANGLES]
REGION_LABEL 29
809
143
425
38
441
810
814
696
427
811
433
416
812
803
428
100
123


[TRIMESH_CONVEX_REGION_TRIANGLES]
REGION_LABEL 30
1167
1161
1099
1163
1168
1093
1166
1088
1095
1096
1164
80
1165
1097
1094
1089
83


[TRIMESH_CONVEX_REGION_TRIANGLES]
REGION_LABEL 31
623
608
159
888
518
722
909
741
744
85
743
0
889
890
71


[TRIMESH_CONVEX_REGION_TRIANGLES]
REGION_LABEL 32
779
780
960
957
666
959
1043
41
107
958
144
754
1127


[TRIMESH_CONVEX_REGION_TRIANGLES]
REGION_LABEL 33
63
1064
122
1075
1076
1055
1060
1078
30
110
1082
1079
1059
1077
1091
1137
1058
1085
1105
1073
1083
1080
113
1103
1072
1062


[TRIMESH_CONVEX_REGION_TRIANGLES]
REGION_LABEL 34
706
710
528
482
529
178
560
561
1149
709
1009
1013
820
484
1012


[TRIMESH_CONVEX_REGION_TRIANGLES]
REGION_LABEL 35
629
642
101
117
640
161
633
631
630
643
632
641
646
636
166
660
158
658
638
634
939
639
928
652
649
942


[TRIMESH_CONVEX_REGION_TRIANGLES]
REGION_LABEL 36
786
790
163
154
785
672
784
783
797
673
145
782
781
961
787
793
775
798
669
794
962
792
791


[TRIMESH_CONVEX_REGION_TRIANGLES]
REGION_LABEL 37
1140
1141
1143
1139
1174
1110
1109
1142
1113
1170
53
1171
1112
1106
1175


[TRIMESH_CONVEX_REGION_TRIANGLES]
REGION_LABEL 38
1169
1124
181
1145
1146
180
622
508


[TRIMESH_CONVEX_REGION_TRIANGLES]
REGION_LABEL 39
748
86
1149
146
88
594
573
593
595
539
596
574


[TRIMESH_CONVEX_REGION_TRIANGLES]
REGION_LABEL 40
291
375
226
424
400
415
285
228
463
245
399
685
423
414
395
455
209
401
225
403
323
247
376
230
22
466
686
467
325
277
232
468
292
210
103
327
248
384
222
286
383
263


[TRIMESH_CONVEX_REGION_TRIANGLES]
REGION_LABEL 41
829
827
823
831
824
671
826
825
183
833
828
835
11
821
695
832
819
162
1012
836
822
796
839
837
484
830
105


[TRIMESH_CONVEX_REGION_TRIANGLES]
REGION_LABEL 42
664
776
67
59
1054
1117
1121
64


[TRIMESH_CONVEX_REGION_TRIANGLES]
REGION_LABEL 43
1045
1010
1002
1003
556
557
1001
1005
1008
1004
719
818
470
1047
1006
1007
999
1135
697
698
421
1011
312
887
886
1015
417
472
8
271


[TRIMESH_CONVEX_REGION_TRIANGLES]
REGION_LABEL 44
120
153
438
410
443


[TRIMESH_CONVEX_REGION_TRIANGLES]
REGION_LABEL 45
495
576
599
600
574
596
598
539
597
595
593
573
575


[TRIMESH_CONVEX_REGION_TRIANGLES]
REGION_LABEL 46
900
1018
1021
1022
903
901
1048
1024
1020
32
84
757
612
1023
755
734
1025
1049
1016
1019
1026
891
753


[TRIMESH_CONVEX_REGION_TRIANGLES]
REGION_LABEL 47
51
2
621
622
506
1146
181
1124


[TRIMESH_CONVEX_REGION_TRIANGLES]
REGION_LABEL 48
533
712
488
532
711
91
713
72
911
714
912
746
531


[TRIMESH_CONVEX_REGION_TRIANGLES]
REGION_LABEL 49
1129
1091
1104
1081
1078
1080
1100
1061
1098
1083
1082
1138
1059
1103
1085
113
1055
1079
1076
1077
1105
1075
122
1072
1137
63
1062
1064
110
1073


[TRIMESH_CONVEX_REGION_TRIANGLES]
REGION_LABEL 50
473
442
96
477
480
434
458
481
460
436
448
149
479
449
1039
478
1035


[TRIMESH_CONVEX_REGION_TRIANGLES]
REGION_LABEL 51
620
43
742
588
47
585
590
1130
44


[TRIMESH_CONVEX_REGION_TRIANGLES]
REGION_LABEL 52
564
563
530
487
531
565
713
714
48
91
711
532
488
712


[TRIMESH_CONVEX_REGION_TRIANGLES]
REGION_LABEL 53
519
457
412
520
14
456
454
413
409
418
4
20
411
273
236
330
272
221
238
220
256
255
234
16
254
208
270


[TRIMESH_CONVEX_REGION_TRIANGLES]
REGION_LABEL 54
496
592
577
328
601
541
294
602
370
603
578
580


[TRIMESH_CONVEX_REGION_TRIANGLES]
REGION_LABEL 55
547
505
172
118
119
418
454
485
520


[TRIMESH_CONVEX_REGION_TRIANGLES]
REGION_LABEL 56
10
724
52
124
78
607
723
718
609
625
752
725
628
750


[TRIMESH_CONVEX_REGION_TRIANGLES]
REGION_LABEL 57
174
506
503
621
2
126
486
51


[TRIMESH_CONVEX_REGION_TRIANGLES]
REGION_LABEL 58
615
738
618
137
733
42
624
750
61
751
752
740
71
739
908


[TRIMESH_CONVEX_REGION_TRIANGLES]
REGION_LABEL 59
1173
1175
1172
1108
1171
53
1174
1139
1170
1109
1106
1142
1112
1141


[TRIMESH_CONVEX_REGION_TRIANGLES]
REGION_LABEL 60
668
789
452
465
182
791
794
792
775
793
471
523
123
100


[TRIMESH_CONVEX_REGION_TRIANGLES]
REGION_LABEL 61
795
1102
1068
1071
5
1101
1065
1067
70
1070
1056
1069
1057
30
1066
798
962
1058
961


[TRIMESH_CONVEX_REGION_TRIANGLES]
REGION_LABEL 62
15
223
16
238
221
234
220
255
256
254
330
272
422
13
408
312
208
270
417
698
237
421
301
273
411
517
697
432
510
1004
299
1007
1002
886
1014
469
887
1003
1015


[TRIMESH_CONVEX_REGION_TRIANGLES]
REGION_LABEL 63
405
406
253
396
431
404
429
276
397
426
402
6
407
79
419
416
441
268
38
428
425
433
430


[TRIMESH_CONVEX_REGION_TRIANGLES]
REGION_LABEL 64
142
127
437
106
149
449
442
436
458
559
477
480
475
474


[TRIMESH_CONVEX_REGION_TRIANGLES]
REGION_LABEL 65
501
586
720
546
587
129
1126
545
1115
502


[TRIMESH_CONVEX_REGION_TRIANGLES]
REGION_LABEL 66
95
498
500
497
732
34
33
499
99
614


[TRIMESH_CONVEX_REGION_TRIANGLES]
REGION_LABEL 67
279
363
364
386
387
250
303
54
381
314
322
369
382
368
57
300
321
262
317
81
318
307
58


[TRIMESH_CONVEX_REGION_TRIANGLES]
REGION_LABEL 68
536
534
76
492
567
562
568
566
572
571
537
136
570


[TRIMESH_CONVEX_REGION_TRIANGLES]
REGION_LABEL 69
726
895
728
897
611
898
36
729
894


[TRIMESH_CONVEX_REGION_TRIANGLES]
REGION_LABEL 70
864
867
865
866
856
94
868
862
858
859
863
861
171
872
855
842
870
860
857
854
177
848
874
873
801
852
847
851
871
869
878


[TRIMESH_CONVEX_REGION_TRIANGLES]
REGION_LABEL 71
647
645
651
644
635
660
658
626
637
632
631
640
633
641
653
924
919
655
638
642
648
634
654
657
662
646
158
661
636
766
630
659
923
939
937
921


[TRIMESH_CONVEX_REGION_TRIANGLES]
REGION_LABEL 72
983
979
985
670
986
989
988
980
978
984
976
152
991
992
977
804
981
982
972
994
987
990
92
993
975
970


[TRIMESH_CONVEX_REGION_TRIANGLES]
REGION_LABEL 73
540
575
597
598
542
600
721
599
495
576
579
605
574


[TRIMESH_CONVEX_REGION_TRIANGLES]
REGION_LABEL 74
995
987
994
991
989
993
990
996
992
92
979
983
986
985
670
988
984
1051
980
981
978
976
972
977
982


[TRIMESH_CONVEX_REGION_TRIANGLES]
REGION_LABEL 75
319
320
310
313
309
379
366
58
368
394
300
73
365
317
262
382
369
321
318
322
314
381
377
57
303
54
364
386
250
279
50
363


[TRIMESH_CONVEX_REGION_TRIANGLES]
REGION_LABEL 76
604
580
578
602
541
603
90
577
592
496
601
328
606
294


[TRIMESH_CONVEX_REGION_TRIANGLES]
REGION_LABEL 77
18
716
715
717
490
535
489
74
700
504
147


[TRIMESH_CONVEX_REGION_TRIANGLES]
REGION_LABEL 78
1116
1119
66
75
1120
1118
1122
1123
902
616


[TRIMESH_CONVEX_REGION_TRIANGLES]
REGION_LABEL 79
525
483
1
527
17


[TRIMESH_CONVEX_REGION_TRIANGLES]
REGION_LABEL 80
764
135
763
665
767
769
661
765
766
657
768
626
770
637
655
662
919
651
660
658
914
915
773
916
930
165
934


[TRIMESH_CONVEX_REGION_TRIANGLES]
REGION_LABEL 81
398
209
690
685
691
686
688
415
97
25
400
692
226
687
689
375
424
807
285
228
291


[TRIMESH_CONVEX_REGION_TRIANGLES]
REGION_LABEL 82
89
1050
1044
68
1051
996
1052
1000
1053
993
816
995
987
990
994


[TRIMESH_CONVEX_REGION_TRIANGLES]
REGION_LABEL 83
140
117
629
101
1131
161
166
167
643
667


[TRIMESH_CONVEX_REGION_TRIANGLES]
REGION_LABEL 84
893
29
251
727
892
1133
894
611
895


[TRIMESH_CONVEX_REGION_TRIANGLES]
REGION_LABEL 85
380
73
394
367
366
58
379
320
300
368
313
310
319
382
309
365
377
381
54
364
386
363


[TRIMESH_CONVEX_REGION_TRIANGLES]
REGION_LABEL 86
451
474
521
475
1151
559
461
449
1148
149
436
127
1153
142
522
442
462
558


[TRIMESH_CONVEX_REGION_TRIANGLES]
REGION_LABEL 87
453
452
476
114
465
471
523
123
524
464
109
812
100
811
696


[TRIMESH_CONVEX_REGION_TRIANGLES]
REGION_LABEL 88
684
693
807
687
730
33
689
694
692
34
808
688
732
691
25
690
97
1017


[TRIMESH_CONVEX_REGION_TRIANGLES]
REGION_LABEL 89
747
745
749
619
746
179
912
1150
911
72
533
1144
748


[TRIMESH_CONVEX_REGION_TRIANGLES]
REGION_LABEL 90
896
610
614
899
33
729
34
36


[TRIMESH_CONVEX_REGION_TRIANGLES]
REGION_LABEL 91
139
902
1118
1115
905
616
735
907
66
1116
1119
104
906


[TRIMESH_CONVEX_REGION_TRIANGLES]
REGION_LABEL 92
45
551
591
589
512
513
311
509
252
7
588
550
517
510
37
207
299
301


[TRIMESH_CONVEX_REGION_TRIANGLES]
REGION_LABEL 93
806
805
679
1133
49
1134
677
251
29


[TRIMESH_CONVEX_REGION_TRIANGLES]
REGION_LABEL 94
77
147
504
538


[TRIMESH_CONVEX_REGION_TRIANGLES]
REGION_LABEL 95
656
654
764
661
766
135
657
626
658
637
653
662
919
648
773
655
659
925
651
772
767
646
660
924
632
915
914
769
638
768
644
647
770
645
916
765


[TRIMESH_CONVEX_REGION_TRIANGLES]
REGION_LABEL 96
371
324
130
131
758
134


[TRIMESH_CONVEX_REGION_TRIANGLES]
REGION_LABEL 97
138
778
663
1130
590
777
27
31
731


[TRIMESH_CONVEX_REGION_TRIANGLES]
REGION_LABEL 98
108
1111
1107
1113
113
1114
1103
1105
1072
1062
1110
1143
1140


[TRIMESH_CONVEX_REGION_TRIANGLES]
REGION_LABEL 99
125
664
77
776
67
59
1054


[TRIMESH_CONVEX_REGION_TRIANGLES]
REGION_LABEL 100
938
1031
1136
941
929
947
937
940
649
650
942
922
652
939
923
639
928
158
634
921
636
630
774
643
638
927
641
924
631
646
653
658
925


[TRIMESH_CONVEX_REGION_TRIANGLES]
REGION_LABEL 101
459
432
422
472
417
272
271
13
8
256
470
255
999
698
220
234
1001
421
557
254
208
312
1003
408
233
223
231
697
1004
1007
221
1002
301
887
229
1010
886
299
270
1014
237
238
517
227
469
1015
510


[TRIMESH_CONVEX_REGION_TRIANGLES]
REGION_LABEL 102
24
485
118
486
126
503
172
505


[TRIMESH_CONVEX_REGION_TRIANGLES]
REGION_LABEL 103
788
964
82
46
802
799
102
675
674
800
613
164

