[INFO]
FORMAT=MAP_POINTS
NAME=../data/agp.bp.m7/src/ta-m7-fil_rel5.txt
VERSION=1.0
COMMENT=Load from simple-txt file '../bp/maps/TA/TestAreaGrow-m7.txt'
COMMENT=Map has been check from file '../bp/maps/TA/TestAreaGrow-m7.txt' by the tmap_convert.cc version 0.5
COMMENT=Filtered map by relevance filter from file 'TestAreaGrow-m7.txt' with max relevance 5.13086

[MAP_POINTS]
0 4376.99 399.617
1 4460.03 788.346
2 3514.59 724.966
3 3461.9 834.1
4 3403.58 817.162
5 3399.66 827.55
6 3454.73 852.955
7 3162.38 1658.46
8 3045.39 1649.77
9 2938.22 2848.69
10 4911.28 2980.76
11 4929.66 2918.52
12 5275.59 2973.34
13 5267.21 3126.28
14 5585.42 3167.36
15 5604.26 3007.85
16 5833.22 3037.01
17 5837.92 3743.68
18 5734.71 3747.08
19 5734.17 3758.08
20 5838.35 3763.83
21 5844.64 3841.94
22 6004.39 3842.35
23 6005.89 4362.49
24 5861.48 4361.95
25 5852.61 4377.45
26 5696.39 4381.57
27 5694.37 4928.7
28 5360.94 4973.25
29 5503.32 4713.72
30 5501.1 3763.04
31 5599.25 3760.81
32 5599.46 3751.02
33 5500.8 3744.66
34 5496.36 3689.6
35 5095.05 3689.71
36 5095.05 3728.89
37 5153 3730.94
38 5153 4685.37
39 4479.99 4685.37
40 4473.52 3730.94
41 4954.95 3728.89
42 4954.96 3689.71
43 4360.56 3686.77
44 4362.25 3731.63
45 4431.16 3734.98
46 4438.94 4682.65
47 3271.37 4676.98
48 3269.32 4595.05
49 3231.05 4595.05
50 3229 4675.53
51 2039.65 4667
52 2035.46 3724.15
53 2357.87 3720.74
54 2360.13 3681.11
55 2226.3 3678.9
56 2224.8 2647.77
57 2640.12 2687
58 2743.25 1473.36
59 2623.35 1457.53
60 2479.31 771.934
61 2747.41 716.521
62 3317.78 789.544
63 3322.42 778.919
64 3258.91 744.52
65 3432.72 286.74
66 3229 4450.01
67 3269.32 4454.95
68 3271.37 3728.84
69 4231.6 3728.65
70 4233.54 3683.82
71 2478.48 3680.03
72 2477.2 3721.11
73 3227.84 3728.85
74 2859.6 3528.57
75 3526.86 3537.87
76 3542.21 3508.88
77 3504.97 3325.24
78 3418.34 3216.69
79 3240.45 3129.49
80 3060.5 3135.34
81 2983.52 3173.97
82 3003 3228.84
83 2914.81 3312.84
84 2348.81 3319.69
85 2341.87 3470.71
86 2853.13 3503.17

[MAP_BORDER]
0
1
2
3
4
5
6
7
8
9
10
11
12
13
14
15
16
17
18
19
20
21
22
23
24
25
26
27
28
29
30
31
32
33
34
35
36
37
38
39
40
41
42
43
44
45
46
47
48
49
50
51
52
53
54
55
56
57
58
59
60
61
62
63
64
65

[MAP_OBSTACLE]
66
67
68
69
70
71
72
73

[MAP_OBSTACLE]
74
75
76
77
78
79
80
81
82
83
84
85
86

