[INFO]
FORMAT=MAP_POINTS
NAME=
VERSION=1.0
COMMENT=Load from simple-txt file 'orig/TestAreaGrow-V-ms.txt'
COMMENT=Created from file 'orig/TestAreaGrow-V-ms.txt' by program ../map_tools/tmap_convert version 0.5
COMMENT=Filtered map by relevance filter from file 'TestAreaGrow-V-ms.txt' with max relevance 5
COMMENT=Created from file '../data/maps/ta-fil_rel5/ta-fil_rel5.txt' by program ./tmap_convert version 0.5
COMMENT=Convex partition created by map_partition.cc
COMMENT=visibility graphs created by tvisibility.cc
COMMENT=Triangular mesh created from map '../data/maps/ta-fil_rel5/ta-fil_rel5-part-vis.txt', poly 'ta-fil_rel5-part-vis-trimesh/ta-fil_rel5-part-vis.poly' and 'ta-fil_rel5-part-vis-trimesh/ta-fil_rel5-part-vis.1'
COMMENT=Triangular mesh 'Generated by triangle -q32.5 -a15600 ta-fil_rel5-part-vis.poly'

[MAP_POINTS]
0 3980.4 4087.7
1 3832.2 4087.2
2 3825.9 4102.5
3 3672.9 4104.7
4 3672.9 4648.2
5 3340.8 4698.4
6 3480.7 4443.5
7 3475.2 3412.9
8 3071.5 3412.9
9 3071.5 3454.2
10 3131.5 3458.2
11 3131.5 4406.5
12 2460.6 4410.5
13 2450.1 3458
14 2933.5 3454.2
15 2933.5 3412.9
16 2337.2 3409.9
17 2338.5 3456.9
18 2409.6 3462.3
19 2417.3 4404
20 1251.8 4402.2
21 1247.8 4318.2
22 1207.5 4318.2
23 1203.6 4400.6
24 16.2 4388.2
25 12 3447.4
26 336.7 3445.9
27 338.2 3404.1
28 202.7 3400.1
29 203.7 2372
30 619.5 2411.5
31 721 1195.6
32 604.5 1182.1
33 457.8 496.7
34 726.7 441.2
35 1224.8 494.9
36 1411 14.2
37 2350.7 123.5
38 2436.5 512.8
39 1484.1 450.4
40 1138.8 1380.2
41 1021 1373.6
42 915.4 2574.7
43 2896 2703.7
44 2908.5 2643.3
45 3251.2 2697.7
46 3244.3 2852.6
47 3565 2891.6
48 3583.2 2732.4
49 3811.7 2765
50 3820.7 3567
51 3979 3565.6
52 3984.3 4083.7
53 2211.7 3426.9
54 2211.7 3406.9
55 454.7 3403.3
56 453.9 3446.6
57 1206.3 3456.1
58 1207.5 4180.2
59 1247.8 4180.2
60 1251.8 3452.1
61 2210.5 3453.8
62 963 2912.3
63 980.1 2947.8
64 888.7 3036.5
65 321.5 3043.7
66 320.2 3202.2
67 826.3 3226.6
68 837 3257.1
69 1511.6 3261.1
70 1482.3 3043.7
71 1397.6 2938.2
72 1225.1 2854.3
73 963 2892.3

[MAP_BORDER]
0
1
2
3
4
5
6
7
8
9
10
11
12
13
14
15
16
17
18
19
20
21
22
23
24
25
26
27
28
29
30
31
32
33
34
35
36
37
38
39
40
41
42
43
44
45
46
47
48
49
50
51
52

[MAP_OBSTACLE]
53
54
55
56
57
58
59
60
61

[MAP_OBSTACLE]
62
63
64
65
66
67
68
69
70
71
72
73


[MAP_CONVEX_REGION]
REGION_LABEL 0
0
1
51
52

[MAP_CONVEX_REGION]
REGION_LABEL 1
1
2
3
50
51

[MAP_CONVEX_REGION]
REGION_LABEL 2
3
4
6
7

[MAP_CONVEX_REGION]
REGION_LABEL 3
3
7
47
50

[MAP_CONVEX_REGION]
REGION_LABEL 4
4
5
6

[MAP_CONVEX_REGION]
REGION_LABEL 5
7
8
15
46
47

[MAP_CONVEX_REGION]
REGION_LABEL 6
8
9
14
15

[MAP_CONVEX_REGION]
REGION_LABEL 7
9
10
11
12
13
14

[MAP_CONVEX_REGION]
REGION_LABEL 8
15
16
54
70
71
43
46

[MAP_CONVEX_REGION]
REGION_LABEL 9
16
17
53
54

[MAP_CONVEX_REGION]
REGION_LABEL 10
17
18
19
20
21
59
60
61

[MAP_CONVEX_REGION]
REGION_LABEL 11
17
61
53

[MAP_CONVEX_REGION]
REGION_LABEL 12
21
22
58
59

[MAP_CONVEX_REGION]
REGION_LABEL 13
22
23
24
25
26
56
57
58

[MAP_CONVEX_REGION]
REGION_LABEL 14
26
27
55
56

[MAP_CONVEX_REGION]
REGION_LABEL 15
27
28
66
67
68
55

[MAP_CONVEX_REGION]
REGION_LABEL 16
28
29
65
66

[MAP_CONVEX_REGION]
REGION_LABEL 17
29
30
42
73
62
64
65

[MAP_CONVEX_REGION]
REGION_LABEL 18
30
31
41
42

[MAP_CONVEX_REGION]
REGION_LABEL 19
31
32
33
34
35

[MAP_CONVEX_REGION]
REGION_LABEL 20
31
35
41

[MAP_CONVEX_REGION]
REGION_LABEL 21
35
36
39
40
41

[MAP_CONVEX_REGION]
REGION_LABEL 22
36
37
38
39

[MAP_CONVEX_REGION]
REGION_LABEL 23
42
43
71
72

[MAP_CONVEX_REGION]
REGION_LABEL 24
42
72
73

[MAP_CONVEX_REGION]
REGION_LABEL 25
43
44
45
46

[MAP_CONVEX_REGION]
REGION_LABEL 26
47
48
49
50

[MAP_CONVEX_REGION]
REGION_LABEL 27
54
55
68
69

[MAP_CONVEX_REGION]
REGION_LABEL 28
54
69
70

[MAP_CONVEX_REGION]
REGION_LABEL 29
62
63
64

[MAP_VISIBILITY_GRAPH]
MAP_VERTEX 0
1
7
44
46
47
50
51
52

[MAP_VISIBILITY_GRAPH]
MAP_VERTEX 1
7
46
47
48
50
51
52
0
2
3

[MAP_VISIBILITY_GRAPH]
MAP_VERTEX 2
7
46
47
48
49
50
51
1
3

[MAP_VISIBILITY_GRAPH]
MAP_VERTEX 3
7
47
48
49
50
51
1
2
4
5
6

[MAP_VISIBILITY_GRAPH]
MAP_VERTEX 4
6
7
47
48
3
5

[MAP_VISIBILITY_GRAPH]
MAP_VERTEX 5
6
3
4

[MAP_VISIBILITY_GRAPH]
MAP_VERTEX 6
7
47
48
49
50
3
4
5

[MAP_VISIBILITY_GRAPH]
MAP_VERTEX 7
16
54
68
69
70
71
72
29
42
43
44
46
47
49
50
52
0
1
2
3
4
6
8

[MAP_VISIBILITY_GRAPH]
MAP_VERTEX 8
16
54
68
69
70
71
72
29
42
43
44
45
46
47
49
7
9
12
14
15

[MAP_VISIBILITY_GRAPH]
MAP_VERTEX 9
15
71
72
29
42
43
44
8
10
11
12
13
14

[MAP_VISIBILITY_GRAPH]
MAP_VERTEX 10
13
14
9
11
12

[MAP_VISIBILITY_GRAPH]
MAP_VERTEX 11
13
14
15
43
44
9
10
12

[MAP_VISIBILITY_GRAPH]
MAP_VERTEX 12
13
14
46
8
9
10
11

[MAP_VISIBILITY_GRAPH]
MAP_VERTEX 13
14
9
10
11
12

[MAP_VISIBILITY_GRAPH]
MAP_VERTEX 14
15
45
46
47
49
8
9
10
11
12
13

[MAP_VISIBILITY_GRAPH]
MAP_VERTEX 15
16
54
68
69
70
71
72
29
42
43
44
45
46
47
49
8
9
11
14

[MAP_VISIBILITY_GRAPH]
MAP_VERTEX 16
54
68
69
70
71
30
42
43
45
46
47
7
8
15
17
20
21
22
59
61
53

[MAP_VISIBILITY_GRAPH]
MAP_VERTEX 17
60
61
53
54
70
71
30
42
16
18
19
20
21
22
59

[MAP_VISIBILITY_GRAPH]
MAP_VERTEX 18
60
61
17
19
20
21
22
59

[MAP_VISIBILITY_GRAPH]
MAP_VERTEX 19
20
21
58
59
60
61
53
54
17
18

[MAP_VISIBILITY_GRAPH]
MAP_VERTEX 20
21
59
60
61
16
17
18
19

[MAP_VISIBILITY_GRAPH]
MAP_VERTEX 21
25
26
27
56
58
59
60
61
16
17
18
19
20
22

[MAP_VISIBILITY_GRAPH]
MAP_VERTEX 22
25
26
27
56
57
58
59
61
16
17
18
21
23
24

[MAP_VISIBILITY_GRAPH]
MAP_VERTEX 23
24
25
26
27
56
57
58
22

[MAP_VISIBILITY_GRAPH]
MAP_VERTEX 24
25
26
55
56
57
58
59
22
23

[MAP_VISIBILITY_GRAPH]
MAP_VERTEX 25
26
56
57
58
21
22
23
24

[MAP_VISIBILITY_GRAPH]
MAP_VERTEX 26
27
67
68
55
56
57
58
21
22
23
24
25

[MAP_VISIBILITY_GRAPH]
MAP_VERTEX 27
28
29
66
67
68
69
55
56
58
21
22
23
26

[MAP_VISIBILITY_GRAPH]
MAP_VERTEX 28
29
65
66
67
68
69
54
55
27

[MAP_VISIBILITY_GRAPH]
MAP_VERTEX 29
30
42
7
8
9
15
72
73
62
63
64
65
66
27
28

[MAP_VISIBILITY_GRAPH]
MAP_VERTEX 30
29
31
35
36
41
42
16
17
54
71
72
73
62
63
64
65

[MAP_VISIBILITY_GRAPH]
MAP_VERTEX 31
32
33
34
35
39
40
41
42
64
30

[MAP_VISIBILITY_GRAPH]
MAP_VERTEX 32
33
34
35
39
31

[MAP_VISIBILITY_GRAPH]
MAP_VERTEX 33
34
35
40
41
31
32

[MAP_VISIBILITY_GRAPH]
MAP_VERTEX 34
35
40
41
42
64
31
32
33

[MAP_VISIBILITY_GRAPH]
MAP_VERTEX 35
34
36
37
39
40
41
30
31
32
33

[MAP_VISIBILITY_GRAPH]
MAP_VERTEX 36
37
38
39
40
41
30
35

[MAP_VISIBILITY_GRAPH]
MAP_VERTEX 37
36
38
39
35

[MAP_VISIBILITY_GRAPH]
MAP_VERTEX 38
39
36
37

[MAP_VISIBILITY_GRAPH]
MAP_VERTEX 39
36
37
38
40
41
31
32
35

[MAP_VISIBILITY_GRAPH]
MAP_VERTEX 40
41
31
33
34
35
36
39

[MAP_VISIBILITY_GRAPH]
MAP_VERTEX 41
31
33
34
35
36
39
40
42
30

[MAP_VISIBILITY_GRAPH]
MAP_VERTEX 42
29
30
31
34
41
43
46
47
7
8
9
15
16
17
54
71
72
73
62
64
65

[MAP_VISIBILITY_GRAPH]
MAP_VERTEX 43
42
44
45
46
50
7
8
9
11
15
16
61
53
54
69
70
71
72

[MAP_VISIBILITY_GRAPH]
MAP_VERTEX 44
45
46
50
52
0
7
8
9
11
15
43

[MAP_VISIBILITY_GRAPH]
MAP_VERTEX 45
44
46
8
14
15
16
59
61
53
54
69
70
71
72
43

[MAP_VISIBILITY_GRAPH]
MAP_VERTEX 46
42
43
44
45
47
50
52
0
1
2
7
8
12
14
15
16
61
53
54
69
70
71
72

[MAP_VISIBILITY_GRAPH]
MAP_VERTEX 47
72
42
46
48
49
50
52
0
1
2
3
4
6
7
8
14
15
16
61
53
54
69
70
71

[MAP_VISIBILITY_GRAPH]
MAP_VERTEX 48
49
50
1
2
3
4
6
47

[MAP_VISIBILITY_GRAPH]
MAP_VERTEX 49
48
50
2
3
6
7
8
14
15
47

[MAP_VISIBILITY_GRAPH]
MAP_VERTEX 50
7
43
44
46
47
48
49
51
52
0
1
2
3
6

[MAP_VISIBILITY_GRAPH]
MAP_VERTEX 51
52
0
1
2
3
50

[MAP_VISIBILITY_GRAPH]
MAP_VERTEX 52
7
44
46
47
50
51
0
1

[MAP_VISIBILITY_GRAPH]
MAP_VERTEX 53
54
43
45
46
47
16
17
19
61

[MAP_VISIBILITY_GRAPH]
MAP_VERTEX 54
55
28
66
68
69
70
71
30
42
43
45
46
47
7
8
15
16
17
19
53

[MAP_VISIBILITY_GRAPH]
MAP_VERTEX 55
28
66
67
68
69
54
56
24
26
27

[MAP_VISIBILITY_GRAPH]
MAP_VERTEX 56
26
27
66
55
57
58
21
22
23
24
25

[MAP_VISIBILITY_GRAPH]
MAP_VERTEX 57
25
26
56
58
22
23
24

[MAP_VISIBILITY_GRAPH]
MAP_VERTEX 58
25
26
27
56
57
59
19
21
22
23
24

[MAP_VISIBILITY_GRAPH]
MAP_VERTEX 59
60
61
45
16
17
18
19
20
21
22
24
58

[MAP_VISIBILITY_GRAPH]
MAP_VERTEX 60
61
17
18
19
20
21
59

[MAP_VISIBILITY_GRAPH]
MAP_VERTEX 61
60
53
43
45
46
47
16
17
18
19
20
21
22
59

[MAP_VISIBILITY_GRAPH]
MAP_VERTEX 62
29
30
42
73
63
64
65

[MAP_VISIBILITY_GRAPH]
MAP_VERTEX 63
29
30
62
64
65

[MAP_VISIBILITY_GRAPH]
MAP_VERTEX 64
29
30
31
34
42
73
62
63
65

[MAP_VISIBILITY_GRAPH]
MAP_VERTEX 65
29
30
42
73
62
63
64
66
28

[MAP_VISIBILITY_GRAPH]
MAP_VERTEX 66
29
65
67
68
54
55
56
27
28

[MAP_VISIBILITY_GRAPH]
MAP_VERTEX 67
66
68
55
26
27
28

[MAP_VISIBILITY_GRAPH]
MAP_VERTEX 68
66
67
69
7
8
15
16
54
55
26
27
28

[MAP_VISIBILITY_GRAPH]
MAP_VERTEX 69
68
70
43
45
46
47
7
8
15
16
54
55
27
28

[MAP_VISIBILITY_GRAPH]
MAP_VERTEX 70
71
43
45
46
47
7
8
15
16
17
54
69

[MAP_VISIBILITY_GRAPH]
MAP_VERTEX 71
72
30
42
43
45
46
47
7
8
9
15
16
17
54
70

[MAP_VISIBILITY_GRAPH]
MAP_VERTEX 72
29
30
42
43
45
46
47
7
8
9
15
71
73

[MAP_VISIBILITY_GRAPH]
MAP_VERTEX 73
29
30
42
72
62
64
65

[MESH_NODES]
0 3980.4 4087.7
1 3832.2 4087.2
2 3825.9 4102.5
3 3672.9 4104.7
4 3672.9 4648.2
5 3340.8 4698.4
6 3480.7 4443.5
7 3475.2 3412.9
8 3071.5 3412.9
9 3071.5 3454.2
10 3131.5 3458.2
11 3131.5 4406.5
12 2460.6 4410.5
13 2450.1 3458
14 2933.5 3454.2
15 2933.5 3412.9
16 2337.2 3409.9
17 2338.5 3456.9
18 2409.6 3462.3
19 2417.3 4404
20 1251.8 4402.2
21 1247.8 4318.2
22 1207.5 4318.2
23 1203.6 4400.6
24 16.2 4388.2
25 12 3447.4
26 336.7 3445.9
27 338.2 3404.1
28 202.7 3400.1
29 203.7 2372
30 619.5 2411.5
31 721 1195.6
32 604.5 1182.1
33 457.8 496.7
34 726.7 441.2
35 1224.8 494.9
36 1411 14.2
37 2350.7 123.5
38 2436.5 512.8
39 1484.1 450.4
40 1138.8 1380.2
41 1021 1373.6
42 915.4 2574.7
43 2896 2703.7
44 2908.5 2643.3
45 3251.2 2697.7
46 3244.3 2852.6
47 3565 2891.6
48 3583.2 2732.4
49 3811.7 2765
50 3820.7 3567
51 3979 3565.6
52 3984.3 4083.7
53 2211.7 3426.9
54 2211.7 3406.9
55 454.7 3403.3
56 453.9 3446.6
57 1206.3 3456.1
58 1207.5 4180.2
59 1247.8 4180.2
60 1251.8 3452.1
61 2210.5 3453.8
62 963 2912.3
63 980.1 2947.8
64 888.7 3036.5
65 321.5 3043.7
66 320.2 3202.2
67 826.3 3226.6
68 837 3257.1
69 1511.6 3261.1
70 1482.3 3043.7
71 1397.6 2938.2
72 1225.1 2854.3
73 963 2892.3
74 3477.95 3928.2
75 203.2 2886.05
76 1905.7 2639.2
77 1333.2 3405.1
78 893.95 3404.2
79 1772.45 3406
80 202.95 3143.075
81 1410.55 2606.95
82 1174.3 3259.1
83 3981.65 3824.65
84 3916.4003642419 4087.4840768024
85 3982.975 3954.175
86 3948.4001821209 4087.5920384012
87 3964.4000910605 4087.6460192006
88 3983.6375 4018.9375
89 3983.96875 4051.31875
90 3984.134375 4067.509375
91 3975.8313953097 4079.344360427
92 3956.5869352305 4064.86615144
93 3970.3167380237 4066.6454632236
94 3965.6556765341 4048.7501944926
95 3761.9066152329 4103.4201663169
96 3983.803125 4035.128125
97 3934.8579177459 4042.0292880672
98 3793.9033076165 4102.9600831585
99 3963.6939849612 4027.2376755302
100 3809.6736223701 4086.8714915642
101 930.4069765487 2902.3
102 2244.2930234513 3416.9
103 3960.1393516953 3990.586615097
104 3777.4428415454 4071.051787682
105 3821.4721653427 4050.3256080639
106 3932.4627726249 4069.0132225427
107 3874.3001821209 4087.3420384012
108 2233.9702546766 3441.3702344094
109 2279.0095852621 3445.9576294424
110 2242.4913094078 3485.8334452589
111 573.25 3214.4
112 934.4 2992.15
113 930.4069765487 2844.1847411152
114 2244.2930234513 3358.7847411151
115 3937.3064020518 4011.2989922467
116 3909.0075139713 4024.5069254647
117 3858.758672321 4015.4425955632
118 3914.968927165 3963.7330605123
119 3912.0600275723 3994.1270366613
120 3886.2458590461 4006.8765777632
121 3858.5426447316 3966.3650605861
122 3887.2861747479 3976.419830824
123 3885.3883515118 3935.7332400482
124 3716.9255621928 4061.917347572
125 698.44850143783 3220.4360470956
126 934.48227886862 2947.1326164764
127 762.37425071892 3223.5180235478
128 674.325 3403.75
129 395.41449619491 3427.0800656529
130 1227.65 4252.5250577456
131 3004.1954065731 3433.55
132 3900.4904309968 4057.4292375731
133 3880.2008070384 4035.8631593939
134 3851.254113146 4044.7902697016
135 3822.0463158643 3907.3000127845
136 3982.3125 3889.4125
137 605.1 3040.1
138 792.8717189205 3255.4541838541
139 1227.65 4213.555600592
140 891.20934855536 2928.4646111927
141 784.1375 3403.975
142 727.24797037611 3287.5917740888
143 1834.55 4403.1
144 609.9 4394.4
145 2289.5899179443 3398.0491955254
146 3801.0782849163 3991.1572479151
147 746.9 3038.3
148 882.67954680614 2873.2423705576
149 1731.15 3452.95
150 2332.70763638 3326.3867717147
151 3034.9171663231 2663.3673879427
152 3131.5 3970.2
153 2413.45 3933.15
154 1094.05 2873.3
155 1992.075 3406.45
156 3625.1919814017 4011.5623647356
157 396.03199400645 3342.8278771886
158 394.82229582196 3526.2313280946
159 3881.3000410141 3860.0693339756
160 3934.3545752259 3913.6277810215
161 3936.5560139924 3858.3901500459
162 859.18946178461 2780.9344939929
163 2971.7085831615 2653.3336939714
164 3131.5 3714.2
165 1019.2860192067 2819.0753456333
166 2101.8875 3406.675
167 3980.325 3695.125
168 2987.3476114396 2758.925830182
169 3131.5 3586.2
170 2411.525 3697.725
171 3131.5 3522.2
172 3027.2023249558 3554.2
173 2299.5569836529 3501.4345669402
174 2410.5625 3580.0125
175 2247.8503039743 3578.3991260262
176 2368.1980315967 3522.1633272764
177 3004.1954065731 3313.5419904028
178 1005.65 3258.1
179 632.42204916821 3288.5043639089
180 1292.0829936163 4229.7152714232
181 1163.2170063837 4229.7152714232
182 3774.7036473372 3787.1217707107
183 2985.1539813973 3499.6996470091
184 2329.0471028142 3595.271473343
185 921.325 3257.6
186 2808.2091829715 3549.4113850958
187 2956.5595361037 3565.2317894567
188 3009.8588991533 3674.8389984144
189 2915.7130641453 3652.8571583355
190 1249.8 3816.15
191 1206.9 3818.15
192 1970.825 3453.375
193 2635.35 3411.4
194 3703.9660350155 3922.3247881381
195 202.825 3271.5875
196 446.725 3208.3
197 2260.9526628056 3719.1577581227
198 1543.175 4402.65
199 906.75 4397.5
200 2090.6625 3453.5875
201 2486.275 3410.65
202 1113.575 3404.65
203 1379.799847349 4402.3976831619
204 1075.6069790086 4399.2633708436
205 2174.2923130765 3521.9513975178
206 2411.7375 3410.275
207 2449.5848858218 3295.4489864928
208 963.05539071897 3330.7252302451
209 1315.8698001572 4357.0538190401
210 1140.0591312805 4356.3003108252
211 1421.7295050878 4275.5420747328
212 1037.8182540085 4272.7473153103
213 3479.325 4185.85
214 174.35 3446.65
215 951.44092128828 2748.7819620007
216 1162.975 2590.825
217 2156.9414329134 3334.7100336703
218 3906.2429116535 3770.8721260215
219 3128.8934598329 2769.7687631756
220 2851.6749668078 2880.1776571846
221 2926.9632501896 3817.2729487879
222 2691.8 3456.1
223 830.1 3451.35
224 2126.2500550442 3660.7072735352
225 1003.7625 3404.425
226 1048.1382150285 3331.8227448932
227 1089.975 3258.6
228 1131.7346902836 3326.7838586738
229 1223.3875 3404.875
230 1342.95 3260.1
231 1209.4339201336 3328.421422302
232 1258.625 3259.6
233 1278.3954846485 3355.3353396194
234 1348.4056939568 3333.2946501109
235 1427.275 3260.6
236 1552.825 3405.55
237 1443.0125 3405.325
238 1469.0317633075 3329.277493198
239 1545.3775301945 3329.5677942557
240 1640.0673862889 3240.28830544
241 1662.6375 3405.775
242 3478.6375 4057.025
243 873.68591236065 2674.1080759488
244 1076.6419991334 2695.8293134512
245 2047.1836396724 3307.7850960152
246 2238.9972548046 3207.4910172779
247 3873.4854113433 3664.7342972825
248 642 3448.975
249 1102.5884803977 2782.8733513777
250 1197.4898144486 2707.1955903604
251 511.37958271167 747.03023851793
252 1311.45 915.3
253 812.25375324829 3328.1907969315
254 3273.35 3412.9
255 1248.8 3998.175
256 1207.2 3999.175
257 2806.9288064427 3248.0121429846
258 3476.575 3670.55
259 496.63422253087 3303.9219192965
260 2561.2537107279 3323.3270143158
261 2030.5361849904 3570.5357056842
262 1717.7320669156 3313.9783831469
263 1798.9888481437 3150.5670064434
264 1868.1041641082 3286.8430713289
265 3672.9 4376.45
266 3571.6133502644 4097.7946099347
267 3672.9 4240.575
268 692.3478896462 2703.8971272916
269 2125.7855458561 3224.5422275064
270 2363.338767639 3205.8662948877
271 3751.619207068 3667.4315230349
272 1286.7625 2598.8875
273 550.92041728833 931.76976148207
274 1227.9234387348 1140.214557383
275 1350.6341169428 4132.7918032401
276 1104.6658830572 4132.7918032401
277 564.5125 3403.525
278 2686.4110692287 3293.2367389174
279 763.36235403745 2569.3574124146
280 1973.7366604827 3159.701660218
281 2299.3860964889 3070.3070673283
282 2400.85 2671.45
283 3636.9599288768 3514.5902957369
284 1340.1303369466 2733.8212569262
285 680.58791630883 1034.9153888904
286 1088.413532028 1224.9463525909
287 3590.3379201254 3901.4076029602
288 2541.3935481537 3165.2887751522
289 3477.2625 3799.375
290 3626.3572822253 3753.6618133724
291 1658.125 2623.075
292 298.78048370102 3308.9651287867
293 2412.4875 3815.4375
294 2267.9854106271 3875.4792355189
295 3043.2826846053 2958.0436160937
296 1496.95 3152.4
297 1641.4356897228 3077.5897736482
298 2455.35 3934.25
299 1850.7477472934 3588.3689234476
300 3480.0125 4314.675
301 2784.425 3412.15
302 603.2051515569 2570.8329363043
303 968.2 1974.15
304 670.25 1803.55
305 2699.2965256237 3144.3803844561
306 1459.4589796368 2717.075623361
307 2144.6653963267 3802.7083434688
308 2452.9218757918 3713.9844468264
309 2719.8174440075 3748.8541519724
310 1957.0096438418 3744.4656756678
311 941.8 2274.425
312 2023.3394959645 3037.9977412875
313 2874.9566643908 3069.648691494
314 2087.7342339188 4040.0623953992
315 2667.100368382 3606.1815806804
316 928.6 2424.5625
317 2152.6116031063 3930.1190118488
318 2415.375 4168.575
319 1988.3573822503 3907.3066211757
320 2588.3371415169 3716.3600345738
321 2570.95 3457.05
322 2451.5109378959 3585.9922234132
323 644.875 2107.525
324 2616.8387964941 3883.2844818465
325 3816.2 3166
326 796.95145847805 2914.7540922975
327 674.70446130865 2937.1403408706
328 472.1139014272 2875.1891784479
329 716.98504699013 2823.0496939008
330 593.0322784346 2841.9939827782
331 489.67946619644 2702.3452545618
332 1689.2661752055 4141.4953044494
333 768.98076811898 4121.5281238241
334 256.07543946784 3565.4267968057
335 14.1 3917.8
336 389.32380918926 3771.9380395973
337 13.05 3682.6
338 354.37990754931 3648.241177161
339 111.94138563534 3577.0951653019
340 475.68182444398 3680.75803076
341 674.72101798415 3759.5720020123
342 534.50070676651 3822.9518351625
343 193.28911516409 3760.5329164165
344 521.40633649655 3558.4125411602
345 600.01215905346 3657.5072265016
346 767.67587281166 3613.1564824283
347 1507.1325487905 3908.5789677862
348 951.4729704727 3909.0860498349
349 1899.4530617733 2904.7140494403
350 771.11002320556 788.04001254121
351 903.08992635217 1230.5158544626
352 3595.6227210267 3632.5278894777
353 3475.8875 3541.725
354 1580.9004375484 2971.2738336002
355 1501.4287344223 2887.2416492734
356 1741.6748185396 2950.1225390397
357 1406.6508976616 2825.3855845274
358 1850.9875 3453.1625
359 411.6 2391.75
360 1644.3172052354 2831.7032818045
361 1534.3375 2615.0125
362 1580.8703902823 2727.6501557466
363 2837.3456502332 3740.8122590262
364 2788.4383132936 3888.8848678722
365 2264.8366160162 4070.4564601424
366 809.06868540249 2454.8360091738
367 843.9563949932 2341.4716663361
368 632.1875 2259.5125
369 802.0733013426 2175.4334912304
370 729.13913639316 2368.1873161066
371 2454.1359378959 3824.1172234132
372 3686.5843708988 2824.8593941605
373 3813.95 2965.5
374 376.78887039724 2778.1870786649
375 1576.0941407247 4249.6257275433
376 1887.3992445965 4086.4538494455
377 936.44662503141 4138.3865587677
378 677.32990382873 3952.1441127685
379 378.77756621805 4034.0326387461
380 664.44270051644 3561.9870512958
381 1018.2 3453.725
382 1392.5036787871 3995.2927321306
383 1379.6231646973 3859.1435723409
384 1539.7138603116 4070.7710535727
385 1491.475 3452.525
386 1495.9929148524 3748.150539058
387 1747.6425509296 3869.2077171439
388 1064.6179593237 3995.9106200762
389 1078.2558593916 3861.0040231485
390 967.01333072216 3758.8710976598
391 1206.6 3637.125
392 821.01214631808 3819.6780026455
393 891.46238250544 3653.0206884583
394 1105.3445455104 3727.8055521273
395 1014.1681195109 3645.3267424806
396 946.47511321133 3548.0589840511
397 1892.1111171749 3045.166965175
398 2154.6038755878 3031.5210281562
399 684.87189271913 896.45258398361
400 640.44413104522 772.60608419033
401 891.27977887414 972.13642500152
402 484.58979135584 621.86511925896
403 719.17294260898 666.91169418033
404 975.75 468.05
405 203.45 2629.025
406 1787.6592208543 2813.0861759205
407 2940.2459556033 4012.7529562605
408 2414.4125 4050.8625
409 2125.925 4403.55
410 657.5625 1955.5375
411 955 2124.2875
412 2457.975 4172.375
413 2741.9880532962 4052.8789426377
414 3680.671672882 2958.2061337759
415 3741.5797769944 3066.5747593604
416 3616.8614285063 3237.8923135984
417 3584.7189660017 3083.4368033184
418 340.7256907296 2909.3195154433
419 356.65805142568 2626.2825756355
420 1688.8625 4402.875
421 1977.3462382773 4019.12232205
422 2008.778180491 4154.8567571357
423 1857.1690032132 3952.3247451933
424 2156.2907008617 4171.7661634916
425 1877.6959027705 4245.5652615573
426 1728.923887648 4007.596096775
427 2069.3580560601 4278.2582339153
428 1633.1644905084 3924.183357007
429 1634.987932794 3781.3013545145
430 2271.6125 4403.775
431 1980.2375 4403.325
432 1593.7437762718 3646.2650529459
433 1773.8503091096 3719.4833924729
434 2281.8986294738 4197.5415002148
435 1728.7510706817 3604.9260441932
436 2416.3375 4286.2875
437 2196.7535663324 4293.5260913219
438 839.76706319262 4258.5647156342
439 863.93466167246 4018.4921583362
440 424.25785037151 3904.603207331
441 546.02489667701 3953.7601279234
442 255.48243930045 3918.0025038354
443 613.44041310445 4096.2010338149
444 1465.7579587926 4164.5348104157
445 2153.275 2655.325
446 2269.785860134 2775.1093055713
447 810.96972120359 1087.5485558641
448 950.35971605048 1098.8955941556
449 1102.3382414264 950.91383609238
450 583.15775802704 470.826606283
451 674.83342013265 552.45170146462
452 601.43707148175 646.7021062365
453 831.27199718583 557.66863163709
454 845.52708206496 684.43278114824
455 961.99969285906 607.15142428323
456 924.13375393298 819.42196734893
457 1100.275 481.475
458 1143.1946537814 667.60410524144
459 2578.3504618298 4042.6593526842
460 3406.6392413302 3201.0677128017
461 508.04741914343 2480.6015346877
462 203.575 2500.5125
463 758.325 4395.95
464 685.52452982916 4259.9617565209
465 15.15 4153
466 134.82751368015 3874.6391504496
467 13.575 3800.2
468 142.49495474168 4042.842959569
469 2648.425 2687.575
470 1100.8512628318 1088.2083205247
471 992.02198560153 913.91821294673
472 1065.5213273553 789.48028970797
473 1397.775 682.85
474 1215.5822237859 799.42689255285
475 1269.9730431188 683.77296559639
476 1440.9375 566.625
477 1354.6125 799.075
478 1317.9 254.55
479 1271.35 374.725
480 1357.4719353195 469.50124477397
481 1391.4237077998 352.13265163785
482 1960.3 481.6
483 1880.85 68.85
484 1434.8532350566 242.92108126453
485 1521.7410668532 322.06522587957
486 1722.2 466
487 1645.925 41.525
488 1603.15 458.2
489 1670.1879027075 347.43191444538
490 1825.4467527227 350.01681049458
491 2796.05 4408.5
492 3519.0742268866 3177.669795169
493 3512.3328619446 3298.1191497501
494 3433.4454941546 3048.0377008848
495 3818.45 3366.5
496 3392.3553298173 3322.7019731659
497 3172.425 3272.0590418117
498 3293.4318137865 3249.4292255529
499 3198.695284289 3077.6917816467
500 3308.8798164271 3128.9087990379
501 3404.65 2872.1
502 3602.0915760087 3390.5539454909
503 3306.7777023769 2989.3011665058
504 313.05 4391.3
505 2605.3555365885 3041.6318583418
506 2450.8836815241 3040.1014749859
507 2725.018145526 2955.5694664325
508 2724.5826968926 2810.7514777401
509 2582.4690504339 2883.5884437868
510 1869.1999409947 212.59632765269
511 2115.775 96.175
512 1982.2089627218 324.2526832481
513 1998.3125 82.5125
514 2043.3679804299 206.92033430975
515 2393.6 318.15
516 2198.4 497.2
517 2111.9714538121 317.28524166732
518 2165.3258676411 207.61521097715
519 2233.2375 109.8375
520 2252.7849290458 317.97746247307
521 2281.0743373973 210.33278954923
522 2317.45 505
523 2648.8630153504 4228.8063764176
524 3054.8761717056 3157.2124315929
525 3704.1399383778 3323.3817175349
526 3726.0141956691 3438.4730489327
527 499.7916675897 4243.9722217409
528 195.53839836432 4232.8487038492
529 2355.319668321 2955.8200893553
530 2430.1808811502 2821.9761128399
531 2567.4205696315 4153.2282004703
532 2668.1177827636 4126.3876348304
533 2823.4460009402 4208.6087296362
534 2459.2875 4291.4375
535 2628.325 4409.5
536 2931.2302718427 3203.5073658369
537 2524.6375 2679.5125
538 2476.0271399417 2927.6698918982
539 2745.5307328282 4299.7530984021
540 2853.4488113288 4093.7459946447
541 3131.5 4188.35
542 2976.7377797349 4187.2996071663
543 2963.775 4407.5
544 3053.3750180059 4297.425
545 2879.3764872604 4318.0972632453
546 3672.9 4512.325
547 3467.3622477867 4679.2689405634
548 3402.3858727246 4586.189571426
549 3557.5135601832 4580.2625
550 2966.5490433087 2872.1838290348
551 2935.0541151705 2977.5497773853
552 3005.8127217633 3060.1465506577
553 3105.0098189785 3038.6232502386
554 3158.6320303422 2933.614040226
555 463.3 3041.9
556 695.625 1499.575
557 1111.0901763494 3546.7705331285
558 1781.9125 2631.1375
559 1713.684601772 2724.3575211663
560 3017.5905449154 3909.3061769764
561 3131.5 3842.2
562 841.3410979821 2038.6456586229
563 994.6 1673.875
564 768.41022682752 1955.1684595424
565 737.14606992431 2056.0798420336
566 870.70549949622 1939.3940205532
567 800.93676993881 1826.5257691272
568 981.4 1824.0125
569 682.9375 1651.5625
570 844.08284150223 1588.491162647
571 848.84787083343 1412.1417471516
572 1007.8 1523.7375
573 871.05297507231 1716.307384203
574 708.3125 1347.5875
575 203.325 2757.5375
576 1250.8 3634.125
577 1444.6822942787 3601.0874044833
578 1351.7866713893 3725.6950424881
579 1371.6375 3452.3125
580 1338.1111387028 3561.0921581533
581 790.16655153694 3930.377745593
582 2182.5504232423 2917.8640284672
583 1269.6867193674 1027.7572786915
584 334.37164833127 2497.3600508883
585 1739.9964196986 4272.2638118109
586 1364.45 134.375
587 1573.9896425677 177.43783765589
588 1754.5739910781 130.96109866336
589 1528.4625 27.8625
590 1749.4005860211 253.62774767869
591 2765.9793798351 3057.3070764625
592 2079.35 489.4
593 461.475 4392.85
594 483.24845075264 4113.6606449062
595 349.18315961264 4196.8862798445
596 262.82274174279 4097.0766970063
597 164.625 4389.75
598 15.675 4270.6
599 2571.0410485675 4311.4749775248
600 3055.4076583499 4079.275
601 2041.677797982 2896.7346795457
602 1963.4213881884 2773.3885650314
603 2129.5773499854 2790.8692460462
604 2029.4875 2647.2625
605 1611.3125 3452.7375

[MESH_TRIANGLES]
0 108 102 109
1 403 400 452
2 564 566 562
3 402 452 251
4 241 262 79
5 126 112 140
6 30 279 302
7 326 162 148
8 162 113 148
9 366 42 279
10 249 165 244
11 73 62 101
12 119 115 116
13 284 72 250
14 273 399 285
15 305 288 505
16 90 52 91
17 285 447 31
18 286 40 41
19 108 109 110
20 31 32 285
21 16 145 150
22 126 63 112
23 215 113 162
24 101 148 113
25 84 107 132
26 360 355 362
27 93 90 91
28 73 113 165
29 64 140 112
30 92 97 94
31 106 86 84
32 120 119 116
33 99 96 94
34 157 27 292
35 164 188 169
36 233 229 231
37 142 253 141
38 266 156 3
39 157 55 129
40 116 115 97
41 158 334 26
42 26 27 129
43 135 121 146
44 129 55 56
45 129 158 26
46 120 117 122
47 377 276 212
48 142 127 138
49 65 80 75
50 181 58 139
51 296 70 297
52 87 93 91
53 93 87 92
54 99 88 96
55 93 92 94
56 97 99 94
57 139 130 181
58 2 98 100
59 334 214 26
60 180 21 130
61 139 180 130
62 1 100 105
63 59 180 139
64 58 59 139
65 73 101 113
66 179 125 142
67 109 16 17
68 93 94 89
69 134 1 105
70 512 482 490
71 103 119 118
72 478 484 481
73 487 483 588
74 70 355 354
75 100 104 105
76 126 140 101
77 245 166 155
78 578 577 386
79 200 61 205
80 114 102 54
81 241 236 239
82 102 108 53
83 173 110 109
84 145 16 109
85 53 108 61
86 206 16 150
87 96 89 94
88 45 219 151
89 88 99 103
90 3 124 95
91 109 102 145
92 132 97 106
93 462 29 584
94 78 253 208
95 177 8 131
96 417 47 414
97 95 104 98
98 373 414 372
99 254 8 497
100 168 43 163
101 9 131 8
102 7 502 283
103 219 168 151
104 119 122 118
105 237 77 234
106 249 250 72
107 93 89 90
108 187 14 183
109 14 15 131
110 226 208 178
111 9 171 172
112 215 244 165
113 52 0 91
114 14 186 222
115 117 133 134
116 66 157 292
117 106 92 86
118 412 459 531
119 99 97 115
120 80 65 66
121 61 108 110
122 104 100 98
123 83 161 218
124 103 85 88
125 156 194 124
126 196 111 259
127 92 87 86
128 123 118 122
129 84 132 106
130 6 549 548
131 87 91 0
132 549 4 547
133 124 104 95
134 115 103 99
135 121 135 123
136 1 2 100
137 117 120 133
138 116 132 133
139 50 247 271
140 62 126 101
141 53 54 102
142 103 118 85
143 97 92 106
144 159 161 160
145 119 103 115
146 116 97 132
147 117 121 122
148 105 146 117
149 161 136 160
150 120 122 119
151 123 122 121
152 117 146 121
153 160 118 123
154 266 242 156
155 124 194 146
156 63 126 62
157 67 138 127
158 42 243 279
159 110 205 61
160 68 138 67
161 55 259 277
162 129 27 157
163 158 129 56
164 21 22 130
165 388 256 276
166 9 172 183
167 177 131 15
168 105 117 134
169 116 133 120
170 107 133 132
171 133 107 134
172 1 134 107
173 51 167 247
174 159 160 123
175 159 123 135
176 160 85 118
177 328 330 137
178 243 42 215
179 198 211 375
180 253 138 68
181 22 181 130
182 64 326 140
183 101 140 148
184 141 128 142
185 142 125 127
186 253 142 138
187 125 179 111
188 143 420 585
189 209 20 21
190 438 377 212
191 181 210 212
192 102 114 145
193 150 145 114
194 105 104 146
195 124 146 104
196 310 307 319
197 30 302 461
198 147 327 326
199 215 165 113
200 197 224 175
201 175 173 184
202 54 166 217
203 168 220 43
204 383 382 255
205 163 151 168
206 186 14 187
207 173 109 17
208 156 74 287
209 154 73 165
210 264 79 262
211 124 3 156
212 195 292 28
213 259 55 157
214 181 212 276
215 334 158 338
216 50 51 247
217 159 218 161
218 85 160 136
219 167 83 218
220 83 136 161
221 327 147 137
222 64 147 326
223 54 217 114
224 43 44 163
225 14 131 183
226 307 224 197
227 182 159 135
228 246 114 217
229 159 182 218
230 177 497 8
231 219 295 550
232 261 205 224
233 171 169 172
234 110 173 175
235 176 18 174
236 9 10 171
237 189 187 188
238 173 176 184
239 294 293 153
240 17 176 173
241 184 197 175
242 18 176 17
243 176 174 184
244 278 301 193
245 550 220 168
246 142 128 179
247 185 208 253
248 259 157 196
249 339 25 214
250 261 200 205
251 380 346 345
252 194 135 146
253 182 194 290
254 9 183 131
255 183 172 187
256 174 170 184
257 197 184 170
258 226 225 208
259 178 208 185
260 186 187 189
261 371 320 324
262 188 172 169
263 187 172 188
264 560 561 152
265 188 221 189
266 164 561 188
267 275 211 180
268 175 205 110
269 386 347 383
270 58 276 256
271 193 260 278
272 207 260 201
273 182 135 194
274 28 292 27
275 80 66 195
276 128 277 179
277 157 66 196
278 197 294 307
279 261 192 200
280 209 211 203
281 210 22 23
282 175 224 205
283 201 206 207
284 229 202 228
285 203 20 209
286 23 204 210
287 150 246 270
288 207 206 150
289 270 207 150
290 78 208 225
291 185 253 68
292 21 180 209
293 211 209 180
294 212 210 204
295 181 22 210
296 275 59 255
297 198 203 211
298 204 199 212
299 464 438 463
300 336 342 440
301 300 267 265
302 343 337 339
303 243 215 162
304 42 216 244
305 114 246 150
306 165 249 154
307 182 271 247
308 45 46 219
309 46 554 219
310 15 257 177
311 260 288 278
312 324 459 298
313 363 189 221
314 189 363 186
315 321 222 315
316 197 293 294
317 56 248 344
318 275 180 59
319 228 226 227
320 228 227 82
321 202 225 226
322 231 228 82
323 226 178 227
324 226 228 202
325 77 233 234
326 232 234 233
327 231 229 228
328 233 77 229
329 231 232 233
330 231 82 232
331 234 232 230
332 237 238 236
333 69 238 235
334 238 69 239
335 234 230 235
336 239 236 238
337 238 234 235
338 234 238 237
339 240 239 69
340 239 240 241
341 240 297 263
342 217 166 245
343 267 266 3
344 262 241 240
345 74 156 242
346 268 243 162
347 243 268 279
348 42 244 215
349 249 244 250
350 264 245 155
351 269 246 217
352 269 217 245
353 246 269 398
354 167 218 247
355 182 247 218
356 389 390 394
357 389 256 388
358 250 244 216
359 72 154 249
360 81 284 272
361 250 272 284
362 78 141 253
363 470 274 286
364 474 477 252
365 536 313 552
366 417 492 494
367 181 276 58
368 260 193 201
369 305 591 257
370 353 283 352
371 287 194 156
372 179 259 111
373 246 398 281
374 301 257 15
375 384 382 347
376 192 261 299
377 263 262 240
378 262 263 264
379 240 296 297
380 529 582 446
381 263 280 264
382 155 79 264
383 213 242 266
384 267 300 213
385 148 140 326
386 266 267 213
387 584 29 359
388 280 245 264
389 245 280 269
390 269 280 312
391 603 446 582
392 290 194 287
393 290 352 271
394 299 358 192
395 250 216 272
396 32 273 285
397 274 40 286
398 377 439 388
399 207 270 288
400 179 277 259
401 302 279 268
402 367 311 316
403 263 397 280
404 507 220 591
405 220 507 508
406 207 288 260
407 591 505 507
408 278 305 257
409 415 416 417
410 50 271 283
411 362 355 306
412 72 284 357
413 400 399 273
414 449 470 448
415 41 351 286
416 399 401 285
417 290 258 352
418 271 182 290
419 397 312 280
420 312 398 269
421 287 289 290
422 287 74 289
423 258 290 289
424 362 291 559
425 356 360 406
426 66 292 195
427 153 365 294
428 197 170 293
429 307 310 224
430 460 498 500
431 498 497 499
432 70 354 297
433 240 69 296
434 297 354 356
435 310 261 224
436 413 459 324
437 310 319 423
438 330 331 268
439 265 6 300
440 257 301 278
441 461 331 419
442 370 367 366
443 351 571 574
444 506 270 281
445 278 288 305
446 349 356 406
447 306 355 357
448 294 317 307
449 261 310 299
450 371 308 320
451 315 186 309
452 186 315 222
453 307 317 319
454 382 275 255
455 604 603 602
456 366 367 316
457 312 349 601
458 551 220 550
459 524 552 553
460 408 318 365
461 585 375 332
462 309 320 315
463 321 322 13
464 294 365 317
465 30 368 370
466 317 314 319
467 433 432 435
468 317 365 314
469 422 425 376
470 376 426 423
471 320 309 324
472 320 308 322
473 562 411 369
474 315 320 322
475 322 321 315
476 369 311 367
477 364 309 363
478 364 324 309
479 326 329 162
480 502 525 526
481 555 65 418
482 137 330 327
483 331 302 268
484 327 330 329
485 162 329 268
486 326 327 329
487 330 328 331
488 268 329 330
489 419 575 405
490 418 374 328
491 384 444 382
492 314 421 319
493 340 338 158
494 342 336 340
495 334 339 214
496 466 468 335
497 340 336 338
498 56 344 158
499 440 342 441
500 343 339 334
501 338 336 343
502 343 334 338
503 25 339 337
504 158 344 340
505 345 342 340
506 344 345 340
507 341 345 346
508 341 378 342
509 378 443 441
510 336 440 442
511 343 466 467
512 345 341 342
513 248 380 344
514 380 223 346
515 57 391 557
516 557 394 395
517 382 383 347
518 387 428 429
519 378 341 581
520 346 393 392
521 263 297 356
522 397 349 312
523 34 453 451
524 350 403 454
525 41 572 571
526 447 285 401
527 283 353 7
528 271 352 283
529 355 70 71
530 352 258 353
531 355 360 354
532 357 355 71
533 284 306 357
534 360 356 354
535 356 349 397
536 72 357 71
537 284 81 306
538 406 558 76
539 299 149 358
540 374 331 328
541 306 361 362
542 306 81 361
543 291 362 361
544 364 363 221
545 186 363 309
546 560 407 221
547 534 412 531
548 427 424 437
549 42 366 316
550 30 366 279
551 30 370 366
552 368 323 369
553 370 369 367
554 565 369 323
555 411 311 369
556 369 370 368
557 407 364 221
558 324 298 371
559 325 415 373
560 47 372 414
561 48 49 372
562 331 374 419
563 444 211 275
564 425 585 332
565 421 422 376
566 428 384 347
567 438 212 199
568 439 377 333
569 341 392 581
570 594 441 443
571 527 443 464
572 442 343 336
573 344 380 345
574 223 380 248
575 394 191 389
576 191 256 389
577 383 255 190
578 384 428 426
579 190 578 383
580 576 578 190
581 332 375 384
582 375 211 444
583 605 435 432
584 433 429 432
585 149 299 435
586 433 310 387
587 319 421 423
588 347 429 428
589 377 388 276
590 388 348 389
591 390 389 348
592 390 395 394
593 392 390 348
594 393 390 392
595 396 395 393
596 191 394 391
597 348 439 581
598 346 392 341
599 396 346 223
600 381 557 396
601 557 381 57
602 395 390 393
603 346 396 393
604 223 381 396
605 356 397 263
606 529 446 530
607 270 246 281
608 281 582 529
609 400 273 251
610 401 399 350
611 34 451 450
612 350 399 400
613 403 453 454
614 351 447 448
615 451 452 450
616 400 403 350
617 450 452 402
618 472 455 458
619 474 472 458
620 451 453 403
621 75 374 418
622 374 575 419
623 558 559 291
624 602 406 76
625 541 11 544
626 373 372 49
627 564 567 566
628 365 153 408
629 422 314 424
630 562 303 411
631 413 324 364
632 565 410 564
633 47 48 372
634 407 540 364
635 541 544 542
636 414 373 415
637 325 416 415
638 414 415 417
639 7 493 502
640 7 254 496
641 416 492 417
642 494 47 417
643 555 418 328
644 75 418 65
645 584 461 419
646 425 332 376
647 198 375 420
648 422 421 314
649 423 421 376
650 424 314 365
651 431 425 427
652 426 376 332
653 423 387 310
654 436 430 434
655 434 437 424
656 425 422 427
657 288 270 506
658 384 426 332
659 387 423 426
660 431 143 425
661 422 424 427
662 429 347 386
663 387 426 428
664 386 577 432
665 432 429 386
666 424 365 434
667 409 437 430
668 435 605 149
669 427 409 431
670 385 577 579
671 310 433 299
672 387 429 433
673 365 318 434
674 430 436 19
675 299 433 435
676 430 437 434
677 434 318 436
678 409 427 437
679 464 463 144
680 333 377 438
681 581 333 378
682 388 439 348
683 441 342 378
684 440 379 442
685 443 378 333
686 379 440 441
687 528 465 468
688 343 467 337
689 438 464 333
690 527 464 144
691 382 444 275
692 375 444 384
693 461 584 359
694 509 507 505
695 446 282 530
696 448 447 401
697 351 31 447
698 401 471 448
699 286 351 448
700 350 454 456
701 470 583 274
702 402 33 450
703 451 403 452
704 34 404 453
705 251 452 400
706 454 453 455
707 455 453 404
708 350 456 401
709 35 458 457
710 455 457 458
711 455 456 454
712 448 471 449
713 475 474 458
714 455 404 457
715 449 471 472
716 413 533 532
717 412 298 459
718 492 493 460
719 499 500 498
720 461 302 331
721 359 30 461
722 438 199 463
723 405 462 584
724 443 333 464
725 343 442 466
726 335 468 465
727 466 442 468
728 379 596 442
729 466 335 467
730 595 594 527
731 288 506 505
732 508 43 220
733 448 470 286
734 583 470 449
735 401 456 471
736 472 471 456
737 455 472 456
738 35 480 475
739 480 476 475
740 474 449 472
741 35 475 458
742 449 474 252
743 477 475 473
744 481 480 479
745 473 475 476
746 476 480 39
747 475 477 474
748 480 35 479
749 481 479 478
750 36 589 586
751 39 480 481
752 511 518 514
753 484 485 481
754 510 588 483
755 39 481 485
756 478 586 484
757 489 490 486
758 490 489 590
759 39 485 488
760 486 488 489
761 587 489 485
762 586 587 484
763 485 489 488
764 587 588 590
765 482 486 490
766 493 492 416
767 539 533 545
768 494 492 460
769 525 325 495
770 493 7 496
771 493 496 460
772 503 501 494
773 493 416 502
774 283 526 50
775 524 499 497
776 498 254 497
777 496 498 460
778 254 498 496
779 524 497 177
780 554 503 499
781 503 500 499
782 503 494 500
783 494 460 500
784 554 499 553
785 47 494 501
786 501 503 46
787 525 502 416
788 528 598 465
789 595 379 594
790 529 506 281
791 509 508 507
792 509 530 537
793 506 538 505
794 591 220 313
795 530 538 529
796 43 508 469
797 469 508 509
798 521 518 519
799 490 510 512
800 514 510 513
801 513 511 514
802 514 518 517
803 37 521 519
804 510 483 513
805 510 514 512
806 516 520 522
807 517 592 512
808 521 515 520
809 517 512 514
810 522 515 38
811 512 592 482
812 518 520 517
813 516 517 520
814 518 511 519
815 515 521 37
816 518 521 520
817 523 532 533
818 515 522 520
819 599 12 534
820 536 524 177
821 313 551 552
822 325 525 416
823 526 525 495
824 50 526 495
825 502 526 283
826 504 595 593
827 504 528 595
828 468 442 596
829 598 597 24
830 582 281 398
831 446 445 282
832 509 537 469
833 538 530 509
834 532 459 413
835 531 523 599
836 523 531 532
837 459 532 531
838 413 540 533
839 540 542 533
840 177 257 536
841 534 531 599
842 535 599 539
843 313 536 257
844 505 538 509
845 530 282 537
846 529 538 506
847 535 539 491
848 523 533 539
849 364 540 413
850 407 600 542
851 407 542 540
852 560 600 407
853 11 543 544
854 491 545 543
855 542 544 545
856 545 544 543
857 539 545 491
858 542 545 533
859 547 5 548
860 6 265 546
861 4 549 546
862 548 549 547
863 6 546 549
864 219 550 168
865 551 550 295
866 552 551 295
867 220 551 313
868 553 552 295
869 552 524 536
870 554 553 295
871 524 553 499
872 219 554 295
873 503 554 46
874 394 557 391
875 328 137 555
876 562 566 303
877 396 557 395
878 406 360 559
879 559 558 406
880 362 559 360
881 221 188 561
882 600 560 152
883 573 569 570
884 221 561 560
885 572 563 570
886 567 564 304
887 565 564 562
888 304 564 410
889 369 565 562
890 410 565 323
891 570 569 556
892 568 303 566
893 567 573 568
894 570 556 571
895 567 568 566
896 567 304 569
897 573 570 563
898 351 574 31
899 351 41 571
900 568 573 563
901 571 572 570
902 569 573 567
903 385 432 577
904 571 556 574
905 374 75 575
906 580 60 579
907 578 576 580
908 386 383 578
909 578 580 577
910 580 579 577
911 60 580 576
912 348 581 392
913 333 581 439
914 582 398 601
915 601 398 312
916 405 584 419
917 449 252 583
918 143 585 425
919 375 585 420
920 485 484 587
921 587 589 487
922 510 490 590
923 587 487 588
924 587 590 489
925 586 589 587
926 510 590 588
927 257 591 313
928 505 591 305
929 441 594 379
930 517 516 592
931 527 144 593
932 443 527 594
933 595 527 593
934 528 468 596
935 379 595 596
936 528 596 595
937 539 599 523
938 528 504 597
939 597 598 528
940 12 599 535
941 152 541 600
942 542 600 541
943 602 601 349
944 446 603 445
945 406 602 349
946 603 604 445
947 582 601 603
948 602 603 601
949 602 76 604
950 432 385 605

[MESH_BOUNDARY_NODES]
74 7 6
75 29 28
76 43 42
77 55 54
78 55 54
79 55 54
80 29 28
81 43 42
82 69 68
83 52 51
84 1 0
85 52 51
86 1 0
87 1 0
88 52 51
89 52 51
90 52 51
95 3 2
96 52 51
98 3 2
107 1 0
111 67 66
112 64 63
125 67 66
127 67 66
128 55 54
136 52 51
137 65 64
141 55 54
143 20 19
144 24 23
147 65 64
149 61 60
151 45 44
152 11 10
153 19 18
154 73 72
155 55 54
163 45 44
164 11 10
166 55 54
167 52 51
169 11 10
170 19 18
171 11 10
174 19 18
178 69 68
185 69 68
190 60 59
191 58 57
192 61 60
193 16 15
195 29 28
196 67 66
198 20 19
199 24 23
200 61 60
201 16 15
202 55 54
203 20 19
204 24 23
206 16 15
213 7 6
214 26 25
216 43 42
222 14 13
223 57 56
225 55 54
227 69 68
229 55 54
230 69 68
232 69 68
235 69 68
236 55 54
237 55 54
241 55 54
242 7 6
248 57 56
251 33 32
252 40 39
254 8 7
255 60 59
256 58 57
258 7 6
265 4 3
267 4 3
272 43 42
273 33 32
274 40 39
277 55 54
282 43 42
289 7 6
291 43 42
293 19 18
296 70 69
298 13 12
300 7 6
301 16 15
303 42 41
304 31 30
308 13 12
311 42 41
316 42 41
318 19 18
321 14 13
322 13 12
323 31 30
325 50 49
335 25 24
337 25 24
353 7 6
358 61 60
359 30 29
361 43 42
368 31 30
371 13 12
373 50 49
381 57 56
385 61 60
391 58 57
402 33 32
404 35 34
405 29 28
408 19 18
409 20 19
410 31 30
411 42 41
412 13 12
420 20 19
430 20 19
431 20 19
436 19 18
445 43 42
450 34 33
457 35 34
462 29 28
463 24 23
465 25 24
467 25 24
469 43 42
473 40 39
476 40 39
477 40 39
478 36 35
479 36 35
482 39 38
483 37 36
486 39 38
487 37 36
488 39 38
491 12 11
495 50 49
501 47 46
504 24 23
511 37 36
513 37 36
515 38 37
516 39 38
519 37 36
522 39 38
534 13 12
535 12 11
537 43 42
541 11 10
543 12 11
546 4 3
547 5 4
548 6 5
555 65 64
556 31 30
558 43 42
561 11 10
563 42 41
568 42 41
569 31 30
572 42 41
574 31 30
575 29 28
576 60 59
579 61 60
583 40 39
586 36 35
589 37 36
592 39 38
593 24 23
597 24 23
598 25 24
604 43 42
605 61 60


[TRIMESH_CONVEX_REGION]
REGION_LABEL 0
439
144
593
504
597
24
598
465
335
467
337
339
26
344
392


[TRIMESH_CONVEX_REGION]
REGION_LABEL 1
251
451
404
457
35
476
473
477
252
583
274
40
41
31
273


[TRIMESH_CONVEX_REGION]
REGION_LABEL 2
64
147
137
330
30
368
323
565
369
42
215
73
62
112


[TRIMESH_CONVEX_REGION]
REGION_LABEL 3
380
346
388
58
139
130
22
204
199
463
144
593
504
596
336
340


[TRIMESH_CONVEX_REGION]
REGION_LABEL 4
424
425
332
386
577
385
605
358
192
61
17
18
170
293
365


[TRIMESH_CONVEX_REGION]
REGION_LABEL 5
435
310
424
431
143
420
198
203
20
21
59
255
190
577


[TRIMESH_CONVEX_REGION]
REGION_LABEL 6
570
563
568
303
411
311
316
42
279
30
368
323
410
304
569


[TRIMESH_CONVEX_REGION]
REGION_LABEL 7
286
31
32
273
251
402
33
450
34
404
457
35
473
477
252
583


[TRIMESH_CONVEX_REGION]
REGION_LABEL 8
8
15
301
193
201
270
529
530
537
469
43
219
46
503
500
498


[TRIMESH_CONVEX_REGION]
REGION_LABEL 9
412
298
371
322
13
321
222
14
9
10
171
169
164
561
152
541
545
539


[TRIMESH_CONVEX_REGION]
REGION_LABEL 10
7
50
167
83
136
85
88
97
132
1
98
95
3
266
242
74
289
258
353


[TRIMESH_CONVEX_REGION]
REGION_LABEL 11
278
288
506
43
163
151
45
46
497
8
131
15


[TRIMESH_CONVEX_REGION]
REGION_LABEL 12
128
142
68
185
178
227
82
232
230
235
69
241
236
237
77
229
202
225
78
141


[TRIMESH_CONVEX_REGION]
REGION_LABEL 13
585
198
203
21
59
255
190
576
60
579
385
605
299
310
319
421


[TRIMESH_CONVEX_REGION]
REGION_LABEL 14
68
253
55
27
28
195
66
196
111
125
127
67


[TRIMESH_CONVEX_REGION]
REGION_LABEL 15
373
325
495
526
7
177
536
313
550
46
501
47


[TRIMESH_CONVEX_REGION]
REGION_LABEL 16
49
373
325
495
50
271
258
353
7
47
372


[TRIMESH_CONVEX_REGION]
REGION_LABEL 17
445
446
506
150
145
54
166
155
79
241
236
69
296
70
355
362
291
558
76


[TRIMESH_CONVEX_REGION]
REGION_LABEL 18
246
150
16
17
184
197
61
53


[TRIMESH_CONVEX_REGION]
REGION_LABEL 19
73
62
112
64
147
137
555
65
75
575
405
462
29
359
30
366
42
215


[TRIMESH_CONVEX_REGION]
REGION_LABEL 20
1
98
95
3
266
242
74
289
258
352
50
51
167
83
136
85
88
97
132


[TRIMESH_CONVEX_REGION]
REGION_LABEL 21
199
464
594
440
338
248
223
381
57
391
191
256
181


[TRIMESH_CONVEX_REGION]
REGION_LABEL 22
589
487
483
513
511
519
37
522
516
592
482
486
488
39
481
484


[TRIMESH_CONVEX_REGION]
REGION_LABEL 23
76
356
354
71
72
249
42
216
272
81
361
291
558


[TRIMESH_CONVEX_REGION]
REGION_LABEL 24
583
449
35
479
478
586
587
39
476
473
477
252


[TRIMESH_CONVEX_REGION]
REGION_LABEL 25
245
397
76
604
445
282
537
469
220
591
305
260
201
206
16
54


[TRIMESH_CONVEX_REGION]
REGION_LABEL 26
7
50
167
83
136
85
88
89
90
52
0
87
86
84
107
1
100
242
74
289
258
353


[TRIMESH_CONVEX_REGION]
REGION_LABEL 27
537
288
207
16
109
54
245
263
354
360
559
558
604
445
282


[TRIMESH_CONVEX_REGION]
REGION_LABEL 28
51
167
1
2
98
95
3
266
242
74
289
258
352
50


[TRIMESH_CONVEX_REGION]
REGION_LABEL 29
519
520
516
592
482
486
488
39
479
478
586
36
589
487
483
513
511


[TRIMESH_CONVEX_REGION]
REGION_LABEL 30
205
184
170
293
153
408
318
436
19
430
409
431
143
384
429
299


[TRIMESH_CONVEX_REGION]
REGION_LABEL 31
380
396
557
391
191
256
58
22
23
204
199
463
144
527
379
440


[TRIMESH_CONVEX_REGION]
REGION_LABEL 32
328
331
302
279
42
216
272
81
306
357
72
73
326


[TRIMESH_CONVEX_REGION]
REGION_LABEL 33
550
46
501
47
373
325
495
7
254
8
177
536
313


[TRIMESH_CONVEX_REGION]
REGION_LABEL 34
544
545
539
412
298
371
308
14
8
9


[TRIMESH_CONVEX_REGION]
REGION_LABEL 35
440
342
58
180
21
22
527
595
379


[TRIMESH_CONVEX_REGION]
REGION_LABEL 36
225
78
141
128
277
55
28
195
66
196
111
125
127
68
208


[TRIMESH_CONVEX_REGION]
REGION_LABEL 37
39
485
587
487
483
513
511
519
37
515
38
522
516
592
482
486
488


[TRIMESH_CONVEX_REGION]
REGION_LABEL 38
29
359
30
279
62
63
112
64
147
137
555
65
75
575
405
462


[TRIMESH_CONVEX_REGION]
REGION_LABEL 39
4
549
6
300
213
242
74
289
258
290
3
267
265
546


[TRIMESH_CONVEX_REGION]
REGION_LABEL 40
195
66
196
55
56
129
27


[TRIMESH_CONVEX_REGION]
REGION_LABEL 41
265
546
4
547
5
548
6


[TRIMESH_CONVEX_REGION]
REGION_LABEL 42
164
561
152
541
11
543
491
535
12
534
412
298
371
308
315
186
187


[TRIMESH_CONVEX_REGION]
REGION_LABEL 43
28
195
80
75
65
66
292


[TRIMESH_CONVEX_REGION]
REGION_LABEL 44
411
369
323
410
304
569
556
574
31
351
41
572
563
568
303


[TRIMESH_CONVEX_REGION]
REGION_LABEL 45
352
47
48
49
373
325
495
50
271


[TRIMESH_CONVEX_REGION]
REGION_LABEL 46
389
388
438
593
504
26
27
56
393


[TRIMESH_CONVEX_REGION]
REGION_LABEL 47
504
465
335
467
337
25
214
26
56
248
346
392
581
527


[TRIMESH_CONVEX_REGION]
REGION_LABEL 48
22
181
58
59
180
21


[TRIMESH_CONVEX_REGION]
REGION_LABEL 49
445
446
529
246
217
166
155
262
70
71
357
306
361
291
558
76
604


[TRIMESH_CONVEX_REGION]
REGION_LABEL 50
131
15
257
43
44
163
151
45
46
497
8


[TRIMESH_CONVEX_REGION]
REGION_LABEL 51
197
53
54
246
150
16
17
184


[TRIMESH_CONVEX_REGION]
REGION_LABEL 52
163
151
46
503
497
8
187
14
15
551


[TRIMESH_CONVEX_REGION_TRIANGLES]
REGION_LABEL 0
829
939
788
687
726
938
827
936
934
828
728
496
826
935
729
511
727
725
933
730
932
570
929
684
789
688
686
510
931
499
300
572
494
509
683
302
571
508
501
690
497
502
505
215
724
506
500
685
519
493
681
512
504
569
41
913


[TRIMESH_CONVEX_REGION_TRIANGLES]
REGION_LABEL 1
734
701
917
363
414
742
364
740
397
18
619
415
713
747
712
698
715
733
696
735
699
708
743
736
745
610
614
700
524
526
737
416
711
613
706
620
707
17
618
612
697
616
413
714
710
741
14
609
1
703
709
705


[TRIMESH_CONVEX_REGION_TRIANGLES]
REGION_LABEL 2
158
178
9
347
550
303
551
465
442
346
553
556
485
552
488
23
8
484
7
486
554
479
24
385
183
482
198
65
76
11
5
140
221
222
29
182


[TRIMESH_CONVEX_REGION_TRIANGLES]
REGION_LABEL 3
589
47
214
398
367
190
50
57
568
567
682
913
181
680
191
597
294
722
689
724
912
681
685
298
569
299
679
690
931
933
598
730
509
570
683
508
295
929
571
932
789
826
519
686
935
512
499
505
507
300
494
251


[TRIMESH_CONVEX_REGION_TRIANGLES]
REGION_LABEL 4
435
449
232
282
429
671
586
200
196
437
241
257
672
584
201
376
238
653
467
240
428
394
268
159
250
583
539
675
242
950
79
235
226
587
243
316
279
585
453
668
234
256
665
664
518
649
492
648
663
659
466
470
652
278
565
469
646
903
448
464
629
468
650


[TRIMESH_CONVEX_REGION_TRIANGLES]
REGION_LABEL 5
280
297
285
293
189
179
292
267
318
563
296
647
454
582
919
204
188
918
564
691
491
517
375
461
646
269
662
588
577
581
692
658
518
566
660
469
663
665
565
651
908
664
78
578
672
652
656
648
649
587
586
584
492
579
629
467
437
653
470
659
661


[TRIMESH_CONVEX_REGION_TRIANGLES]
REGION_LABEL 6
476
402
555
473
456
442
553
630
551
465
549
556
552
889
887
554
632
2
890
876
9
550
892
895
893
627
886
896
902
900
897
888
883


[TRIMESH_CONVEX_REGION_TRIANGLES]
REGION_LABEL 7
704
523
620
703
613
1
524
706
616
612
700
610
413
705
416
611
526
708
735
14
711
3
17
20
698
396
737
618
609
710
615
707
617
714
712
696
702
619
715
709
713
741
736
740
747
742
743
364
917
734
414
733


[TRIMESH_CONVEX_REGION_TRIANGLES]
REGION_LABEL 8
794
404
927
867
821
369
405
732
866
365
865
928
407
869
408
796
231
872
309
797
458
843
832
445
791
311
406
873
272
868
15
245
864
271
870
694
459
844
203
780
784
793
731
657
368
781
792
244
840
820
719
440
399
431
374
310
833
779
846
230
775
795
871


[TRIMESH_CONVEX_REGION_TRIANGLES]
REGION_LABEL 9
266
881
884
546
264
557
35
265
262
852
882
544
941
233
477
478
111
631
545
313
849
166
263
237
942
436
314
255
834
634
236
851
451
452
471
462
839
850
312
558
315
838
108
261
716
260
475
837
450
114
206
463
817
836
858
474
848
767
717
118
472


[TRIMESH_CONVEX_REGION_TRIANGLES]
REGION_LABEL 10
252
273
155
43
125
227
195
133
90
371
97
229
217
208
135
122
355
175
152
148
345
194
174
211
75
144
62
307
418
147
392
253
123
139
219
149
421
46
168
393
153
38
220
218
115
128
104
150
137
176
354
154
410
422
528
417
69
423
530
32
370
151
142
71
124
12
40
146
145
119
527
89
169
134
138


[TRIMESH_CONVEX_REGION_TRIANGLES]
REGION_LABEL 11
205
100
103
864
88
308
231
872
203
870
309
865
245
866
868
458
459
871
821
775
784
779
230
869
95
820
867
794
840
365
167
404
927
843
310
407
369
928
15
731
445
408


[TRIMESH_CONVEX_REGION_TRIANGLES]
REGION_LABEL 12
326
329
325
105
328
36
338
331
330
322
320
327
319
323
332
336
324
110
81
284
335
321
334
259
337
333
258
290
94
247
291
362
37
184


[TRIMESH_CONVEX_REGION_TRIANGLES]
REGION_LABEL 13
907
911
580
906
910
909
579
908
78
664
577
903
670
204
454
517
375
691
269
662
665
584
563
588
566
950
491
672
518
663
659
583
578
653
582
437
179
586
296
267
318
467
587
692
293
292
280
675
658
297
581
649
461
652
470
671


[TRIMESH_CONVEX_REGION_TRIANGLES]
REGION_LABEL 14
212
274
34
116
426
277
248
126
213
372
187
66
185
48
186
157
180
160


[TRIMESH_CONVEX_REGION_TRIANGLES]
REGION_LABEL 15
782
781
780
783
873
719
786
772
768
431
430
366
775
641
779
766
773
718
787
480
820
871
784
822
785
777
870
823
869
769
459
771
642
639
770
96
638
409
637
868
365
866
865
821
636
559


[TRIMESH_CONVEX_REGION_TRIANGLES]
REGION_LABEL 16
102
825
639
527
773
787
822
637
769
480
774
410
409
641
823
824
370
528
766
559
638
530
636
96
98
560
626


[TRIMESH_CONVEX_REGION_TRIANGLES]
REGION_LABEL 17
382
210
4
350
388
378
389
381
403
377
77
341
379
390
419
344
342
51
433
340
339
352
81
351
420
432
228
353
373
223
74
305
202
531
605
915
521
434
914
534
522
193
535
607
26
880
830
457
425
444
287
446
878
943
424
608
380
391
947
945
879
624
948
944
623
790
538
455
949
946


[TRIMESH_CONVEX_REGION_TRIANGLES]
REGION_LABEL 18
21
84
67
193
91
207
0
192
19
83
82
85
121
234
201
241
305


[TRIMESH_CONVEX_REGION_TRIANGLES]
REGION_LABEL 19
490
643
621
644
540
487
905
438
177
622
562
488
875
481
482
489
441
645
916
221
483
484
693
723
93
720
387
486
198
401
222
197
721
182
485
29
6
346
479
550
9
347
303
5
76
158
23
7
183
8
24
385
140
11
178
65


[TRIMESH_CONVEX_REGION_TRIANGLES]
REGION_LABEL 20
173
216
354
219
123
355
139
220
217
229
149
218
307
144
227
418
176
273
252
153
43
155
175
174
142
253
135
71
392
152
195
148
371
124
125
211
128
151
147
38
168
145
12
194
90
133
75
40
97
46
122
104
150
421
393
115
146
89
208
32
422
423
345
169
417
62
119
69
138
137
134
154


[TRIMESH_CONVEX_REGION_TRIANGLES]
REGION_LABEL 21
515
874
596
575
516
601
600
356
604
877
591
595
590
593
682
912
592
597
594
520
602
569
598
599
913
568
507
519
681
512
603
357
505
576
251
685
514
398
573
680
589
509
47
513
508
506
165
574
214
494
190
497
683
570
689
499
567
300
724


[TRIMESH_CONVEX_REGION_TRIANGLES]
REGION_LABEL 22
811
70
799
807
805
800
765
809
804
757
930
760
763
759
802
801
761
754
812
752
924
814
798
73
758
922
813
926
755
816
803
764
753
920
806
923
921


[TRIMESH_CONVEX_REGION_TRIANGLES]
REGION_LABEL 23
412
533
536
447
532
537
360
361
13
411
106
542
349
395
358
304
26
541
531
880
878
425
534
424
543
623
879
538


[TRIMESH_CONVEX_REGION_TRIANGLES]
REGION_LABEL 24
746
751
739
744
738
748
749
745
755
743
753
920
72
756
747
762
364
742
917


[TRIMESH_CONVEX_REGION_TRIANGLES]
REGION_LABEL 25
695
845
606
795
831
944
946
833
792
844
455
380
793
846
391
608
731
830
914
947
790
948
444
657
943
15
928
399
607
457
949
373
694
289
287
305
288
832
407
283
193
404
797
405
791
86
21
272
915
406
353
228
420
351
522
223
352
390
389
419


[TRIMESH_CONVEX_REGION_TRIANGLES]
REGION_LABEL 26
92
146
138
129
31
117
127
40
143
30
55
25
119
56
68
169
134
170
137
171
32
107
12
89
54
115
150
53
145
46
124
33
87
147
104
71
27
152
148
194
128
168
43
142
135
175
252
172
174
69
227
153
62
155
273
75
52
125
131
151
176
195
144
16
253
218
149
220
229
392
113
217
418
371
393
123
528
208
307
355
421
354
219
417
422
530
423
370
345
410
139
527


[TRIMESH_CONVEX_REGION_TRIANGLES]
REGION_LABEL 27
80
192
193
91
223
228
21
305
351
352
353
389
84
420
373
830
607
914
287
390
289
947
419
915
948
403
457
455
444
522
946
391
605
943
535
399
380
608
446
606
657
945
425
944
790
831
695
878
534
879
845
538
624
949
846
795


[TRIMESH_CONVEX_REGION_TRIANGLES]
REGION_LABEL 28
58
136
122
75
194
62
195
148
152
133
155
125
43
371
135
90
392
97
211
208
175
252
227
345
421
422
154
38
253
273
423
229
417
355
307
418
393
139
354
173
216


[TRIMESH_CONVEX_REGION_TRIANGLES]
REGION_LABEL 29
750
925
921
762
920
756
72
753
761
763
924
923
73
764
758
749
759
760
755
757
926
922
765
799
754
70
811
804
807
805
809
800
801
802
752
812
930
814
813


[TRIMESH_CONVEX_REGION_TRIANGLES]
REGION_LABEL 30
677
673
460
628
427
654
666
239
676
655
650
629
661
674
548
464
656
648
469
468
316
667
466
453
448
565
678
649
651
669
278
492
196
437
587
653
646
659
428
470
226
663
429
578
652
660
518
435
658
257
672
918
241
564
586
200
449
282
671
232


[TRIMESH_CONVEX_REGION_TRIANGLES]
REGION_LABEL 31
270
367
214
191
294
47
165
589
398
298
295
682
567
286
281
190
722
299
679
597
357
576
680
689
568
913
590
575
591
724
593
690
912
569
681
356
685
571
519
596
592
932
602
570
509
594
874
929
683
686
508
595
516
598
507
877
499
603
520
512
251


[TRIMESH_CONVEX_REGION_TRIANGLES]
REGION_LABEL 32
348
178
303
304
158
358
347
346
23
395
401
361
483
360
112
199
10
28
349
537
485
533
13
479
438
306
412
488
209
7
487
359
8
106


[TRIMESH_CONVEX_REGION_TRIANGLES]
REGION_LABEL 33
640
778
770
777
430
771
639
719
781
782
773
772
718
783
766
768
641
366
786
787
873
431
642
780
775
785
871
409
784
459
638
822
769
636
779
96
868
866
870
559
869
820
637
776
365
230
99
821
865


[TRIMESH_CONVEX_REGION_TRIANGLES]
REGION_LABEL 34
225
108
254
166
206
255
101
263
260
237
314
545
451
313
265
544
477
462
471
478
261
557
634
450
849
631
546
838
852
839
716
558
312
834
717
817
837
858
118
836
436
850
851
767
848
855


[TRIMESH_CONVEX_REGION_TRIANGLES]
REGION_LABEL 35
60
164
61
181
57
50
367
214
47
190
680
689
724
571
685
932
509
730
789
570
683
499
929
686
568


[TRIMESH_CONVEX_REGION_TRIANGLES]
REGION_LABEL 36
400
372
161
213
126
248
277
116
276
187
66
246
426
184
37
362
212
186
94
180
48
185
290


[TRIMESH_CONVEX_REGION_TRIANGLES]
REGION_LABEL 37
818
808
806
810
813
815
812
816
802
798
752
803
814
801
809
807
930
800
811
805
70
799
922
804
758
757
926
754
765
760
924
73
761
763
923
764
759


[TRIMESH_CONVEX_REGION_TRIANGLES]
REGION_LABEL 38
22
5
156
76
29
140
182
222
183
385
198
221
482
7
177
479
875
487
484
485
643
488
486
490
438
540
483
562
441
401
720
6
481
621
622
644
197
645
693
905
916
721
723
489
387
93


[TRIMESH_CONVEX_REGION_TRIANGLES]
REGION_LABEL 39
386
383
343
384
154
301
38
439
345
860
863
208
422
421
423
861


[TRIMESH_CONVEX_REGION_TRIANGLES]
REGION_LABEL 40
162
34
39
44
116
277
426


[TRIMESH_CONVEX_REGION_TRIANGLES]
REGION_LABEL 41
859
862
132
861
863
130
860


[TRIMESH_CONVEX_REGION_TRIANGLES]
REGION_LABEL 42
854
856
853
855
858
767
857
847
848
842
937
635
942
625
817
850
835
852
839
940
546
851
941
557
819
841
836
547
882
544
634
837
838
118
313
834
716
477
478
631
264
717
314
471
436
545
451
312
265
849
260
884
261
881
462
450
237
558
266


[TRIMESH_CONVEX_REGION_TRIANGLES]
REGION_LABEL 43
120
275
49
426
212


[TRIMESH_CONVEX_REGION_TRIANGLES]
REGION_LABEL 44
891
894
883
897
901
525
885
904
899
902
900
896
893
886
443
888
627
632
890
2
898
887
889
876
892
473
895
554
630


[TRIMESH_CONVEX_REGION_TRIANGLES]
REGION_LABEL 45
561
633
626
98
560
96
638
636
409
559
637
822
769
823
787
824
480
774
825
410
528


[TRIMESH_CONVEX_REGION_TRIANGLES]
REGION_LABEL 46
163
498
504
45
42
506
505
512
507
251
573
493
598
497
508
494
300
499
683
686
519
520
594
509
929
570
569
789
912
681
932
685
730
933
724
689
597
682
593
571
826
913
590
591
680
568
398


[TRIMESH_CONVEX_REGION_TRIANGLES]
REGION_LABEL 47
59
41
215
495
500
502
501
302
249
503
497
572
493
688
511
510
300
494
725
505
729
499
683
509
512
686
508
519
727
684
496
507
504
506
728
598
828
569
251
726
934
935
936
929
789
573
687
570
730
498
513
317
932
827


[TRIMESH_CONVEX_REGION_TRIANGLES]
REGION_LABEL 48
64
50
57
61
60
63
164
181


[TRIMESH_CONVEX_REGION_TRIANGLES]
REGION_LABEL 49
529
74
432
532
434
521
534
531
26
880
425
605
446
535
522
945
419
424
390
403
389
878
420
943
457
353
543
623
373
388
915
541
351
879
624
447
830
411
352
381
949
608
538
350
378
914
380
947
77
391
948
342
455
946
944


[TRIMESH_CONVEX_REGION_TRIANGLES]
REGION_LABEL 50
224
100
205
103
864
88
308
309
231
872
865
866
821
868
870
365
869
843
459
871
820
779
784
775
840
230
310
95
167


[TRIMESH_CONVEX_REGION_TRIANGLES]
REGION_LABEL 51
141
80
82
192
0
193
21
91
84
305
67
207
19
83
234
201
241


[TRIMESH_CONVEX_REGION_TRIANGLES]
REGION_LABEL 52
109
225
167
95
230
108
779
775
871
784
870
868
459
780
866
872
231
865
309
873
864
103
205

