[INFO]
FORMAT=MAP_POINTS
NAME=
VERSION=1.0
COMMENT=Polygon with holes has been re-created from the file '../data/planning/maps/warehouse/warehouse.map'
COMMENT=Collinear points has been removed by the 'tmap_convert.cc' ver. 0.5
COMMENT=Created from file '../data/planning/maps/warehouse/warehouse.map' by program ./tmap_convert version 0.5
COMMENT=Convex partition created by map_partition.cc
COMMENT=visibility graphs created by tvisibility.cc
COMMENT=Triangular mesh created from map '../data/maps/warehouse/warehouse-part-vis.txt', poly 'warehouse-part-vis-trimesh/warehouse-part-vis.poly' and 'warehouse-part-vis-trimesh/warehouse-part-vis.1'
COMMENT=Triangular mesh 'Generated by triangle -q32.5 -a25600 warehouse-part-vis.poly'

[MAP_POINTS]
0 0 4000
1 680 4000
2 680 3720
3 920 3720
4 920 4000
5 2440 4000
6 2440 3020
7 2600 3020
8 2600 4000
9 2960 4000
10 2960 3740
11 3200 3740
12 3200 4000
13 4000 4000
14 4000 0
15 0 0
16 800 400
17 800 600
18 100 600
19 100 400
20 540 100
21 760 100
22 760 240
23 540 240
24 1360 200
25 1360 1140
26 820 1140
27 820 860
28 1140 860
29 1140 200
30 480 1340
31 1920 1340
32 1920 1500
33 480 1500
34 160 840
35 480 840
36 480 1120
37 160 1120
38 2960 3560
39 2960 3400
40 3880 3400
41 3880 3560
42 2900 2740
43 2300 2740
44 2300 2560
45 2930 2560
46 2930 2310
47 3050 2310
48 3050 1840
49 3130 1840
50 3130 2340
51 3050 2340
52 3050 2560
53 3080 2560
54 3080 3140
55 2900 3140
56 2760 1820
57 2760 1600
58 3500 1600
59 3500 1820
60 1280 2400
61 1480 2400
62 1480 2340
63 1800 2340
64 1800 1740
65 1950 1740
66 1950 2060
67 2580 2060
68 2580 2340
69 1960 2340
70 1960 2440
71 1480 2440
72 1480 3040
73 1280 3040
74 240 2980
75 400 2980
76 400 3760
77 240 3760
78 840 3340
79 1720 3340
80 1720 3480
81 840 3480
82 580 1720
83 820 1720
84 820 1840
85 1220 1840
86 1220 1780
87 1480 1780
88 1480 2020
89 1220 2020
90 1220 1930
91 820 1930
92 820 2380
93 580 2380
94 2080 800
95 3320 800
96 3320 1000
97 2080 1000
98 1720 380
99 1720 180
100 2680 180
101 2680 380
102 3400 2220
103 3600 2220
104 3600 2920
105 3400 2920
106 1920 2640
107 2060 2640
108 2060 3300
109 1920 3300
110 1440 3800
111 2180 3800
112 2180 3920
113 1440 3920
114 2180 1240
115 2320 1240
116 2320 1840
117 2180 1840
118 3500 100
119 3700 100
120 3700 1320
121 3500 1320
122 40 1600
123 200 1600
124 200 2720
125 40 2720
126 680 2820
127 840 2820
128 840 2980
129 680 2980
130 1630 1330
131 1630 670
132 1800 670
133 1800 1330
134 2680 1020
135 2680 1390
136 2570 1390
137 2570 1020
138 1800 1510
139 1910 1510
140 1910 1730
141 1800 1730

[MAP_BORDER]
15
14
13
12
11
10
9
8
7
6
5
4
3
2
1
0

[MAP_OBSTACLE]
19
18
17
16

[MAP_OBSTACLE]
23
22
21
20

[MAP_OBSTACLE]
29
28
27
26
25
24

[MAP_OBSTACLE]
33
32
31
30

[MAP_OBSTACLE]
37
36
35
34

[MAP_OBSTACLE]
41
40
39
38

[MAP_OBSTACLE]
55
54
53
52
51
50
49
48
47
46
45
44
43
42

[MAP_OBSTACLE]
59
58
57
56

[MAP_OBSTACLE]
73
72
71
70
69
68
67
66
65
64
63
62
61
60

[MAP_OBSTACLE]
77
76
75
74

[MAP_OBSTACLE]
81
80
79
78

[MAP_OBSTACLE]
93
92
91
90
89
88
87
86
85
84
83
82

[MAP_OBSTACLE]
97
96
95
94

[MAP_OBSTACLE]
101
100
99
98

[MAP_OBSTACLE]
105
104
103
102

[MAP_OBSTACLE]
109
108
107
106

[MAP_OBSTACLE]
113
112
111
110

[MAP_OBSTACLE]
117
116
115
114

[MAP_OBSTACLE]
121
120
119
118

[MAP_OBSTACLE]
125
124
123
122

[MAP_OBSTACLE]
129
128
127
126

[MAP_OBSTACLE]
133
132
131
130

[MAP_OBSTACLE]
137
136
135
134

[MAP_OBSTACLE]
141
140
139
138


[MAP_CONVEX_REGION]
REGION_LABEL 0
15
14
21
20

[MAP_CONVEX_REGION]
REGION_LABEL 1
15
20
23
19

[MAP_CONVEX_REGION]
REGION_LABEL 2
15
19
18
122

[MAP_CONVEX_REGION]
REGION_LABEL 3
15
122
125
0

[MAP_CONVEX_REGION]
REGION_LABEL 4
14
13
40
120
119

[MAP_CONVEX_REGION]
REGION_LABEL 5
14
119
118

[MAP_CONVEX_REGION]
REGION_LABEL 6
14
118
100
99
21

[MAP_CONVEX_REGION]
REGION_LABEL 7
13
12
11
41

[MAP_CONVEX_REGION]
REGION_LABEL 8
13
41
40

[MAP_CONVEX_REGION]
REGION_LABEL 9
11
10
38
41

[MAP_CONVEX_REGION]
REGION_LABEL 10
10
9
8
7
55
39
38

[MAP_CONVEX_REGION]
REGION_LABEL 11
7
6
43
42

[MAP_CONVEX_REGION]
REGION_LABEL 12
7
42
55

[MAP_CONVEX_REGION]
REGION_LABEL 13
6
5
111
108
107
43

[MAP_CONVEX_REGION]
REGION_LABEL 14
5
4
113
112

[MAP_CONVEX_REGION]
REGION_LABEL 15
5
112
111

[MAP_CONVEX_REGION]
REGION_LABEL 16
4
3
113

[MAP_CONVEX_REGION]
REGION_LABEL 17
3
2
81

[MAP_CONVEX_REGION]
REGION_LABEL 18
3
81
110
113

[MAP_CONVEX_REGION]
REGION_LABEL 19
2
1
0
76

[MAP_CONVEX_REGION]
REGION_LABEL 20
2
76
75
129
128
78
81

[MAP_CONVEX_REGION]
REGION_LABEL 21
0
125
124
74
77

[MAP_CONVEX_REGION]
REGION_LABEL 22
0
77
76

[MAP_CONVEX_REGION]
REGION_LABEL 23
19
23
22
16

[MAP_CONVEX_REGION]
REGION_LABEL 24
18
17
35
34

[MAP_CONVEX_REGION]
REGION_LABEL 25
18
34
37
122

[MAP_CONVEX_REGION]
REGION_LABEL 26
17
16
29
28
27

[MAP_CONVEX_REGION]
REGION_LABEL 27
17
27
26
30
36
35

[MAP_CONVEX_REGION]
REGION_LABEL 28
16
22
21
29

[MAP_CONVEX_REGION]
REGION_LABEL 29
21
99
24
29

[MAP_CONVEX_REGION]
REGION_LABEL 30
26
25
130
30

[MAP_CONVEX_REGION]
REGION_LABEL 31
25
24
131
130

[MAP_CONVEX_REGION]
REGION_LABEL 32
24
99
98
131

[MAP_CONVEX_REGION]
REGION_LABEL 33
33
32
139
138

[MAP_CONVEX_REGION]
REGION_LABEL 34
33
138
83
82
123

[MAP_CONVEX_REGION]
REGION_LABEL 35
33
123
122
37
36
30

[MAP_CONVEX_REGION]
REGION_LABEL 36
32
31
114
117
65

[MAP_CONVEX_REGION]
REGION_LABEL 37
32
65
140
139

[MAP_CONVEX_REGION]
REGION_LABEL 38
31
30
130
133

[MAP_CONVEX_REGION]
REGION_LABEL 39
31
133
132
97
114

[MAP_CONVEX_REGION]
REGION_LABEL 40
40
39
54
105
104

[MAP_CONVEX_REGION]
REGION_LABEL 41
40
104
103
120

[MAP_CONVEX_REGION]
REGION_LABEL 42
39
55
54

[MAP_CONVEX_REGION]
REGION_LABEL 43
54
53
50
102
105

[MAP_CONVEX_REGION]
REGION_LABEL 44
53
52
51
50

[MAP_CONVEX_REGION]
REGION_LABEL 45
50
49
59
102

[MAP_CONVEX_REGION]
REGION_LABEL 46
49
48
56
59

[MAP_CONVEX_REGION]
REGION_LABEL 47
48
47
46
56

[MAP_CONVEX_REGION]
REGION_LABEL 48
46
45
68
67
56

[MAP_CONVEX_REGION]
REGION_LABEL 49
45
44
69
68

[MAP_CONVEX_REGION]
REGION_LABEL 50
44
43
107
70
69

[MAP_CONVEX_REGION]
REGION_LABEL 51
59
58
120
103

[MAP_CONVEX_REGION]
REGION_LABEL 52
59
103
102

[MAP_CONVEX_REGION]
REGION_LABEL 53
58
57
135
121
120

[MAP_CONVEX_REGION]
REGION_LABEL 54
57
56
67
116
136
135

[MAP_CONVEX_REGION]
REGION_LABEL 55
73
72
79
78

[MAP_CONVEX_REGION]
REGION_LABEL 56
73
78
128
127
60

[MAP_CONVEX_REGION]
REGION_LABEL 57
72
71
106
109
79

[MAP_CONVEX_REGION]
REGION_LABEL 58
71
70
107
106

[MAP_CONVEX_REGION]
REGION_LABEL 59
67
66
117
116

[MAP_CONVEX_REGION]
REGION_LABEL 60
66
65
117

[MAP_CONVEX_REGION]
REGION_LABEL 61
65
64
141
140

[MAP_CONVEX_REGION]
REGION_LABEL 62
64
63
62
88
87
141

[MAP_CONVEX_REGION]
REGION_LABEL 63
62
61
60
89
88

[MAP_CONVEX_REGION]
REGION_LABEL 64
60
127
92
91
89

[MAP_CONVEX_REGION]
REGION_LABEL 65
75
74
124
126
129

[MAP_CONVEX_REGION]
REGION_LABEL 66
81
80
111
110

[MAP_CONVEX_REGION]
REGION_LABEL 67
80
79
109
108
111

[MAP_CONVEX_REGION]
REGION_LABEL 68
93
92
127
126
124

[MAP_CONVEX_REGION]
REGION_LABEL 69
93
124
123
82

[MAP_CONVEX_REGION]
REGION_LABEL 70
91
90
89

[MAP_CONVEX_REGION]
REGION_LABEL 71
87
86
83
138
141

[MAP_CONVEX_REGION]
REGION_LABEL 72
86
85
84
83

[MAP_CONVEX_REGION]
REGION_LABEL 73
97
96
134
137

[MAP_CONVEX_REGION]
REGION_LABEL 74
97
137
115
114

[MAP_CONVEX_REGION]
REGION_LABEL 75
97
132
98
94

[MAP_CONVEX_REGION]
REGION_LABEL 76
96
95
118
121

[MAP_CONVEX_REGION]
REGION_LABEL 77
96
121
135
134

[MAP_CONVEX_REGION]
REGION_LABEL 78
95
94
101
118

[MAP_CONVEX_REGION]
REGION_LABEL 79
94
98
101

[MAP_CONVEX_REGION]
REGION_LABEL 80
101
100
118

[MAP_CONVEX_REGION]
REGION_LABEL 81
98
132
131

[MAP_CONVEX_REGION]
REGION_LABEL 82
116
115
137
136

[MAP_VISIBILITY_GRAPH]
MAP_VERTEX 0
15
122
125
124
36
30
33
74
77
76
2
1

[MAP_VISIBILITY_GRAPH]
MAP_VERTEX 1
77
76
75
123
37
33
93
2
0

[MAP_VISIBILITY_GRAPH]
MAP_VERTEX 2
75
123
37
33
93
129
128
90
89
78
81
80
3
1
0
76

[MAP_VISIBILITY_GRAPH]
MAP_VERTEX 3
75
123
81
80
111
110
113
4
2

[MAP_VISIBILITY_GRAPH]
MAP_VERTEX 4
3
80
108
110
113
112
5

[MAP_VISIBILITY_GRAPH]
MAP_VERTEX 5
113
112
111
79
72
109
108
107
43
6
4

[MAP_VISIBILITY_GRAPH]
MAP_VERTEX 6
107
70
69
43
42
7
5
112
111
110
108

[MAP_VISIBILITY_GRAPH]
MAP_VERTEX 7
107
70
43
42
55
39
38
10
9
8
6

[MAP_VISIBILITY_GRAPH]
MAP_VERTEX 8
7
42
55
54
39
38
10
9

[MAP_VISIBILITY_GRAPH]
MAP_VERTEX 9
7
55
10
8

[MAP_VISIBILITY_GRAPH]
MAP_VERTEX 10
7
55
38
41
11
9
8

[MAP_VISIBILITY_GRAPH]
MAP_VERTEX 11
38
41
13
12
10

[MAP_VISIBILITY_GRAPH]
MAP_VERTEX 12
11
41
13

[MAP_VISIBILITY_GRAPH]
MAP_VERTEX 13
11
38
41
40
121
120
119
14
12

[MAP_VISIBILITY_GRAPH]
MAP_VERTEX 14
13
41
40
104
103
120
119
118
100
99
24
29
21
20
15

[MAP_VISIBILITY_GRAPH]
MAP_VERTEX 15
14
119
118
100
99
21
20
23
16
19
18
37
75
123
122
125
0

[MAP_VISIBILITY_GRAPH]
MAP_VERTEX 16
15
23
22
21
29
28
27
26
17
19

[MAP_VISIBILITY_GRAPH]
MAP_VERTEX 17
16
29
28
27
26
30
123
36
35
34
18

[MAP_VISIBILITY_GRAPH]
MAP_VERTEX 18
15
19
17
28
27
35
34
37
123
122

[MAP_VISIBILITY_GRAPH]
MAP_VERTEX 19
15
20
23
22
29
16
18
122

[MAP_VISIBILITY_GRAPH]
MAP_VERTEX 20
15
14
21
23
19

[MAP_VISIBILITY_GRAPH]
MAP_VERTEX 21
15
14
118
100
99
24
29
28
16
22
20

[MAP_VISIBILITY_GRAPH]
MAP_VERTEX 22
21
29
28
16
19
23

[MAP_VISIBILITY_GRAPH]
MAP_VERTEX 23
15
20
22
16
19

[MAP_VISIBILITY_GRAPH]
MAP_VERTEX 24
21
14
99
98
94
132
131
130
25
29

[MAP_VISIBILITY_GRAPH]
MAP_VERTEX 25
24
99
98
131
130
30
26

[MAP_VISIBILITY_GRAPH]
MAP_VERTEX 26
37
36
35
17
16
27
25
130
30

[MAP_VISIBILITY_GRAPH]
MAP_VERTEX 27
35
18
17
16
29
28
26
30
123
122
36

[MAP_VISIBILITY_GRAPH]
MAP_VERTEX 28
35
18
17
16
22
21
29
27

[MAP_VISIBILITY_GRAPH]
MAP_VERTEX 29
21
14
118
99
24
28
27
30
123
36
17
16
19
22

[MAP_VISIBILITY_GRAPH]
MAP_VERTEX 30
37
36
17
29
27
26
25
130
133
31
33
76
75
74
0
124
123
122

[MAP_VISIBILITY_GRAPH]
MAP_VERTEX 31
130
133
132
94
97
137
114
117
65
32
30

[MAP_VISIBILITY_GRAPH]
MAP_VERTEX 32
31
94
97
114
117
65
140
139
138
123
122
33

[MAP_VISIBILITY_GRAPH]
MAP_VERTEX 33
37
30
32
139
138
141
64
87
86
85
83
82
93
2
1
76
75
74
0
124
123
122

[MAP_VISIBILITY_GRAPH]
MAP_VERTEX 34
18
17
35
37
122

[MAP_VISIBILITY_GRAPH]
MAP_VERTEX 35
18
17
28
27
26
36
34

[MAP_VISIBILITY_GRAPH]
MAP_VERTEX 36
35
17
29
27
26
130
30
76
75
74
0
124
123
122
37

[MAP_VISIBILITY_GRAPH]
MAP_VERTEX 37
15
18
34
36
26
130
30
33
82
93
126
129
2
1
75
123
122

[MAP_VISIBILITY_GRAPH]
MAP_VERTEX 38
7
55
39
41
13
11
10
8

[MAP_VISIBILITY_GRAPH]
MAP_VERTEX 39
7
55
54
105
104
40
38
8

[MAP_VISIBILITY_GRAPH]
MAP_VERTEX 40
55
54
105
104
103
58
121
120
119
14
13
41
39

[MAP_VISIBILITY_GRAPH]
MAP_VERTEX 41
40
14
13
12
11
10
38

[MAP_VISIBILITY_GRAPH]
MAP_VERTEX 42
55
8
7
6
43

[MAP_VISIBILITY_GRAPH]
MAP_VERTEX 43
107
70
69
44
42
55
7
6
5
112
111
108

[MAP_VISIBILITY_GRAPH]
MAP_VERTEX 44
71
70
69
68
46
45
43
112
111
108
107
106

[MAP_VISIBILITY_GRAPH]
MAP_VERTEX 45
71
70
69
68
67
115
136
56
46
44

[MAP_VISIBILITY_GRAPH]
MAP_VERTEX 46
67
116
115
136
56
48
47
45
44
107
106
70
68

[MAP_VISIBILITY_GRAPH]
MAP_VERTEX 47
67
117
116
115
56
48
46

[MAP_VISIBILITY_GRAPH]
MAP_VERTEX 48
56
59
49
47
46
68
67
66
116

[MAP_VISIBILITY_GRAPH]
MAP_VERTEX 49
56
59
103
102
105
50
48

[MAP_VISIBILITY_GRAPH]
MAP_VERTEX 50
49
59
102
105
54
53
52
51

[MAP_VISIBILITY_GRAPH]
MAP_VERTEX 51
50
105
53
52

[MAP_VISIBILITY_GRAPH]
MAP_VERTEX 52
51
50
59
102
53

[MAP_VISIBILITY_GRAPH]
MAP_VERTEX 53
51
50
59
102
105
54
52

[MAP_VISIBILITY_GRAPH]
MAP_VERTEX 54
53
50
59
120
102
105
104
40
39
8
55

[MAP_VISIBILITY_GRAPH]
MAP_VERTEX 55
7
107
43
42
54
40
39
38
10
9
8

[MAP_VISIBILITY_GRAPH]
MAP_VERTEX 56
115
136
135
134
57
59
49
48
47
46
45
68
67
66
116

[MAP_VISIBILITY_GRAPH]
MAP_VERTEX 57
115
97
136
135
134
96
121
120
58
56
68
67
66
116

[MAP_VISIBILITY_GRAPH]
MAP_VERTEX 58
136
135
134
96
95
121
120
40
103
59
57

[MAP_VISIBILITY_GRAPH]
MAP_VERTEX 59
58
120
103
102
54
53
52
50
49
48
116
56

[MAP_VISIBILITY_GRAPH]
MAP_VERTEX 60
93
92
91
89
88
138
141
64
62
61
73
78
76
128
127
126
75
74
124

[MAP_VISIBILITY_GRAPH]
MAP_VERTEX 61
93
92
91
89
62
60

[MAP_VISIBILITY_GRAPH]
MAP_VERTEX 62
91
89
88
138
141
64
63
61
60
124
92

[MAP_VISIBILITY_GRAPH]
MAP_VERTEX 63
91
89
88
87
64
62

[MAP_VISIBILITY_GRAPH]
MAP_VERTEX 64
83
123
33
141
140
65
63
62
60
127
126
75
88
87
86

[MAP_VISIBILITY_GRAPH]
MAP_VERTEX 65
83
141
140
139
32
31
94
97
114
117
67
66
64

[MAP_VISIBILITY_GRAPH]
MAP_VERTEX 66
65
94
97
114
117
116
57
56
48
67

[MAP_VISIBILITY_GRAPH]
MAP_VERTEX 67
65
117
116
115
136
135
57
56
48
47
46
45
68
66

[MAP_VISIBILITY_GRAPH]
MAP_VERTEX 68
67
135
57
56
48
46
45
44
107
106
70
69

[MAP_VISIBILITY_GRAPH]
MAP_VERTEX 69
68
45
44
43
6
107
70

[MAP_VISIBILITY_GRAPH]
MAP_VERTEX 70
69
68
46
45
44
43
7
6
107
106
80
79
72
71

[MAP_VISIBILITY_GRAPH]
MAP_VERTEX 71
70
45
44
107
106
109
79
72

[MAP_VISIBILITY_GRAPH]
MAP_VERTEX 72
71
70
106
109
5
111
79
78
73

[MAP_VISIBILITY_GRAPH]
MAP_VERTEX 73
75
129
128
127
93
92
91
89
60
72
109
79
78

[MAP_VISIBILITY_GRAPH]
MAP_VERTEX 74
125
124
123
36
30
33
82
93
92
89
88
60
126
75
77
0

[MAP_VISIBILITY_GRAPH]
MAP_VERTEX 75
125
124
123
15
37
36
30
33
82
93
92
90
89
88
64
60
126
129
73
109
79
78
81
3
2
1
76
74

[MAP_VISIBILITY_GRAPH]
MAP_VERTEX 76
75
36
30
33
82
93
126
129
128
88
138
60
78
81
80
2
1
0
77

[MAP_VISIBILITY_GRAPH]
MAP_VERTEX 77
125
124
123
74
76
1
0

[MAP_VISIBILITY_GRAPH]
MAP_VERTEX 78
75
124
129
128
90
89
60
73
72
109
108
79
81
2
76

[MAP_VISIBILITY_GRAPH]
MAP_VERTEX 79
75
129
128
127
73
72
71
70
106
109
108
5
111
80
78

[MAP_VISIBILITY_GRAPH]
MAP_VERTEX 80
79
70
106
109
108
111
110
4
3
2
76
81

[MAP_VISIBILITY_GRAPH]
MAP_VERTEX 81
75
124
123
129
78
80
111
110
113
3
2
76

[MAP_VISIBILITY_GRAPH]
MAP_VERTEX 82
123
37
33
138
83
93
76
75
74
124

[MAP_VISIBILITY_GRAPH]
MAP_VERTEX 83
123
33
138
141
65
64
87
86
85
84
82

[MAP_VISIBILITY_GRAPH]
MAP_VERTEX 84
83
138
86
85

[MAP_VISIBILITY_GRAPH]
MAP_VERTEX 85
83
33
86
84

[MAP_VISIBILITY_GRAPH]
MAP_VERTEX 86
83
123
33
138
141
140
64
87
85
84

[MAP_VISIBILITY_GRAPH]
MAP_VERTEX 87
83
123
33
138
141
64
63
88
86

[MAP_VISIBILITY_GRAPH]
MAP_VERTEX 88
87
138
141
64
63
62
60
76
128
127
126
75
74
124
92
89

[MAP_VISIBILITY_GRAPH]
MAP_VERTEX 89
91
90
88
63
62
61
60
73
78
2
128
127
126
75
74
92

[MAP_VISIBILITY_GRAPH]
MAP_VERTEX 90
89
78
2
128
127
126
75
92
91

[MAP_VISIBILITY_GRAPH]
MAP_VERTEX 91
90
89
63
62
61
60
73
127
92

[MAP_VISIBILITY_GRAPH]
MAP_VERTEX 92
91
90
89
88
62
61
60
73
127
126
75
74
124
93

[MAP_VISIBILITY_GRAPH]
MAP_VERTEX 93
123
37
33
82
92
61
60
73
127
126
129
2
1
76
75
74
124

[MAP_VISIBILITY_GRAPH]
MAP_VERTEX 94
132
24
98
101
118
95
97
66
65
140
32
31
133

[MAP_VISIBILITY_GRAPH]
MAP_VERTEX 95
132
98
101
100
118
121
58
96
94

[MAP_VISIBILITY_GRAPH]
MAP_VERTEX 96
95
118
121
58
57
116
135
134
137
97

[MAP_VISIBILITY_GRAPH]
MAP_VERTEX 97
132
98
94
96
134
137
136
57
115
114
117
66
65
140
32
31
133

[MAP_VISIBILITY_GRAPH]
MAP_VERTEX 98
24
99
101
95
94
97
114
117
132
131
25

[MAP_VISIBILITY_GRAPH]
MAP_VERTEX 99
21
15
14
118
100
98
131
25
24
29

[MAP_VISIBILITY_GRAPH]
MAP_VERTEX 100
21
15
14
118
95
101
99

[MAP_VISIBILITY_GRAPH]
MAP_VERTEX 101
100
118
95
94
132
131
98

[MAP_VISIBILITY_GRAPH]
MAP_VERTEX 102
49
59
120
103
105
54
53
52
50

[MAP_VISIBILITY_GRAPH]
MAP_VERTEX 103
49
59
58
121
120
14
40
104
102

[MAP_VISIBILITY_GRAPH]
MAP_VERTEX 104
103
120
14
40
39
54
105

[MAP_VISIBILITY_GRAPH]
MAP_VERTEX 105
53
51
50
49
102
104
40
39
54

[MAP_VISIBILITY_GRAPH]
MAP_VERTEX 106
71
70
68
46
44
107
109
80
79
72

[MAP_VISIBILITY_GRAPH]
MAP_VERTEX 107
71
70
69
68
46
44
43
55
7
6
5
111
108
106

[MAP_VISIBILITY_GRAPH]
MAP_VERTEX 108
107
44
43
6
5
111
110
4
80
79
78
109

[MAP_VISIBILITY_GRAPH]
MAP_VERTEX 109
75
129
128
73
72
71
106
108
5
111
110
80
79
78

[MAP_VISIBILITY_GRAPH]
MAP_VERTEX 110
3
81
80
109
108
6
111
113
4

[MAP_VISIBILITY_GRAPH]
MAP_VERTEX 111
3
81
80
79
72
109
108
107
44
43
6
5
112
110

[MAP_VISIBILITY_GRAPH]
MAP_VERTEX 112
111
44
43
6
5
4
113

[MAP_VISIBILITY_GRAPH]
MAP_VERTEX 113
3
81
110
112
5
4

[MAP_VISIBILITY_GRAPH]
MAP_VERTEX 114
132
98
97
137
115
117
66
65
140
32
31
133

[MAP_VISIBILITY_GRAPH]
MAP_VERTEX 115
97
137
136
57
56
47
46
45
67
116
114

[MAP_VISIBILITY_GRAPH]
MAP_VERTEX 116
115
137
136
135
96
57
56
59
48
47
46
67
66
117

[MAP_VISIBILITY_GRAPH]
MAP_VERTEX 117
65
139
32
31
132
98
97
114
116
47
67
66

[MAP_VISIBILITY_GRAPH]
MAP_VERTEX 118
15
14
119
121
96
95
94
101
100
99
29
21

[MAP_VISIBILITY_GRAPH]
MAP_VERTEX 119
15
14
13
40
120
118

[MAP_VISIBILITY_GRAPH]
MAP_VERTEX 120
119
14
13
40
104
103
102
54
59
58
57
135
121

[MAP_VISIBILITY_GRAPH]
MAP_VERTEX 121
134
96
95
118
120
13
40
103
58
57
135

[MAP_VISIBILITY_GRAPH]
MAP_VERTEX 122
15
19
18
34
37
36
27
30
33
32
138
123
125
0

[MAP_VISIBILITY_GRAPH]
MAP_VERTEX 123
15
18
37
36
17
29
27
30
33
32
138
141
64
87
86
83
82
93
126
129
81
3
2
1
75
74
77
124
122

[MAP_VISIBILITY_GRAPH]
MAP_VERTEX 124
123
36
30
33
82
93
92
88
62
60
127
126
129
78
81
75
74
77
0
125

[MAP_VISIBILITY_GRAPH]
MAP_VERTEX 125
15
122
124
127
126
129
75
74
77
0

[MAP_VISIBILITY_GRAPH]
MAP_VERTEX 126
125
124
123
37
93
92
90
89
88
141
64
60
127
129
76
75
74

[MAP_VISIBILITY_GRAPH]
MAP_VERTEX 127
125
124
93
92
91
90
89
88
141
64
60
73
79
128
126

[MAP_VISIBILITY_GRAPH]
MAP_VERTEX 128
127
90
89
88
60
73
109
79
78
2
76
129

[MAP_VISIBILITY_GRAPH]
MAP_VERTEX 129
125
124
123
37
93
126
128
73
109
79
78
81
2
76
75

[MAP_VISIBILITY_GRAPH]
MAP_VERTEX 130
37
36
26
25
24
131
133
31
30

[MAP_VISIBILITY_GRAPH]
MAP_VERTEX 131
24
99
98
101
132
130
25

[MAP_VISIBILITY_GRAPH]
MAP_VERTEX 132
24
98
101
95
94
97
114
117
31
133
131

[MAP_VISIBILITY_GRAPH]
MAP_VERTEX 133
132
94
97
137
114
31
30
130

[MAP_VISIBILITY_GRAPH]
MAP_VERTEX 134
97
96
121
58
57
56
135
137

[MAP_VISIBILITY_GRAPH]
MAP_VERTEX 135
134
96
121
120
58
57
56
68
67
116
136

[MAP_VISIBILITY_GRAPH]
MAP_VERTEX 136
115
97
137
135
58
57
56
46
45
67
116

[MAP_VISIBILITY_GRAPH]
MAP_VERTEX 137
97
96
134
136
116
115
114
31
133

[MAP_VISIBILITY_GRAPH]
MAP_VERTEX 138
33
32
139
141
62
60
76
88
87
86
84
83
82
123
122

[MAP_VISIBILITY_GRAPH]
MAP_VERTEX 139
33
32
117
65
140
138

[MAP_VISIBILITY_GRAPH]
MAP_VERTEX 140
139
32
94
97
114
65
64
86
141

[MAP_VISIBILITY_GRAPH]
MAP_VERTEX 141
83
123
33
138
140
65
64
62
60
127
126
88
87
86

[MESH_NODES]
0 0 4000
1 680 4000
2 680 3720
3 920 3720
4 920 4000
5 2440 4000
6 2440 3020
7 2600 3020
8 2600 4000
9 2960 4000
10 2960 3740
11 3200 3740
12 3200 4000
13 4000 4000
14 4000 0
15 0 0
16 800 400
17 800 600
18 100 600
19 100 400
20 540 100
21 760 100
22 760 240
23 540 240
24 1360 200
25 1360 1140
26 820 1140
27 820 860
28 1140 860
29 1140 200
30 480 1340
31 1920 1340
32 1920 1500
33 480 1500
34 160 840
35 480 840
36 480 1120
37 160 1120
38 2960 3560
39 2960 3400
40 3880 3400
41 3880 3560
42 2900 2740
43 2300 2740
44 2300 2560
45 2930 2560
46 2930 2310
47 3050 2310
48 3050 1840
49 3130 1840
50 3130 2340
51 3050 2340
52 3050 2560
53 3080 2560
54 3080 3140
55 2900 3140
56 2760 1820
57 2760 1600
58 3500 1600
59 3500 1820
60 1280 2400
61 1480 2400
62 1480 2340
63 1800 2340
64 1800 1740
65 1950 1740
66 1950 2060
67 2580 2060
68 2580 2340
69 1960 2340
70 1960 2440
71 1480 2440
72 1480 3040
73 1280 3040
74 240 2980
75 400 2980
76 400 3760
77 240 3760
78 840 3340
79 1720 3340
80 1720 3480
81 840 3480
82 580 1720
83 820 1720
84 820 1840
85 1220 1840
86 1220 1780
87 1480 1780
88 1480 2020
89 1220 2020
90 1220 1930
91 820 1930
92 820 2380
93 580 2380
94 2080 800
95 3320 800
96 3320 1000
97 2080 1000
98 1720 380
99 1720 180
100 2680 180
101 2680 380
102 3400 2220
103 3600 2220
104 3600 2920
105 3400 2920
106 1920 2640
107 2060 2640
108 2060 3300
109 1920 3300
110 1440 3800
111 2180 3800
112 2180 3920
113 1440 3920
114 2180 1240
115 2320 1240
116 2320 1840
117 2180 1840
118 3500 100
119 3700 100
120 3700 1320
121 3500 1320
122 40 1600
123 200 1600
124 200 2720
125 40 2720
126 680 2820
127 840 2820
128 840 2980
129 680 2980
130 1630 1330
131 1630 670
132 1800 670
133 1800 1330
134 2680 1020
135 2680 1390
136 2570 1390
137 2570 1020
138 1800 1510
139 1910 1510
140 1910 1730
141 1800 1730
142 0 2000
143 2000 0
144 4000 2000
145 1680 4000
146 450 400
147 1360 670
148 1200 1500
149 1200 1340
150 3420 3560
151 3130 1820
152 1875 1740
153 2700 1000
154 3500 710
155 40 2160
156 0 1000
157 0 3000
158 3000 0
159 1000 0
160 4000 1000
161 1300 4000
162 2060 4000
163 0 1500
164 0 3500
165 2500 0
166 500 0
167 2200 180
168 4000 3000
169 1810 3920
170 1560 1340
171 840 1500
172 1560 1500
173 840 1340
174 1912.5 1740
175 2945 1820
176 1855 1730
177 2390 1000
178 3500 1015
179 40 1880
180 0 500
181 0 2500
182 3500 0
183 1500 0
184 3700 710
185 1490 4000
186 2250 4000
187 0 1750
188 0 2750
189 1625 3920
190 750 0
191 1995 3920
192 4000 3500
193 1870 4000
194 1740 1340
195 0 2250
196 1740 1500
197 0 750
198 1882.5 1730
199 3037.5 1820
200 1837.5 1740
201 2545 1000
202 40 2020
203 0 250
204 40 2440
205 3750 0
206 0 1875
207 0 1625
208 40 1740
209 0 2625
210 1830 1340
211 1650 1340
212 1715 1330
213 0 2125
214 1830 1500
215 1856.25 1740
216 1827.5 1730
217 2622.5 1000
218 40 2300
219 40 2580
220 0 2375
221 2583.75 1000
222 1785 1500
223 1672.5 1330
224 1757.5 1330
225 1785 1340
226 1605 1340
227 1695 1340
228 1875 1500
229 1855 1510
230 2661.25 1000
231 1717.5 1340
232 1672.5 1340
233 1818.75 1740
234 2625 1020
235 40 2230
236 40 2510
237 40 2650
238 40 2370
239 1807.5 1340
240 1807.5 1500
241 1651.25 1330
242 1736.25 1330
243 1762.5 1340
244 1778.75 1330
245 1627.5 1340
246 1882.5 1510
247 1827.5 1510
248 1897.5 1500
249 1693.75 1330
250 1852.5 1500
251 1751.25 1340
252 1893.75 1740
253 1896.25 1730
254 1783.7034882743 1735
255 1931.25 1740
256 1706.25 1340
257 1704.375 1330
258 1818.75 1500
259 1813.75 1510
260 1661.875 1330
261 1661.25 1340
262 1616.25 1331.875
263 1841.25 1730
264 1846.875 1740
265 1863.75 1500
266 1868.75 1510
267 1868.75 1730
268 1813.75 1730
269 1809.375 1740
270 1683.75 1340
271 1683.125 1330
272 1725.625 1330
273 1640.625 1330
274 1638.75 1340
275 1768.125 1330
276 1841.25 1510
277 1746.875 1330
278 1903.125 1740
279 1921.875 1732.34375
280 1728.75 1340
281 1773.75 1340
282 1800 1165
283 1910 1620
284 1910 1675
285 1939.03951679 1720.8938952572
286 1910 1702.5
287 1918.8826069079 1716.25
288 1630 1000
289 1910 1565
290 1630 1165
291 1630 1247.5
292 1597.3840842229 1317.6039243086
293 1630 1288.75
294 1630 1309.375
295 1621.5909090909 1319.6875
296 1609.2385161171 1321.5383492435
297 1582.5 1340
298 1609.7230403785 1300.2525479396
299 1600.1274882298 1329.1639698924
300 1593.75 1340
301 1588.125 1329.3947024456
302 1571.25 1327.2386672873
303 1581.4383618643 1314.6129222693
304 1800 1620
305 1800 2040
306 1933.9892860179 1696.7468512758
307 1380 1340
308 1592.2639400417 1300.8999304091
309 1800 1565
310 1800 1675
311 1800 1890
312 1555.768620759 1304.3223189197
313 1599.9384826096 1272.1239958385
314 1800 1702.5
315 1800 1815
316 1470 1340
317 1573.5112244941 1297.2253607458
318 1786.8660145916 1716.25
319 1800 1777.5
320 1771.8406466237 1688.75
321 1785.3319439622 1758.75
322 1515 1340
323 1754.7287919474 1720.4711852788
324 1553.2508766074 1322.7106855188
325 1537.5 1340
326 1524.5431254934 1309.4134575103
327 3083.75 1820
328 3090 1840
329 3315 1820
330 2597.5 1020
331 2652.5 1020
332 2641.875 1000
333 1800 1000
334 2180 1540
335 1553.0743564169 1271.8595848516
336 1585.8809763293 1283.7862261598
337 1568.5848732533 1280.2787121141
338 1574.5498554504 1250.7924165333
339 1583.2085198498 1266.2613944973
340 1599.3206157495 1247.0849430167
341 3070 1840
342 3106.875 1820
343 3222.5 1820
344 1800 1247.5
345 3060.625 1820
346 3176.25 1820
347 1800 1288.75
348 3153.125 1820
349 1818.75 1323.75
350 1800 1309.375
351 1875 1340
352 1822.7916666667 1299.0625
353 2991.25 1820
354 1910 1537.5
355 1762.1100124955 1792.0288147212
356 1758.7325139643 1748.6430024889
357 1580.8933470364 1208.5709812082
358 3130 2090
359 1823.0610241469 1268.125
360 1931.2965117257 1521.2965117257
361 1937.2741936907 1551.25
362 1940.9668942121 1592.5
363 2680 1205
364 3050 2432
365 1776.2034882743 1529.4447675885
366 1769.1352699165 1647.5
367 1710.8204180061 1741.0817641632
368 1630 1206.25
369 1529.4799703811 1226.3284285111
370 1848.4249686841 1283.815753876
371 1845.1420675076 1220.2310749585
372 1975.6560443922 1712.5851833135
373 1968.5023534674 1529.444724025
374 3050 2496
375 1897.6822207977 1294.7483193192
376 1850.681677167 1251.8221509806
377 3050 2528
378 3096.0357378953 2512
379 2570 1205
380 1960.3541411681 1492.2388822832
381 1492.5 1316.1978904064
382 1950 1900
383 1847.597217746 1315.798080022
384 1711.5902525008 1676.7242386014
385 1899.3943064192 1226.9989815925
386 1877.3816274025 1269.7818564183
387 2570 1112.5
388 1442.4608641913 1291.4317938205
389 1498.6508152413 1266.1857713268
390 1913.3787212318 1261.2486819317
391 1948.1698867085 1297.9775111204
392 1962.2015781432 1221.3341137652
393 0 2437.5
394 40 2405
395 40 1950
396 0 2062.5
397 40 1810
398 0 1812.5
399 0 2562.5
400 0 1687.5
401 40 1670
402 0 2187.5
403 0 2312.5
404 3050 1957.5
405 3050 2075
406 3014.375 1848.359375
407 3050 1898.75
408 2968.125 1862.4648114669
409 1751.356998974 1852.5
410 3199.375 1847.4666951173
411 3255.6986319044 1871.4190309242
412 3130 1965
413 3164.6875 1853.202949661
414 3130 1902.5
415 3191.3793439433 1906.8633474375
416 1920 1420
417 1730.26224164 1585.9333780988
418 1956.781054729 1647.5
419 0 1937.5
420 40 1845
421 1762.301400786 1608.7594069927
422 1920 1460
423 1972.7975794531 1568.8602313562
424 2025.0607909385 1497.5630594262
425 1726.6084538251 1635.0287153934
426 1969.0328553287 1440
427 1979.5363588768 1611.1836387485
428 2014.2012311437 1544.4065658289
429 1651.1501948764 1631.4020475994
430 2022.8594185171 1663.6164903286
431 2010.0343726755 1584.6295298569
432 2077.6672024019 1571.3085736314
433 2017.4673097416 1623.9573263126
434 2047.7692861847 1597.8639562257
435 2180 1690
436 2056.655949259 1638.8253315098
437 2086.1607754576 1610.9795142134
438 2080.1586249263 1706.2974668713
439 2180 1615
440 2104.5167343597 1659.9833382904
441 0 2687.5
442 0 2875
443 0 1562.5
444 2680 1112.5
445 3087.5924468566 2464
446 3188.7924315802 2395.5558725397
447 1449.1118273562 1196.0163310963
448 40 2090
449 3003.0628888788 1894.1451102461
450 2852.5 1820
451 1964.9109160803 1380
452 2057.8119540641 1529.8361618458
453 2130.9437769938 1703.444607213
454 3010 1000
455 3108.1431482316 2401.7766506362
456 2939.621681974 1929.0044131792
457 2084.4105438438 1470.0888639057
458 2113.4797244746 1528.6739074481
459 2180 1765
460 2680 1066.25
461 2855 1000
462 3166.2411252308 2562.132659064
463 2109.2684642698 1771.0438618797
464 2777.5 1000
465 2722.5930234513 1042.5930234513
466 2720.7103449171 1089.375
467 2786.7440437091 1068.6035673123
468 2733.1948368049 1158.75
469 1352 2400
470 964 1840
471 1882.2168989157 1143.8651252574
472 2467.5 1000
473 1714.5665805158 1950.5211236591
474 1692.4778224733 1810.8384326958
475 2131.8402190683 1580.4548069935
476 66.875 1531.25
477 1526.2482138899 1133.6638353079
478 2180 1390
479 1416 2400
480 1092 1840
481 2524.9069765487 1050.7412793141
482 1384 2301.7333333333
483 1156 1840
484 1124 1741.7333333333
485 1950 1820
486 3281.3008598904 1993.9591922252
487 1640.8782761678 1708.0617602761
488 2831.8674393204 1989.130099907
489 2039.7729314688 1404.998641869
490 3170.0373486591 2474.2403808585
491 2781.9687851336 1268.5640281735
492 1685.187080836 1883.5792071698
493 120 1600
494 0 1250
495 1316 2333.9331524197
496 2007.504610355 1768.1029944839
497 2180 1465
498 1591.206145777 1964.7436065293
499 1480 1900
500 0 1375
501 1190.3340843731 2308.2991339975
502 1297.5255270695 2207.0169631421
503 964 1930
504 1353.6284198476 1241.6371580152
505 2066.8641190032 1280.1016266219
506 1650 1500
507 120 2720
508 68.88953517695 2800.1860469026
509 3080 2850
510 2899.3601530612 1872.383003776
511 2872.0111521279 1934.454930022
512 2911.7820895155 2005.7304109529
513 2782.0381977896 1910.4695907503
514 1800 1082.5
515 2446.8083166925 1155.106538199
516 3346.6161432203 1916.3683087255
517 1521.0856448699 1652.9922595699
518 3400 2570
519 160 1514.1903409091
520 2038.2697906501 1860
521 1092 1930
522 160 2801.8778292817
523 2844.772048057 2127.6632588256
524 1894.79754226 1041.25
525 2428.75 1073.7640681029
526 3400 2395
527 3080 2705
528 3249.9329086173 2271.9667812073
529 2341.9954411273 1135.699627894
530 3284.5627562458 2523.2150583107
531 3080 2632.5
532 3181.405950598 2668.75
533 3247.6413206263 2451.1604429911
534 3276.2725944353 2361.9151055328
535 3400 2482.5
536 3325.9401647762 2456.5261543124
537 875 0
538 1717.5 3920
539 1775 4000
540 3250 0
541 1532.5 3920
542 2440 3510
543 3600 100
544 3625 0
545 2270 2340
546 1395 4000
547 1585 4000
548 625 0
549 650 100
550 2932.5 1145.3641481313
551 1488.1510185185 2180
552 1028 1764.8151062867
553 1220.4771026924 1639.251635522
554 1090 1140
555 2703.361148229 2015.4222830243
556 3407.5 1820
557 3435.2773740087 2057.2888477823
558 319.33697187726 1492.1435212563
559 2265 2060
560 313.43230049607 2826.1249615435
561 112.43244583864 2909.404960687
562 1800 835
563 1996.5855942256 1105.8080017678
564 3400 2307.5
565 3375 0
566 2440 3755
567 2088 2340
568 1347.5 3920.625
569 2833.190961885 1157.1721754825
570 924.23466567599 1741.3184011888
571 1020 1500
572 1225 1140
573 2651.2690883738 1894.4056404656
574 3453.75 1916.6368090373
575 2107.5 2060
576 3331.1188591749 2263.75
577 3277.1353967669 2135.5536110815
578 2326.0664605873 3862.8168469861
579 1110 4000
580 2894.9466541258 1253.0426439586
581 895.57568199818 1615.9614256362
582 1046.7739881248 1631.7195564971
583 3634.3592891606 1943.6897712498
584 2036.1496905961 1972.7159295695
585 256 0
586 4000 500
587 2625 1531.1904761905
588 3050 2182
589 2954.3576617541 2128.5
590 1667.1467860125 2081.3218770018
591 1580.3011158913 1836.330822904
592 69.944509345794 1437.5
593 118.74401967352 1312.5
594 820 2155
595 3163.0990647851 2777.5
596 3400 2745
597 937.5 177.5
598 2091.1555003632 1168.9912413863
599 3500 405
600 2945 1600
601 3130 1600
602 2150.343570701 1952.1728812538
603 378 106.8
604 4000 250
605 3228.7160766306 2936.5836496888
606 2235 1000
607 3875 125
608 3302.3451508348 2645.1462434857
609 400 3370
610 1838 3410
611 4000 3750
612 1280 2720
613 2320 1540
614 1380 1500
615 1369.5022449845 1674.1059052959
616 2691.4973939085 2175.5706037689
617 1280 3480
618 660 1500
619 700 1720
620 640 1617.2727272727
621 518.53214562355 1615.2126610802
622 750 1575.6906272023
623 200 2160
624 394.953452021 1592.4930266462
625 200 1880
626 2618.8968673889 1710
627 1800 2190
628 1162.9730297629 2171.9778786274
629 1028 2080.1687115381
630 623.75 3410
631 1990 3437.7454545455
632 4000 3625
633 3888.5416666667 3687.5
634 3600 4000
635 3650 3560
636 3800 4000
637 3765 3560
638 3707.5 3739.3179806645
639 580 2050
640 2460.8374409794 1297.5
641 2471.7486136062 1509.581022677
642 1640 2340
643 992.79831215268 2277.0401133498
644 1810 3800
645 1299.0522459869 3787.694533192
646 580 1885
647 2320 1390
648 1876.1357240127 3608.7430776214
649 1119.8801813556 3695.8702204123
650 1500 3480
651 625 400
652 760 2603.1818181818
653 340 4000
654 760 3160
655 540 2900
656 1104.0133679003 2482.3927865599
657 3396.6666666667 1167.5
658 2600 2740
659 2600 3510
660 4000 3250
661 1360 905
662 200 2440
663 1892.272363299 917.5
664 1934.9298132783 776.93850622673
665 2200 380
666 2039.9198832729 584.30860477916
667 2104.3370786517 2492.8314606742
668 2477.3437015201 1917.6847163854
669 1213.3261276862 3894.2320724736
670 1058.2532058972 3846.0935388123
671 205.31213742608 221.45857504928
672 3420 3400
673 2203.7901728336 1119.1498312744
674 3700 405
675 2216.2536939014 3466.0647443689
676 2428.9916023732 1690
677 432.42078762036 1736.1473303284
678 1384.0056944118 3627.9971527941
679 400 3175
680 2520 2880
681 2787.6388888889 3480
682 534.03444144023 2727.0602725204
683 3337.0860887861 3163.0380796339
684 3700 252.5
685 388.88157894737 1967.5
686 3852.5514841684 1129.242786168
687 2682.5 2880
688 2060 2970
689 2450 2740
690 2600 3755
691 594.43787076747 2569.2115327228
692 3850.6458333333 328.75
693 540 3062.5
694 2900 2940
695 2375 2865
696 2060 2805
697 2813.4810076999 3650
698 3837.9395519131 490.58562553748
699 567.25168837109 3239.7743233062
700 2600 3265
701 2236.5922726998 3096.8987274816
702 2209.0053763441 2879.5967741935
703 4000 750
704 3700 557.5
705 2760.7838983051 3020.4396186441
706 3911.434858921 625
707 3700 1015
708 3845.2288694331 765.78347925149
709 3700 862.5
710 3846.5625 938.75
711 4000 1500
712 4000 1250
713 1140 530
714 1545 280
715 660 1340
716 1920 2970
717 1280 3340
718 2946.875 280
719 3500 862.5
720 3600 1460
721 3798.4 1496
722 3673.7283018868 1618.3773584906
723 4000 1750
724 3843.8147070532 1666.9593506223
725 3833.3717709769 1875
726 1720 2440
727 1020 1340
728 305.04273818124 1251.7560171909
729 3312.5 203.70639657063
730 3089.2017140479 1260.4022501826
731 2756.242019422 2339.4902265905
732 2615 2560
733 3870.0772849462 3851.061827957
734 3535 3695.7537822174
735 3367.8781491772 3720.7399601054
736 3299.9583109683 3870
737 3400 4000
738 3472.657105541 3850.1651997461
739 2080.3456297206 3621.3139122466
740 1060 3340
741 3736.3855421687 3162.1084337349
742 1630 835
743 1495 752.5
744 1360 435
745 1495 600.79545454545
746 1626.7663151119 510.03092537956
747 1960 380
748 1778.0075820737 520.03239115208
749 87.263059369551 125
750 275 400
751 362.5 266.04665757162
752 2807.9843848173 3298.1574496575
753 411.23158676538 2178.3454815531
754 200 2020
755 312.49195275672 2090
756 1625 3800
757 1019.1666666667 365
758 1576.1448598131 131.3785046729
759 1750 0
760 1783 3135
761 1500 3340
762 2794.7021370023 280
763 2750 0
764 2700 800
765 2870.7885685012 124.28440496011
766 2870.7885685012 483.0556640625
767 4000 2500
768 3691.1274717087 1785.5213976807
769 955 1140
770 3311.25 557.5
771 3500 252.5
772 3380.0584259771 328.75
773 3156.2025959196 368.92259217709
774 2862.3665092955 1434.8318936511
775 3222.393659953 1145.9711440348
776 3285.1870825366 1353.7893256343
777 3700 3888.7315562602
778 1995 3800
779 2721.7904493431 3169.9368598014
780 580 2215
781 368.4955773909 2653.5863708675
782 1555.3137121989 3642.8071436723
783 1717.5 3664.9501732361
784 3863.7556895858 1343.9529553679
785 963.33575362506 532.63080332172
786 1140 695
787 944.90088081329 719.62300916821
788 1480 2740
789 1380 3190
790 3037.5 1450.4675205973
791 294.25343462052 2300
792 388.07045918095 2464.8887982827
793 450 600
794 1250 0
795 2440 180
796 2250 0
797 240 3370
798 0 3250
799 800 3626.6666666667
800 655.26264559613 3564.3853062426
801 400 3565
802 553.05629179905 3831.3940425934
803 529.17184590759 3664.2029213532
804 510 4000
805 2425 2340
806 2457.5 2560
807 914.43278049333 2525.0433062907
808 1075 2900
809 1280 2560
810 1139.6162452323 2640
811 2299.7589052887 3632.5
812 3190 3400
813 3214.7340705051 3082.432262012
814 3080 2995
815 3200.9223792338 3236.5594177859
816 3060.3387512027 3288.6178851705
817 2784.7320273963 3861.0686575117
818 2440 3265
819 2244.9679166489 3282.5034377368
820 2060 3135
821 950 3183.3333333333
822 1139.2193675889 3167.4275362319
823 1034.1734598863 3051.2284872047
824 3895.2170175216 3125
825 3777.4714434154 2979.4948951064
826 3600 2570
827 3798.1304637629 2095.5374397058
828 3600 2745
829 3650 3400
830 3476.4843342514 3069.4611990732
831 3491.2546288488 3242.0808115484
832 1507.3271251935 422.93882684391
833 2390 800
834 2689.7891058139 590.01004258029
835 3010 800
836 2545 800
837 2440 380
838 2855 687.21979289649
839 3037.9561559165 598.67574012006
840 3020.9436444351 444.61459224618
841 3165 800
842 3500 557.5
843 3315 1600
844 1637.7407329213 3067.5953465772
845 1535.8218313301 3185.5478875534
846 1765.968135675 2981.4826338635
847 1587.5253212034 2890
848 1920 2805
849 1721.805339706 2722.5
850 1779.12205582 2580.87794418
851 1593.042347312 2587.9780281849
852 625 600
853 712.5 737.5
854 646.85126582278 903.52848101266
855 320 840
856 275 600
857 240 3175
858 87.5 3375
859 240 3565
860 0 3750
861 1280 2880
862 997.43407333912 2742.6936595663
863 2600 3632.5
864 2706.0104140966 3571.25
865 2702.436842321 3693.75
866 4000 2250
867 4000 2750
868 3765 3307.1295691757
869 3631.6756523719 3259.6726824426
870 3603.3855908673 3124.3390820618
871 2235 659.6280814713
872 2174.8396075356 525.1536823353
873 2348.7358898953 528.05125860167
874 2523.839486698 533.83653501908
875 2467.5 672.23851730192
876 3165.7196124821 519.12605366823
877 3206.4854116646 659.66839260187
878 3411.9575831263 1460
879 92.65625 3125
880 94.947916666667 3625
881 170 4000
882 3794.4090898254 2309.5454689951
883 4000 2375
884 3866.8867842828 2437.5
885 3600 2395
886 3860.0800904783 2625
887 3826.0201604759 2803.9356229162
888 115.87478559177 3854.0051457976
889 1960 180
890 3190 3560
891 1060 3480
892 950 3576.6666666667
893 200 1740
894 317.40266413869 1810
895 647.86516853933 1166.2921348315
896 3113.9991054934 166.66905461371
897 2772.5 2560

[MESH_TRIANGLES]
0 23 603 20
1 537 159 597
2 18 180 19
3 671 19 203
4 671 585 603
5 197 34 156
6 137 201 221
7 242 277 194
8 16 651 22
9 16 22 597
10 597 21 537
11 394 204 393
12 758 714 24
13 421 304 366
14 493 122 476
15 500 592 163
16 677 624 621
17 476 122 443
18 195 235 218
19 156 34 37
20 193 191 162
21 35 853 854
22 622 620 618
23 25 504 572
24 558 33 624
25 123 519 558
26 895 715 30
27 30 728 36
28 793 855 856
29 646 677 82
30 787 853 17
31 20 603 166
32 787 27 853
33 597 29 757
34 880 164 859
35 17 785 787
36 393 220 394
37 895 854 26
38 758 24 183
39 597 22 21
40 98 748 746
41 743 147 745
42 664 666 94
43 191 193 169
44 18 197 180
45 746 832 98
46 159 794 29
47 365 138 309
48 36 895 30
49 538 169 539
50 796 795 167
51 484 552 582
52 40 192 41
53 245 262 130
54 301 303 292
55 262 299 296
56 553 86 484
57 244 133 225
58 252 253 278
59 304 310 366
60 236 399 181
61 484 86 483
62 472 525 177
63 311 473 409
64 359 376 370
65 17 853 852
66 14 607 205
67 148 553 582
68 19 180 203
69 279 174 140
70 157 442 561
71 74 522 560
72 655 682 126
73 888 880 77
74 118 565 182
75 521 89 629
76 126 652 127
77 92 652 691
78 656 643 501
79 560 75 74
80 603 585 166
81 257 212 256
82 24 794 183
83 769 554 727
84 155 402 213
85 858 857 797
86 860 888 0
87 653 77 76
88 699 630 609
89 547 541 189
90 129 128 654
91 142 395 202
92 34 197 18
93 803 801 800
94 801 630 800
95 801 803 76
96 808 128 127
97 658 42 687
98 655 126 129
99 227 249 257
100 656 810 807
101 202 396 142
102 89 521 90
103 661 742 288
104 78 821 740
105 482 62 479
106 494 156 37
107 482 495 502
108 48 199 345
109 321 254 64
110 495 482 469
111 112 186 162
112 795 796 165
113 398 187 397
114 482 551 62
115 502 551 482
116 570 84 83
117 258 214 247
118 678 645 649
119 821 78 654
120 277 224 251
121 568 110 113
122 241 260 261
123 3 2 799
124 706 708 184
125 760 716 109
126 419 179 395
127 110 568 645
128 678 650 782
129 568 113 546
130 79 109 610
131 766 762 718
132 111 811 578
133 669 670 649
134 849 851 850
135 607 692 684
136 252 152 198
137 240 258 259
138 25 447 504
139 245 226 262
140 471 524 563
141 115 673 529
142 139 360 354
143 375 383 370
144 666 871 94
145 663 333 562
146 236 219 399
147 765 762 100
148 640 379 136
149 525 529 177
150 264 200 263
151 766 834 101
152 441 209 237
153 233 268 216
154 286 287 140
155 266 228 246
156 162 191 112
157 255 285 65
158 285 255 279
159 176 215 264
160 360 380 373
161 285 372 65
162 382 584 66
163 602 116 559
164 573 56 513
165 614 172 517
166 587 136 135
167 544 119 543
168 647 115 640
169 551 642 62
170 153 134 230
171 408 406 449
172 467 465 464
173 657 178 121
174 83 622 581
175 363 491 135
176 491 569 580
177 375 351 383
178 182 543 118
179 718 762 765
180 719 178 96
181 218 403 195
182 706 703 708
183 580 550 730
184 583 103 557
185 456 449 404
186 101 100 762
187 760 79 845
188 56 573 626
189 790 601 600
190 510 175 408
191 199 406 353
192 49 328 342
193 175 353 408
194 486 516 557
195 720 120 721
196 415 410 411
197 102 577 557
198 413 346 410
199 125 441 237
200 720 721 722
201 522 508 507
202 267 215 176
203 443 163 476
204 725 768 724
205 587 135 57
206 759 889 99
207 555 616 67
208 508 188 125
209 330 137 221
210 106 70 107
211 850 70 106
212 667 545 44
213 79 760 109
214 68 732 806
215 70 567 667
216 44 43 107
217 549 190 21
218 687 7 680
219 719 96 95
220 213 396 448
221 643 807 92
222 826 885 884
223 695 6 701
224 686 712 784
225 400 401 208
226 515 481 387
227 186 112 578
228 819 675 108
229 79 610 80
230 152 267 198
231 680 689 658
232 578 5 186
233 38 681 39
234 39 681 752
235 332 234 217
236 55 816 752
237 133 239 225
238 689 680 695
239 538 539 145
240 269 141 268
241 546 161 568
242 68 616 731
243 23 651 146
244 660 824 168
245 771 599 772
246 455 51 50
247 729 771 772
248 378 377 374
249 374 364 445
250 829 831 869
251 541 547 185
252 378 462 53
253 741 825 824
254 401 207 122
255 378 53 377
256 889 759 143
257 816 55 54
258 779 7 705
259 752 816 39
260 10 9 817
261 318 141 254
262 890 10 38
263 697 681 38
264 632 633 41
265 660 192 40
266 734 735 150
267 638 734 635
268 216 200 233
269 260 223 232
270 735 11 890
271 548 549 20
272 217 234 330
273 270 271 249
274 882 827 866
275 420 179 206
276 890 150 735
277 280 242 194
278 331 332 230
279 32 139 248
280 402 235 195
281 266 229 265
282 181 204 236
283 209 219 237
284 403 238 220
285 283 289 362
286 138 222 240
287 211 273 241
288 272 280 231
289 281 275 244
290 275 281 243
291 274 130 273
292 248 246 228
293 214 276 247
294 246 248 139
295 271 232 223
296 276 250 229
297 252 198 253
298 224 243 251
299 278 253 140
300 320 323 384
301 141 64 254
302 227 257 256
303 255 174 279
304 212 231 256
305 258 247 259
306 240 259 138
307 260 232 261
308 241 261 211
309 147 744 745
310 313 291 293
311 176 264 263
312 200 216 263
313 228 266 265
314 229 250 265
315 141 269 64
316 215 267 152
317 268 233 269
318 249 227 270
319 232 271 270
320 273 211 274
321 231 212 272
322 130 274 245
323 422 416 426
324 243 224 275
325 250 276 214
326 194 277 251
327 140 174 278
328 284 306 286
329 242 280 272
330 97 524 663
331 244 225 281
332 359 370 352
333 354 360 361
334 32 360 139
335 306 287 286
336 289 361 362
337 285 287 306
338 140 287 279
339 285 279 287
340 357 369 477
341 339 313 336
342 372 430 438
343 285 306 372
344 262 296 295
345 262 226 299
346 298 294 295
347 295 130 262
348 298 293 294
349 294 130 295
350 295 296 298
351 297 301 300
352 296 292 298
353 301 292 299
354 296 299 292
355 301 302 303
356 293 298 313
357 299 300 301
358 170 302 297
359 299 226 300
360 301 297 302
361 322 326 325
362 292 303 308
363 318 254 323
364 298 292 308
365 431 423 428
366 310 314 320
367 474 367 355
368 463 496 438
369 312 317 303
370 312 303 302
371 308 336 298
372 421 309 304
373 138 365 222
374 324 326 312
375 314 318 320
376 355 315 409
377 313 298 336
378 303 317 308
379 312 326 335
380 369 335 389
381 314 141 318
382 315 355 319
383 324 302 170
384 337 312 335
385 308 317 336
386 318 323 320
387 320 366 310
388 196 365 417
389 64 319 321
390 254 356 323
391 355 321 319
392 381 322 316
393 302 324 312
394 356 254 321
395 384 366 320
396 324 325 326
397 388 381 316
398 324 170 325
399 340 368 291
400 49 342 151
401 345 327 341
402 234 332 331
403 412 486 358
404 217 330 221
405 230 134 331
406 349 239 133
407 347 352 350
408 391 451 31
409 322 381 326
410 340 313 339
411 317 337 336
412 337 338 339
413 312 337 317
414 337 335 338
415 338 369 357
416 291 313 340
417 337 339 336
418 340 339 338
419 357 340 338
420 340 357 368
421 239 349 210
422 327 328 341
423 328 327 342
424 343 410 346
425 48 345 341
426 352 383 349
427 415 411 486
428 49 151 348
429 210 349 383
430 352 349 350
431 349 133 350
432 370 383 352
433 344 359 347
434 352 347 359
435 513 450 510
436 47 46 588
437 372 306 418
438 409 315 311
439 356 355 367
440 321 355 356
441 409 474 355
442 369 338 335
443 447 477 369
444 414 49 413
445 415 413 410
446 282 371 344
447 375 31 351
448 423 361 373
449 505 478 489
450 360 32 380
451 436 438 430
452 423 427 362
453 363 444 468
454 465 134 153
455 196 222 365
456 490 378 445
457 323 367 384
458 417 365 309
459 506 429 172
460 323 356 367
461 389 335 326
462 357 290 368
463 290 357 477
464 376 344 371
465 344 376 359
466 471 392 385
467 390 391 375
468 380 426 424
469 284 283 418
470 361 423 362
471 418 306 284
472 370 386 375
473 445 378 374
474 386 390 375
475 385 376 371
476 370 376 386
477 53 52 377
478 534 526 536
479 605 509 595
480 360 373 361
481 481 137 387
482 361 289 354
483 388 316 307
484 326 381 389
485 438 496 372
486 485 65 496
487 351 210 383
488 384 487 429
489 417 506 196
490 471 371 282
491 392 563 598
492 376 385 386
493 390 386 385
494 379 515 387
495 481 515 525
496 504 388 307
497 388 447 389
498 381 388 389
499 388 504 447
500 390 392 391
501 31 375 391
502 392 390 385
503 424 373 380
504 371 471 385
505 598 505 392
506 220 238 394
507 204 181 393
508 179 419 206
509 213 448 155
510 420 398 397
511 187 208 397
512 207 401 400
513 219 209 399
514 208 187 400
515 235 402 155
516 199 48 406
517 238 403 218
518 353 406 408
519 511 510 456
520 406 48 407
521 449 406 407
522 456 510 408
523 473 311 305
524 474 409 492
525 329 411 343
526 410 343 411
527 411 516 486
528 533 530 490
529 413 415 414
530 413 348 346
531 49 348 413
532 486 412 415
533 412 414 415
534 425 421 366
535 418 283 362
536 425 429 417
537 425 366 384
538 418 427 433
539 398 420 206
540 395 142 419
541 309 421 417
542 428 373 424
543 380 32 422
544 418 362 427
545 422 426 380
546 334 475 458
547 425 384 429
548 417 421 425
549 451 416 31
550 416 451 426
551 423 373 428
552 418 430 372
553 432 428 452
554 432 434 428
555 487 384 367
556 517 429 487
557 431 427 423
558 453 463 438
559 424 452 428
560 427 431 433
561 475 432 458
562 433 430 418
563 434 431 428
564 434 433 431
565 434 437 436
566 433 434 436
567 437 434 432
568 430 433 436
569 437 440 436
570 452 458 432
571 436 440 438
572 438 440 453
573 485 496 520
574 439 435 440
575 475 440 437
576 475 437 432
577 453 440 435
578 125 188 441
579 522 507 124
580 508 125 507
581 122 207 443
582 657 96 178
583 364 455 445
584 455 446 490
585 378 490 462
586 595 527 532
587 25 661 477
588 369 389 447
589 396 202 448
590 407 404 449
591 511 513 510
592 456 408 449
593 513 56 450
594 424 426 489
595 458 497 334
596 457 424 489
597 334 439 475
598 485 520 382
599 453 459 463
600 153 464 465
601 51 455 364
602 446 534 533
603 405 512 404
604 512 405 589
605 489 426 451
606 458 457 497
607 457 452 424
608 457 458 452
609 460 466 444
610 453 435 459
611 464 461 467
612 527 531 532
613 593 519 592
614 459 117 463
615 584 382 520
616 460 134 465
617 460 465 466
618 466 465 467
619 444 466 468
620 550 461 454
621 466 467 468
622 550 569 461
623 363 468 491
624 333 524 514
625 479 469 482
626 480 552 484
627 471 514 524
628 201 137 481
629 627 642 590
630 499 591 498
631 492 409 473
632 474 492 591
633 440 475 439
634 37 593 494
635 123 493 519
636 25 477 447
637 288 290 477
638 391 392 505
639 451 391 505
640 62 61 479
641 472 201 481
642 483 480 484
643 495 469 60
644 502 88 551
645 86 85 483
646 552 480 470
647 582 553 484
648 372 496 65
649 411 329 516
650 490 445 455
651 474 487 367
652 517 487 87
653 488 511 512
654 523 488 512
655 446 455 50
656 478 457 489
657 528 446 50
658 467 461 569
659 569 468 467
660 473 498 492
661 474 591 487
662 501 495 60
663 519 493 476
664 500 494 593
665 495 501 502
666 496 463 520
667 590 473 305
668 457 478 497
669 487 591 87
670 498 88 499
671 498 591 492
672 592 500 593
673 728 558 593
674 612 810 809
675 629 503 521
676 629 628 643
677 88 502 89
678 307 149 504
679 629 89 628
680 572 149 554
681 478 505 114
682 451 505 489
683 508 522 561
684 429 506 417
685 188 508 442
686 450 175 510
687 462 531 53
688 512 511 456
689 488 513 511
690 404 512 456
691 589 523 512
692 488 555 513
693 513 555 573
694 587 641 136
695 471 282 514
696 529 525 515
697 59 574 556
698 557 574 583
699 86 553 615
700 172 429 517
701 97 673 598
702 102 576 577
703 463 117 520
704 618 621 33
705 602 575 584
706 502 501 628
707 522 124 560
708 508 561 442
709 731 616 523
710 523 616 555
711 664 663 562
712 471 563 392
713 481 525 472
714 529 515 115
715 576 564 534
716 518 608 530
717 50 358 528
718 462 490 530
719 577 358 486
720 114 598 673
721 673 97 606
722 534 446 528
723 490 446 533
724 530 608 462
725 532 531 462
726 527 595 509
727 577 576 528
728 536 530 533
729 518 530 535
730 534 536 533
731 535 530 536
732 526 535 536
733 145 189 538
734 21 190 537
735 185 113 541
736 169 193 539
737 118 729 565
738 119 544 205
739 675 811 739
740 543 182 544
741 113 185 546
742 107 70 667
743 189 145 547
744 190 549 548
745 20 166 548
746 96 657 775
747 776 657 121
748 498 590 88
749 590 498 473
750 570 470 84
751 552 470 570
752 614 553 148
753 87 615 517
754 523 555 488
755 173 26 769
756 555 67 573
757 574 516 556
758 516 329 556
759 103 102 557
760 163 592 476
761 30 33 558
762 124 662 781
763 668 559 116
764 781 560 124
765 522 74 561
766 561 74 879
767 664 94 663
768 333 663 524
769 524 97 563
770 598 114 505
771 564 526 534
772 576 534 528
773 70 69 567
774 842 154 770
775 542 811 675
776 670 4 3
777 568 669 645
778 580 569 550
779 491 468 569
780 622 619 620
781 570 83 581
782 67 668 573
783 582 570 581
784 149 572 504
785 587 57 626
786 574 59 583
787 557 516 574
788 102 564 576
789 520 602 584
790 358 577 528
791 577 486 557
792 111 578 112
793 5 578 566
794 161 669 568
795 161 579 669
796 454 96 775
797 790 580 730
798 171 571 581
799 581 571 582
800 582 552 570
801 582 571 148
802 722 58 720
803 725 144 827
804 602 520 117
805 66 584 575
806 57 56 626
807 585 671 749
808 607 684 119
809 613 676 116
810 589 46 523
811 405 588 589
812 46 589 588
813 627 63 642
814 88 590 551
815 499 87 591
816 519 476 592
817 728 593 37
818 519 593 558
819 628 501 643
820 91 503 594
821 608 532 462
822 595 596 605
823 605 596 105
824 595 532 608
825 159 29 597
826 29 713 757
827 563 97 598
828 115 114 673
829 770 154 95
830 764 838 835
831 135 774 57
832 774 491 580
833 790 600 774
834 730 550 454
835 116 602 117
836 559 575 602
837 146 750 751
838 751 671 603
839 813 105 683
840 205 607 119
841 814 509 605
842 177 529 606
843 14 604 607
844 684 692 674
845 518 596 608
846 595 608 596
847 108 631 109
848 81 630 78
849 610 109 631
850 632 611 633
851 861 73 808
852 656 809 810
853 643 594 629
854 379 640 515
855 86 615 87
856 614 517 615
857 614 615 553
858 731 523 46
859 68 67 616
860 649 891 617
861 640 136 641
862 620 621 618
863 620 82 621
864 622 618 171
865 82 620 619
866 621 82 677
867 33 621 624
868 581 622 171
869 619 622 83
870 677 646 685
871 792 781 662
872 123 558 624
873 623 754 755
874 624 677 894
875 668 626 573
876 676 613 641
877 89 502 628
878 590 305 627
879 81 799 800
880 594 503 629
881 693 655 129
882 675 631 108
883 648 739 778
884 13 733 611
885 41 192 632
886 637 41 633
887 636 634 777
888 733 13 636
889 633 611 733
890 638 635 637
891 733 638 633
892 638 637 633
893 635 734 150
894 115 515 640
895 893 894 625
896 626 641 587
897 641 613 647
898 60 656 501
899 642 551 590
900 594 643 92
901 669 649 645
902 80 610 648
903 617 678 649
904 610 631 648
905 685 646 639
906 641 647 640
907 739 648 631
908 3 799 892
909 617 650 678
910 783 644 756
911 645 678 110
912 126 682 652
913 22 651 23
914 807 652 92
915 804 76 802
916 78 630 654
917 73 822 823
918 75 560 655
919 654 630 699
920 807 862 652
921 717 740 822
922 878 843 776
923 730 775 776
924 824 660 868
925 658 687 680
926 697 38 10
927 755 791 623
928 477 661 288
929 691 652 682
930 97 663 94
931 562 132 664
932 664 132 666
933 748 132 131
934 748 666 132
935 746 748 131
936 545 667 567
937 44 107 667
938 559 668 67
939 668 116 676
940 669 579 670
941 4 670 579
942 3 649 670
943 671 203 749
944 23 751 603
945 529 673 606
946 814 813 54
947 820 819 108
948 698 674 692
949 542 566 811
950 641 626 676
951 668 676 626
952 648 783 80
953 624 893 123
954 699 609 679
955 655 693 75
956 701 702 695
957 7 6 680
958 865 817 690
959 705 687 694
960 560 682 655
961 682 560 781
962 868 829 869
963 672 812 815
964 753 685 639
965 692 607 604
966 754 625 685
967 756 782 783
968 782 110 678
969 705 7 687
970 680 6 695
971 702 43 695
972 817 697 10
973 695 43 689
974 864 659 681
975 781 691 682
976 92 691 93
977 604 586 692
978 698 692 586
979 654 693 129
980 679 75 693
981 687 42 694
982 542 675 819
983 107 43 696
984 702 701 688
985 696 43 702
986 817 8 690
987 659 864 863
988 706 586 703
989 704 674 698
990 679 693 699
991 654 699 693
992 820 688 701
993 681 659 700
994 688 696 702
995 694 55 705
996 586 706 698
997 706 704 698
998 55 752 779
999 160 686 710
1000 704 706 184
1001 160 712 686
1002 710 703 160
1003 709 184 708
1004 707 709 710
1005 708 703 710
1006 708 710 709
1007 784 711 721
1008 120 784 721
1009 686 707 710
1010 99 98 714
1011 785 16 757
1012 131 743 745
1013 822 789 717
1014 26 173 715
1015 760 844 846
1016 896 540 729
1017 729 540 565
1018 686 120 707
1019 95 154 719
1020 121 120 720
1021 725 724 723
1022 59 722 768
1023 723 724 711
1024 59 58 722
1025 711 724 721
1026 721 724 722
1027 723 144 725
1028 825 887 168
1029 768 725 583
1030 554 149 727
1031 848 716 846
1032 36 728 37
1033 558 728 30
1034 896 718 765
1035 57 774 600
1036 46 45 731
1037 732 731 897
1038 731 732 68
1039 733 636 777
1040 777 734 638
1041 738 736 735
1042 734 777 738
1043 738 735 734
1044 12 11 736
1045 736 11 735
1046 738 737 736
1047 737 12 736
1048 634 737 738
1049 675 739 631
1050 648 778 644
1051 821 823 822
1052 654 128 821
1053 831 672 683
1054 831 683 830
1055 742 661 743
1056 147 743 661
1057 131 742 743
1058 24 714 744
1059 665 872 747
1060 744 714 832
1061 131 745 746
1062 745 744 832
1063 98 747 748
1064 665 837 873
1065 666 748 747
1066 203 15 749
1067 585 749 15
1068 751 23 146
1069 19 671 750
1070 671 751 750
1071 681 700 752
1072 779 752 700
1073 780 93 753
1074 792 691 781
1075 754 685 755
1076 755 753 791
1077 685 753 755
1078 16 597 757
1079 785 757 713
1080 759 758 183
1081 99 714 758
1082 758 759 99
1083 763 158 765
1084 72 788 847
1085 100 763 765
1086 72 845 789
1087 79 761 845
1088 717 789 761
1089 100 165 763
1090 101 762 766
1091 896 765 158
1092 729 772 773
1093 834 838 764
1094 104 828 887
1095 725 827 583
1096 59 768 583
1097 724 768 722
1098 839 841 835
1099 173 769 727
1100 718 773 840
1101 599 770 772
1102 729 118 771
1103 773 718 896
1104 772 770 773
1105 877 95 841
1106 135 491 774
1107 776 775 657
1108 454 775 730
1109 121 720 878
1110 790 776 601
1111 738 777 634
1112 733 777 638
1113 7 779 700
1114 739 111 778
1115 55 779 705
1116 80 782 650
1117 753 639 780
1118 791 792 662
1119 110 782 756
1120 80 783 782
1121 648 644 783
1122 686 784 120
1123 711 784 712
1124 787 28 27
1125 16 785 17
1126 785 786 787
1127 785 713 786
1128 28 787 786
1129 726 850 851
1130 846 716 760
1131 845 72 844
1132 73 72 789
1133 580 790 774
1134 776 790 730
1135 93 791 753
1136 662 623 791
1137 791 93 792
1138 691 792 93
1139 29 794 24
1140 856 34 18
1141 165 100 795
1142 798 879 858
1143 167 143 796
1144 879 74 857
1145 800 799 2
1146 892 799 81
1147 2 802 803
1148 81 800 630
1149 803 802 76
1150 630 801 609
1151 2 1 802
1152 76 804 653
1153 800 2 803
1154 806 44 805
1155 802 1 804
1156 44 545 805
1157 68 806 805
1158 862 807 810
1159 612 808 810
1160 656 807 643
1161 656 60 809
1162 862 808 127
1163 578 811 566
1164 739 811 111
1165 105 813 605
1166 815 54 813
1167 815 813 683
1168 672 815 683
1169 813 814 605
1170 816 812 39
1171 54 815 816
1172 812 816 815
1173 8 817 9
1174 701 818 819
1175 701 6 818
1176 542 819 818
1177 823 128 808
1178 819 820 701
1179 822 73 789
1180 740 821 822
1181 128 823 821
1182 73 823 808
1183 868 660 40
1184 741 870 825
1185 885 103 882
1186 168 824 825
1187 103 583 827
1188 827 882 103
1189 767 886 884
1190 887 828 886
1191 683 105 830
1192 831 870 869
1193 105 104 830
1194 104 825 870
1195 98 832 714
1196 829 672 831
1197 745 832 746
1198 871 872 873
1199 833 875 836
1200 875 873 874
1201 871 833 94
1202 838 839 835
1203 834 764 836
1204 874 101 834
1205 834 766 838
1206 839 838 766
1207 766 840 839
1208 770 876 773
1209 718 840 766
1210 876 840 773
1211 878 720 58
1212 839 876 877
1213 770 599 842
1214 601 776 843
1215 72 847 844
1216 845 844 760
1217 761 789 845
1218 848 846 849
1219 848 849 106
1220 846 844 847
1221 847 788 849
1222 849 846 847
1223 71 726 851
1224 70 850 726
1225 106 849 850
1226 849 788 851
1227 788 71 851
1228 854 853 27
1229 35 793 852
1230 35 852 853
1231 26 854 27
1232 36 35 854
1233 859 858 797
1234 793 35 855
1235 34 856 855
1236 157 879 798
1237 164 798 858
1238 862 127 652
1239 858 859 164
1240 77 653 881
1241 808 612 861
1242 810 808 862
1243 681 697 864
1244 865 863 864
1245 865 864 697
1246 817 865 697
1247 690 863 865
1248 826 886 828
1249 827 144 866
1250 824 868 741
1251 40 829 868
1252 870 831 830
1253 741 868 869
1254 104 870 830
1255 741 869 870
1256 872 871 666
1257 873 872 665
1258 747 872 666
1259 873 837 874
1260 101 874 837
1261 871 873 875
1262 875 834 836
1263 875 833 871
1264 834 875 874
1265 877 876 770
1266 840 876 839
1267 95 877 770
1268 839 877 841
1269 843 878 58
1270 776 121 878
1271 879 157 561
1272 858 879 857
1273 77 880 859
1274 860 164 880
1275 767 884 883
1276 888 860 880
1277 883 884 882
1278 886 867 887
1279 882 866 883
1280 886 767 867
1281 826 884 886
1282 884 885 882
1283 168 887 867
1284 887 825 104
1285 77 881 888
1286 0 888 881
1287 143 167 889
1288 10 890 11
1289 81 891 892
1290 892 649 3
1291 649 892 891
1292 677 685 894
1293 893 624 894
1294 685 625 894
1295 854 895 36
1296 26 715 895
1297 540 896 158
1298 773 896 729
1299 731 45 897

[MESH_BOUNDARY_NODES]
142 15 0
143 14 15
144 13 14
145 4 5
146 19 16
147 25 24
148 33 32
149 31 30
150 41 38
151 59 56
152 64 65
153 97 96
154 121 118
155 125 122
156 15 0
157 15 0
158 14 15
159 14 15
160 13 14
161 4 5
162 4 5
163 15 0
164 15 0
165 14 15
166 14 15
167 99 100
168 13 14
169 113 112
170 31 30
171 33 32
172 33 32
173 31 30
174 64 65
175 59 56
176 140 141
177 97 96
178 121 118
179 125 122
180 15 0
181 15 0
182 14 15
183 14 15
184 119 120
185 4 5
186 4 5
187 15 0
188 15 0
189 113 112
190 14 15
191 113 112
192 13 14
193 4 5
194 31 30
195 15 0
196 33 32
197 15 0
198 140 141
199 59 56
200 64 65
201 97 96
202 125 122
203 15 0
204 125 122
205 14 15
206 15 0
207 15 0
208 125 122
209 15 0
210 31 30
211 31 30
212 133 130
213 15 0
214 33 32
215 64 65
216 140 141
217 97 96
218 125 122
219 125 122
220 15 0
221 97 96
222 33 32
223 133 130
224 133 130
225 31 30
226 31 30
227 31 30
228 33 32
229 138 139
230 97 96
231 31 30
232 31 30
233 64 65
234 137 134
235 125 122
236 125 122
237 125 122
238 125 122
239 31 30
240 33 32
241 133 130
242 133 130
243 31 30
244 133 130
245 31 30
246 138 139
247 138 139
248 33 32
249 133 130
250 33 32
251 31 30
252 64 65
253 140 141
255 64 65
256 31 30
257 133 130
258 33 32
259 138 139
260 133 130
261 31 30
263 140 141
264 64 65
265 33 32
266 138 139
267 140 141
268 140 141
269 64 65
270 31 30
271 133 130
272 133 130
273 133 130
274 31 30
275 133 130
276 138 139
277 133 130
278 64 65
280 31 30
281 31 30
282 132 133
283 139 140
284 139 140
286 139 140
288 130 131
289 139 140
290 130 131
291 130 131
293 130 131
294 130 131
297 31 30
300 31 30
304 141 138
305 63 64
307 31 30
309 141 138
310 141 138
311 63 64
314 141 138
315 63 64
316 31 30
319 63 64
322 31 30
325 31 30
327 59 56
328 48 49
329 59 56
330 137 134
331 137 134
332 97 96
333 132 133
334 117 114
341 48 49
342 59 56
343 59 56
344 132 133
345 59 56
346 59 56
347 132 133
348 59 56
350 132 133
351 31 30
353 59 56
354 139 140
358 49 50
363 134 135
364 51 52
368 130 131
374 51 52
377 51 52
379 136 137
382 65 66
387 136 137
393 15 0
394 125 122
395 125 122
396 15 0
397 125 122
398 15 0
399 15 0
400 15 0
401 125 122
402 15 0
403 15 0
404 47 48
405 47 48
407 47 48
412 49 50
414 49 50
416 32 31
419 15 0
420 125 122
422 32 31
435 117 114
439 117 114
441 15 0
442 15 0
443 15 0
444 134 135
448 125 122
450 59 56
454 97 96
459 117 114
460 134 135
461 97 96
464 97 96
469 60 61
470 84 85
472 97 96
478 117 114
479 60 61
480 84 85
483 84 85
485 65 66
493 122 123
494 15 0
497 117 114
499 87 88
500 15 0
503 90 91
506 33 32
507 124 125
509 53 54
514 132 133
518 105 102
521 90 91
526 105 102
527 53 54
531 53 54
535 105 102
537 14 15
538 113 112
539 4 5
540 14 15
541 113 112
542 5 6
543 118 119
544 14 15
545 68 69
546 4 5
547 4 5
548 14 15
549 21 20
554 26 25
556 59 56
559 66 67
562 132 133
564 105 102
565 14 15
566 5 6
567 68 69
571 33 32
572 26 25
575 66 67
579 4 5
585 14 15
586 13 14
588 47 48
594 91 92
596 105 102
599 121 118
600 57 58
601 57 58
604 13 14
606 97 96
609 75 76
611 13 14
612 73 60
613 115 116
614 33 32
617 81 80
618 33 32
619 82 83
623 123 124
625 123 124
627 63 64
632 13 14
634 12 13
635 41 38
636 12 13
637 41 38
639 93 82
642 62 63
644 111 110
646 93 82
647 115 116
650 81 80
651 19 16
653 0 1
658 42 43
659 7 8
660 13 14
661 25 24
662 123 124
665 101 98
672 39 40
674 119 120
679 75 76
684 119 120
688 107 108
689 42 43
690 7 8
694 55 42
696 107 108
700 7 8
703 13 14
704 119 120
707 119 120
709 119 120
711 13 14
712 13 14
713 29 28
715 31 30
716 109 106
717 79 78
719 121 118
723 13 14
726 70 71
727 31 30
732 44 45
737 12 13
740 79 78
742 130 131
744 25 24
747 101 98
750 19 16
754 123 124
756 111 110
759 14 15
761 79 78
763 14 15
764 95 94
767 13 14
769 26 25
771 121 118
778 111 110
780 93 82
786 29 28
788 71 72
793 17 18
794 14 15
795 99 100
796 14 15
797 77 74
798 15 0
801 75 76
804 0 1
805 68 69
806 44 45
809 73 60
812 39 40
814 53 54
818 5 6
820 107 108
826 103 104
828 103 104
829 39 40
833 95 94
835 95 94
836 95 94
837 101 98
841 95 94
842 121 118
843 57 58
848 109 106
852 17 18
855 35 34
856 17 18
857 77 74
859 77 74
860 15 0
861 73 60
863 7 8
866 13 14
867 13 14
881 0 1
883 13 14
885 103 104
889 99 100
890 41 38
891 81 80
893 123 124
897 44 45


[TRIMESH_CONVEX_REGION]
REGION_LABEL 0
815
104
887
867
168
660
40
829
672


[TRIMESH_CONVEX_REGION]
REGION_LABEL 1
239
133
350
347
344
282
514
333
562
132
666
94
97
505
31
351
210


[TRIMESH_CONVEX_REGION]
REGION_LABEL 2
480
470
83
618
171
571
148
614
615
86


[TRIMESH_CONVEX_REGION]
REGION_LABEL 3
704
706
703
160
712
711
721
120
707
709
184


[TRIMESH_CONVEX_REGION]
REGION_LABEL 4
115
640
136
57
56
555
67
116
613
647


[TRIMESH_CONVEX_REGION]
REGION_LABEL 5
17
27
26
715
30
36
35
852


[TRIMESH_CONVEX_REGION]
REGION_LABEL 6
566
111
778
644
80
79
109
108
542


[TRIMESH_CONVEX_REGION]
REGION_LABEL 7
744
832
746
131
742
288
290
368
291
293
294
130
245
226
300
170
322
316
307
25
661
147


[TRIMESH_CONVEX_REGION]
REGION_LABEL 8
643
501
60
809
612
861
73
822
821
128
127
807


[TRIMESH_CONVEX_REGION]
REGION_LABEL 9
478
497
334
439
435
459
117
496
65
287
286
284
283
289
354
139
32
489


[TRIMESH_CONVEX_REGION]
REGION_LABEL 10
693
75
124
662
93
92
652
126


[TRIMESH_CONVEX_REGION]
REGION_LABEL 11
150
635
637
41
632
611
13
636
634
737
12
11


[TRIMESH_CONVEX_REGION]
REGION_LABEL 12
526
518
596
53
377
374
364
51
50
534


[TRIMESH_CONVEX_REGION]
REGION_LABEL 13
379
115
114
385
371
282
514
333
97
606
177
472
201
137
387


[TRIMESH_CONVEX_REGION]
REGION_LABEL 14
896
770
95
841
835
764
836
833
874
101
762


[TRIMESH_CONVEX_REGION]
REGION_LABEL 15
827
59
58
720
120
686
712
711
723
144


[TRIMESH_CONVEX_REGION]
REGION_LABEL 16
546
161
579
4
3
892
891
617
678
110
113


[TRIMESH_CONVEX_REGION]
REGION_LABEL 17
516
102
564
526
535
518
596
595
50
358
412
414
49
151
348
346
343
329


[TRIMESH_CONVEX_REGION]
REGION_LABEL 18
741
868
829
672
812
39
752
55
54


[TRIMESH_CONVEX_REGION]
REGION_LABEL 19
290
368
291
293
294
130
245
226
300
297
170
325
322
316
307
149
727
173
715
895
26
769
554
572
25


[TRIMESH_CONVEX_REGION]
REGION_LABEL 20
199
48
407
404
405
588
47
46
616
67
668
56
450
353


[TRIMESH_CONVEX_REGION]
REGION_LABEL 21
838
101
100
158
540
565
182
118
771
599
842
154
95
841
835


[TRIMESH_CONVEX_REGION]
REGION_LABEL 22
566
111
778
644
756
782
80
109
108
542


[TRIMESH_CONVEX_REGION]
REGION_LABEL 23
129
75
74
442
188
125
507
124
682
126


[TRIMESH_CONVEX_REGION]
REGION_LABEL 24
709
184
674
684
119
205
14
604
586
703
710


[TRIMESH_CONVEX_REGION]
REGION_LABEL 25
187
397
420
179
395
202
448
155
235
218
238
394
204
236
219
237
125
188
441
209
399
181
393
220
403
195
402
213
396
142
419
206
398


[TRIMESH_CONVEX_REGION]
REGION_LABEL 26
843
601
600
57
135
363
444
460
134
153
464
461
454
96
178
121
878


[TRIMESH_CONVEX_REGION]
REGION_LABEL 27
598
114
478
497
334
439
435
453
65
255
174
140
286
284
283
289
354
32
451


[TRIMESH_CONVEX_REGION]
REGION_LABEL 28
494
37
36
895
30
558
123
493
122
443
163
500


[TRIMESH_CONVEX_REGION]
REGION_LABEL 29
255
174
278
252
152
215
264
200
233
269
64
254
141
268
216
263
176
267
198
253
140
279


[TRIMESH_CONVEX_REGION]
REGION_LABEL 30
662
623
754
625
893
123
558
33
82
646
639
93
792


[TRIMESH_CONVEX_REGION]
REGION_LABEL 31
91
503
521
89
62
61
479
469
60
92
594


[TRIMESH_CONVEX_REGION]
REGION_LABEL 32
239
225
281
243
251
194
280
231
256
227
270
232
261
211
274
245
226
262
130
273
241
260
223
271
249
257
212
272
242
277
224
275
244
133


[TRIMESH_CONVEX_REGION]
REGION_LABEL 33
147
744
98
747
665
873
871
132
131


[TRIMESH_CONVEX_REGION]
REGION_LABEL 34
661
147
744
24
183
759
99
131


[TRIMESH_CONVEX_REGION]
REGION_LABEL 35
305
87
615
614
172
506
196
222
138
309
304
310
314
141
64
319
315
311


[TRIMESH_CONVEX_REGION]
REGION_LABEL 36
614
86
483
480
470
84
83
171
571
148


[TRIMESH_CONVEX_REGION]
REGION_LABEL 37
190
537
159
794
183
759
99
24
29
597
21


[TRIMESH_CONVEX_REGION]
REGION_LABEL 38
36
35
17
785
787
27


[TRIMESH_CONVEX_REGION]
REGION_LABEL 39
109
79
761
72
788
71
726
106
848
716


[TRIMESH_CONVEX_REGION]
REGION_LABEL 40
151
348
346
343
329
556
59
725
144
103
102
358
412
414
49


[TRIMESH_CONVEX_REGION]
REGION_LABEL 41
15
585
166
20
23
146
750
19
203


[TRIMESH_CONVEX_REGION]
REGION_LABEL 42
161
568
113
541
189
538
169
191
112
186
162
193
539
145
547
185
546


[TRIMESH_CONVEX_REGION]
REGION_LABEL 43
109
79
761
717
789
72
847
849
106
848
716


[TRIMESH_CONVEX_REGION]
REGION_LABEL 44
705
55
39
38
10
8
690
863
659
700
7


[TRIMESH_CONVEX_REGION]
REGION_LABEL 45
153
134
331
234
330
137
201
221
217
332
230


[TRIMESH_CONVEX_REGION]
REGION_LABEL 46
667
44
43
819
675
108
820
688
696
107


[TRIMESH_CONVEX_REGION]
REGION_LABEL 47
805
44
107
106
70
567
545


[TRIMESH_CONVEX_REGION]
REGION_LABEL 48
705
55
39
38
10
9
8
690
863
659
700


[TRIMESH_CONVEX_REGION]
REGION_LABEL 49
46
45
897
732
806
68
616
523


[TRIMESH_CONVEX_REGION]
REGION_LABEL 50
640
136
56
488
67
559
116


[TRIMESH_CONVEX_REGION]
REGION_LABEL 51
131
661
147
744
24
183
99
98


[TRIMESH_CONVEX_REGION]
REGION_LABEL 52
108
820
688
696
43
689
658
680
6
819


[TRIMESH_CONVEX_REGION]
REGION_LABEL 53
862
92
594
91
503
521
90
89
501
810


[TRIMESH_CONVEX_REGION]
REGION_LABEL 54
537
159
29
713
786
28
27
17
16


[TRIMESH_CONVEX_REGION]
REGION_LABEL 55
616
67
668
56
450
175
353
199
345
48
523


[TRIMESH_CONVEX_REGION]
REGION_LABEL 56
76
801
609
679
75
655
129
654
78
81
799
2


[TRIMESH_CONVEX_REGION]
REGION_LABEL 57
6
818
542
566
578
111
739
108
820
688
702
695


[TRIMESH_CONVEX_REGION]
REGION_LABEL 58
40
829
672
812
54
814
605
105
104
168
660


[TRIMESH_CONVEX_REGION]
REGION_LABEL 59
456
512
67
559
575
66
382
520
117
116
510


[TRIMESH_CONVEX_REGION]
REGION_LABEL 60
615
83
619
82
624
33
618
171
571
148
614


[TRIMESH_CONVEX_REGION]
REGION_LABEL 61
165
795
167
889
99
758
183
759
143
796


[TRIMESH_CONVEX_REGION]
REGION_LABEL 62
63
642
62
495
643
594
629
89
88
305
627


[TRIMESH_CONVEX_REGION]
REGION_LABEL 63
628
60
809
612
861
73
127
691
92


[TRIMESH_CONVEX_REGION]
REGION_LABEL 64
683
54
814
509
527
531
53
445
455
50
528
102
564
526
535
518
596
105


[TRIMESH_CONVEX_REGION]
REGION_LABEL 65
537
21
549
20
166
548
190


[TRIMESH_CONVEX_REGION]
REGION_LABEL 66
880
164
798
157
442
188
125
507
124
74
857
859


[TRIMESH_CONVEX_REGION]
REGION_LABEL 67
688
696
43
689
658
42
694
7
6


[TRIMESH_CONVEX_REGION]
REGION_LABEL 68
647
136
135
57
56
555
67
116
613


[TRIMESH_CONVEX_REGION]
REGION_LABEL 69
836
833
94
664
132
98
747
665
837
101
834


[TRIMESH_CONVEX_REGION]
REGION_LABEL 70
563
598
114
478
334
439
435
117
602
575
66
382
485
65
392


[TRIMESH_CONVEX_REGION]
REGION_LABEL 71
222
240
258
214
250
265
228
248
32
139
246
266
229
276
247
259
138


[TRIMESH_CONVEX_REGION]
REGION_LABEL 72
164
77
653
881
0
860


[TRIMESH_CONVEX_REGION]
REGION_LABEL 73
891
617
650
80
648
778
644
756
110
645
649


[TRIMESH_CONVEX_REGION]
REGION_LABEL 74
828
826
885
103
583
725
144
866
883
767
867
887


[TRIMESH_CONVEX_REGION]
REGION_LABEL 75
18
34
37
519
443
163
500
494
156
197


[TRIMESH_CONVEX_REGION]
REGION_LABEL 76
79
845
72
788
71
726
70
106
760


[TRIMESH_CONVEX_REGION]
REGION_LABEL 77
787
35
855
34
197
18
856
793
852
17


[TRIMESH_CONVEX_REGION]
REGION_LABEL 78
650
678
649
3
2
803
800
81
891
617


[TRIMESH_CONVEX_REGION]
REGION_LABEL 79
611
633
41
40
660
192
632


[TRIMESH_CONVEX_REGION]
REGION_LABEL 80
199
345
327
342
151
348
49
328
341
48


[TRIMESH_CONVEX_REGION]
REGION_LABEL 81
121
657
96
95
154
719
178


[TRIMESH_CONVEX_REGION]
REGION_LABEL 82
717
740
78
699
679
693
129
128
73
789


[TRIMESH_CONVEX_REGION]
REGION_LABEL 83
0
888
77
76
802
1
804
653
881


[TRIMESH_CONVEX_REGION]
REGION_LABEL 84
203
19
18
197
180


[TRIMESH_CONVEX_REGION]
REGION_LABEL 85
319
87
86
552
83
171
571
148
614
172
506
196
222
309
310
314
141
64


[TRIMESH_CONVEX_REGION]
REGION_LABEL 86
534
526
535
530
53
52
377
374
364
51
50


[TRIMESH_CONVEX_REGION]
REGION_LABEL 87
285
306
32
422
416
31
563
97
114
478
497
334
439
435
459
117
602
520
65


[TRIMESH_CONVEX_REGION]
REGION_LABEL 88
41
632
611
13
636
634
737
736
11
890
150
635
637


[TRIMESH_CONVEX_REGION]
REGION_LABEL 89
205
119
543
118
565
182
544


[TRIMESH_CONVEX_REGION]
REGION_LABEL 90
863
659
700
7
658
42
694
55
697
865


[TRIMESH_CONVEX_REGION]
REGION_LABEL 91
6
818
542
566
5
186
112
111
701


[TRIMESH_CONVEX_REGION]
REGION_LABEL 92
136
115
97
606
177
472
201
137
387
379


[TRIMESH_CONVEX_REGION]
REGION_LABEL 93
760
79
761
717
740
78
823
73
72
844


[TRIMESH_CONVEX_REGION]
REGION_LABEL 94
144
768
58
776
121
120
784
711
723


[TRIMESH_CONVEX_REGION]
REGION_LABEL 95
587
135
461
454
121
720
58
843
601
600
57


[TRIMESH_CONVEX_REGION]
REGION_LABEL 96
750
751
23
22
16
651
146


[TRIMESH_CONVEX_REGION]
REGION_LABEL 97
399
181
393
220
403
195
402
213
396
142
419
206
398
187
400
207
443
122
401
208
397
420
179
395
202
448
155
235
218
238
394
204
236


[TRIMESH_CONVEX_REGION]
REGION_LABEL 98
693
630
800
2
1
804
76
801
609
679


[TRIMESH_CONVEX_REGION]
REGION_LABEL 99
171
571
148
86
85
483
480
470
84
83


[TRIMESH_CONVEX_REGION]
REGION_LABEL 100
545
44
43
107
70
69
567


[TRIMESH_CONVEX_REGION]
REGION_LABEL 101
637
638
11
10
697
38
890
150
635


[TRIMESH_CONVEX_REGION]
REGION_LABEL 102
122
443
163
500
494
37
36
30
33
624
123
493


[TRIMESH_CONVEX_REGION]
REGION_LABEL 103
222
138
309
304
141
64
319
315
311
305
627
63
642
62
88
499
87
172
506
196


[TRIMESH_CONVEX_REGION]
REGION_LABEL 104
857
797
859
77
881
0
860
164
798
879


[TRIMESH_CONVEX_REGION]
REGION_LABEL 105
28
787
16
22
21
537
159
29
713
786


[TRIMESH_CONVEX_REGION]
REGION_LABEL 106
842
95
841
835
834
101
100
763
158
540
565
118
771
599


[TRIMESH_CONVEX_REGION]
REGION_LABEL 107
69
567
545
805
68
732
806
44
667
70


[TRIMESH_CONVEX_REGION]
REGION_LABEL 108
660
868
869
870
104
828
826
885
882
883
767
867
168


[TRIMESH_CONVEX_REGION]
REGION_LABEL 109
199
48
407
404
405
46
897
732
68
67
573
56
450
175


[TRIMESH_CONVEX_REGION]
REGION_LABEL 110
896
100
795
167
796
165
763
158


[TRIMESH_CONVEX_REGION]
REGION_LABEL 111
781
92
643
501
60
809
612
127
126


[TRIMESH_CONVEX_REGION_TRIANGLES]
REGION_LABEL 0
1183
924
1251
962
1253
1250
244
1255
250
1186
253
1184
1196
1028
1053
1054
1194
1284
1252
1192
1283
1168
1254


[TRIMESH_CONVEX_REGION_TRIANGLES]
REGION_LABEL 1
930
330
768
145
769
767
711
140
712
42
932
931
627
466
502
695
493
504
500
624
492
490
446
467
464
474
475
638
476
64
472
501
447
177
465
143
487
332
434
432
426
407
429
430
431
433
421
406


[TRIMESH_CONVEX_REGION_TRIANGLES]
REGION_LABEL 2
801
67
799
783
752
798
868
800
781
51
174
751
647
864
857
699
56
626
646


[TRIMESH_CONVEX_REGION_TRIANGLES]
REGION_LABEL 3
1001
999
1009
224
1122
1002
1004
1006
1008
1123
1003
1005
1007
182
124
1018
1000


[TRIMESH_CONVEX_REGION_TRIANGLES]
REGION_LABEL 4
875
782
951
950
896
939
876
188
806
785
756
809
694
861
897
906
168


[TRIMESH_CONVEX_REGION_TRIANGLES]
REGION_LABEL 5
1228
1231
37
1296
26
48
21
1230
1295
1232
65


[TRIMESH_CONVEX_REGION_TRIANGLES]
REGION_LABEL 6
907
883
1049
904
849
847
902
1114
1050
1164
130
882
229
739
775
949


[TRIMESH_CONVEX_REGION_TRIANGLES]
REGION_LABEL 7
416
310
356
348
399
377
346
350
420
419
352
344
462
371
418
385
354
55
345
347
349
378
463
362
53
364
369
415
413
442
359
411
341
139
340
410
370
355
414
417
443
412
353
637
380
54
461
384
928
587
636
588
379
103
484
393
357
374
497
383
498
358
409
397
392
396
398
483
361
360
351
1055
1056
41
1057
1012
1061
1197
309
1062


[TRIMESH_CONVEX_REGION_TRIANGLES]
REGION_LABEL 8
851
1241
1159
674
1182
852
1161
1177
898
96
1181
1051
100
78
917
1160
1158
1242
1162


[TRIMESH_CONVEX_REGION_TRIANGLES]
REGION_LABEL 9
557
452
544
365
535
560
538
469
470
448
551
564
471
563
554
567
328
285
562
480
335
552
437
553
336
343
559
342
576
575
633
482
570
542
574
333
607
561
577
451
337
597
485
648
142
610
546
566
565
568
608
569
595
571
606
161
572
368
558
596
599
503
614
334
656
668
450
160


[TRIMESH_CONVEX_REGION_TRIANGLES]
REGION_LABEL 10
975
1074
1138
976
961
764
960
762
77
871
918
929
72
955
912


[TRIMESH_CONVEX_REGION_TRIANGLES]
REGION_LABEL 11
888
1039
1112
887
1111
1048
1046
1040
884
891
1042
892
889
850
267
1047
890
886
1044
1043
1041
266
1045
893
264


[TRIMESH_CONVEX_REGION_TRIANGLES]
REGION_LABEL 12
456
585
650
583
601
249
473
248
246
718
584
723
602
528
655
724
716
845
252
730
478
729
255
728
731
732


[TRIMESH_CONVEX_REGION_TRIANGLES]
REGION_LABEL 13
701
827
491
720
828
721
769
945
141
140
714
712
627
695
624
466
490
842
504
149
696
495
713
226
62
641
628
481
494


[TRIMESH_CONVEX_REGION_TRIANGLES]
REGION_LABEL 14
1093
830
1202
1205
1206
1207
1209
1203
1098
1266
131
1268
1090
151
1262
1204
1105
1100
1210
1199
1267
1264
1208
1265
1103
1212


[TRIMESH_CONVEX_REGION_TRIANGLES]
REGION_LABEL 15
802
1024
200
1022
1026
1097
1025
204
1023
1021
1007
1008
1123
1096
195
1122
224
1027
1029
803
1095


[TRIMESH_CONVEX_REGION_TRIANGLES]
REGION_LABEL 16
776
941
942
940
133
901
795
1290
118
1291
777
860
911
903
794
127
121
241
129


[TRIMESH_CONVEX_REGION_TRIANGLES]
REGION_LABEL 17
727
772
702
722
715
788
657
602
717
730
771
728
790
719
528
478
731
732
723
403
729
716
724
845
532
718
533
846
529
824
821
444
531
427
445
428
530
196
526
525
198
649
527
424


[TRIMESH_CONVEX_REGION_TRIANGLES]
REGION_LABEL 18
1172
1170
963
1168
1053
1171
1196
259
257
236
250
962
1253


[TRIMESH_CONVEX_REGION_TRIANGLES]
REGION_LABEL 19
784
23
680
1030
678
496
499
83
138
483
1099
497
397
498
392
409
361
396
398
588
484
380
755
442
461
1014
383
414
379
374
393
358
1296
412
418
384
419
415
410
417
360
355
370
413
369
411
378
54
351
353
385
341
362
357
354
352
364
350
377
371
55
356
346
349
348
344
416
347
359
310
53
139
420
345
399
462


[TRIMESH_CONVEX_REGION_TRIANGLES]
REGION_LABEL 20
692
754
689
654
653
710
688
690
207
691
693
756
782
810
603
812
811
604
591
185
592
522
171
519
436
518
521
590
435
164
686
593
190
520
516
191
193


[TRIMESH_CONVEX_REGION_TRIANGLES]
REGION_LABEL 21
737
74
1102
1017
1016
1297
247
1092
1104
245
1091
1101
1208
1210
1213
1265
1267
1100
1212
774
1034
1103
1105
179
1298
829
147
1268
1266
131
1090
186
1209
1207
1098
1202
1206


[TRIMESH_CONVEX_REGION_TRIANGLES]
REGION_LABEL 22
952
902
904
849
847
1121
907
1049
882
1120
1050
883
967
739
910
1164
1114
775
949


[TRIMESH_CONVEX_REGION_TRIANGLES]
REGION_LABEL 23
580
208
201
579
707
71
685
683
79
765
708
918
960
72
98


[TRIMESH_CONVEX_REGION_TRIANGLES]
REGION_LABEL 24
978
977
996
965
135
808
843
988
844
840
182
1005
948
124
1000
1006
989
66
997
1003


[TRIMESH_CONVEX_REGION_TRIANGLES]
REGION_LABEL 25
199
578
152
283
513
146
60
282
507
11
36
506
284
517
181
18
280
515
84
509
220
589
101
91
540
126
508
275
539
510
113


[TRIMESH_CONVEX_REGION_TRIANGLES]
REGION_LABEL 26
658
622
611
778
659
183
176
779
623
620
832
172
834
621
453
1133
797
618
833
1108
619
175
600
609
1106
454
1134
616
923
1110
796
189
1107
746
831
617
1035
582
747
173
1270
1214
922


[TRIMESH_CONVEX_REGION_TRIANGLES]
REGION_LABEL 27
154
338
339
158
69
337
157
343
335
161
303
328
437
471
552
469
562
568
342
451
535
538
560
544
557
365
566
571
565
567
285
564
576
452
575
569
563
470
448
554
633
551
480
336
572
597
542
574
546
561
570
595
608
503
606
559
160
450
553
668
577
656
596
468
594
482
333
449
605
682
607
681
770


[TRIMESH_CONVEX_REGION_TRIANGLES]
REGION_LABEL 28
663
635
14
816
25
818
613
17
203
673
760
1033
672
15
27
48
817
1032
664
634


[TRIMESH_CONVEX_REGION_TRIANGLES]
REGION_LABEL 29
150
312
311
268
153
317
159
202
240
316
315
301
230
136
297
58
299
327
69
303


[TRIMESH_CONVEX_REGION_TRIANGLES]
REGION_LABEL 30
895
1293
874
1294
953
1292
872
966
16
866
870
29
1075
24
1077
873
867
927
905
1076
964
1135
1137
1118
1136
1117
1073


[TRIMESH_CONVEX_REGION_TRIANGLES]
REGION_LABEL 31
643
662
665
107
706
819
110
625
877
105
640
679
75
676
853
675
900
880
820


[TRIMESH_CONVEX_REGION_TRIANGLES]
REGION_LABEL 32
308
287
122
307
320
291
269
295
322
53
319
273
318
99
302
139
81
304
321
288
329
277
7
326
120
298
324
290
289
331
57
237


[TRIMESH_CONVEX_REGION_TRIANGLES]
REGION_LABEL 33
933
934
1065
1258
935
1059
1063
1061
1257
1197
45
40
1062
1198
309
1256


[TRIMESH_CONVEX_REGION_TRIANGLES]
REGION_LABEL 34
12
1058
38
1080
1060
1082
1081
1062
1197
1061
1012
309
41
1056


[TRIMESH_CONVEX_REGION_TRIANGLES]
REGION_LABEL 35
388
458
455
373
541
47
372
489
684
536
547
537
534
13
488
555
395
556
548
387
700
459
366
651
300
165
59
457
460
652
439
440
390
363
856
753
669
394
261
375
386
661
109
301
389
632
391
381
524
631
382
376
367
438
441
63
523


[TRIMESH_CONVEX_REGION_TRIANGLES]
REGION_LABEL 36
116
750
751
646
800
51
647
626
783
781
799
642
56
61
798
67
801
752


[TRIMESH_CONVEX_REGION_TRIANGLES]
REGION_LABEL 37
1139
46
825
82
38
1080
1082
1
10
734


[TRIMESH_CONVEX_REGION_TRIANGLES]
REGION_LABEL 38
35
30
32
1228
21
1232


[TRIMESH_CONVEX_REGION_TRIANGLES]
REGION_LABEL 39
134
1225
1219
1226
1129
1221
1084
1215
1131
1216
187
1227
1222
1218
1087
1220
1031
1015
1130
1223
125
213


[TRIMESH_CONVEX_REGION_TRIANGLES]
REGION_LABEL 40
194
527
787
427
757
791
649
697
532
698
525
184
196
786
1187
719
403
445
533
758
526
198
759
197
529
424
530
531
444
1095
803
428


[TRIMESH_CONVEX_REGION_TRIANGLES]
REGION_LABEL 41
4
80
31
807
838
0
943
944
1070
1068
1069
3
837
1066
1067


[TRIMESH_CONVEX_REGION_TRIANGLES]
REGION_LABEL 42
43
20
156
111
736
49
239
733
743
89
251
735
741
129
241


[TRIMESH_CONVEX_REGION_TRIANGLES]
REGION_LABEL 43
1217
1086
1088
1131
1215
1220
1216
1015
187
1087
1222
1218
1130
1219
125
1031
213


[TRIMESH_CONVEX_REGION_TRIANGLES]
REGION_LABEL 44
1243
974
263
926
993
233
987
1244
1071
1247
1072
1245
958
998
234
986
1246
1113
972
1115
258


[TRIMESH_CONVEX_REGION_TRIANGLES]
REGION_LABEL 45
272
235
404
402
209
6
278
405
170


[TRIMESH_CONVEX_REGION_TRIANGLES]
REGION_LABEL 46
216
983
985
994
984
992
1178
947
228
937


[TRIMESH_CONVEX_REGION_TRIANGLES]
REGION_LABEL 47
210
742
215
936
937
212
1156


[TRIMESH_CONVEX_REGION_TRIANGLES]
REGION_LABEL 48
1173
986
958
1247
260
972
1246
926
1244
1245
987
263
233
974
993
1243
234
1071
1072
998
1115


[TRIMESH_CONVEX_REGION_TRIANGLES]
REGION_LABEL 49
214
1038
242
709
1037
1299
858
1036


[TRIMESH_CONVEX_REGION_TRIANGLES]
REGION_LABEL 50
763
939
938
951
782
756
950
896
875
694
693
164
692
188
861


[TRIMESH_CONVEX_REGION_TRIANGLES]
REGION_LABEL 51
1010
1195
1081
12
1058
1060
1062
38
45
309
41
1056
1197
1012
1061


[TRIMESH_CONVEX_REGION_TRIANGLES]
REGION_LABEL 52
971
985
973
238
956
970
223
984
992
1178
994
231
947


[TRIMESH_CONVEX_REGION_TRIANGLES]
REGION_LABEL 53
102
75
679
676
819
78
675
880
820
1160
221
853
900
100
1158


[TRIMESH_CONVEX_REGION_TRIANGLES]
REGION_LABEL 54
1011
1125
35
1126
1078
1128
1127
1124
1079
33
826
825
1


[TRIMESH_CONVEX_REGION_TRIANGLES]
REGION_LABEL 55
108
516
191
518
171
592
193
190
522
519
686
688
591
689
435
593
164
693
653
756
692
754
782
710
207
654


[TRIMESH_CONVEX_REGION_TRIANGLES]
REGION_LABEL 56
991
919
990
88
916
848
954
1150
94
979
881
1148
93
955
879
1153
1145
980
95


[TRIMESH_CONVEX_REGION_TRIANGLES]
REGION_LABEL 57
982
228
947
775
1178
992
949
1163
132
984
1176
1174
956
739
1164
1175
223


[TRIMESH_CONVEX_REGION_TRIANGLES]
REGION_LABEL 58
1167
1168
963
1166
1053
839
1196
1191
946
1193
1165
1054
1169
250
1192
1252
1254
1194
1255
962
1184
1253
253
1250
924
1186
244
1183
1251


[TRIMESH_CONVEX_REGION_TRIANGLES]
REGION_LABEL 59
836
705
789
805
163
835
162
615
804
763
938
782
756
693
692
689
591
653
688
519


[TRIMESH_CONVEX_REGION_TRIANGLES]
REGION_LABEL 60
862
22
704
780
863
869
865
864
867
868
174
798
799
801
67
752
857


[TRIMESH_CONVEX_REGION_TRIANGLES]
REGION_LABEL 61
256
1287
206
1082
1080
1143
50
112


[TRIMESH_CONVEX_REGION_TRIANGLES]
REGION_LABEL 62
644
115
677
814
877
114
706
679
899
169
665
629
107
676
878
819
853
813


[TRIMESH_CONVEX_REGION_TRIANGLES]
REGION_LABEL 63
1238
1162
1242
1159
674
920
852
1158
100
1241
1161
851
898
1160
914
77
221
78
819


[TRIMESH_CONVEX_REGION_TRIANGLES]
REGION_LABEL 64
612
725
586
687
821
824
724
718
252
585
456
650
716
726
584
479
528
728
723
822
845
731
655
823
846
729
841
657
730
478
771
1169
715
602
732
788
946
722
772
1165
839


[TRIMESH_CONVEX_REGION_TRIANGLES]
REGION_LABEL 65
271
744
745
217
734


[TRIMESH_CONVEX_REGION_TRIANGLES]
REGION_LABEL 66
70
708
1271
685
683
765
201
580
208
1236
579
766
1144
1142
1237
1272
1239
34
1233
85


[TRIMESH_CONVEX_REGION_TRIANGLES]
REGION_LABEL 67
957
218
925
97
981
970
238
973
971
231
985
994


[TRIMESH_CONVEX_REGION_TRIANGLES]
REGION_LABEL 68
205
166
694
896
785
806
950
951
939
875
782
188
809
876
756
897


[TRIMESH_CONVEX_REGION_TRIANGLES]
REGION_LABEL 69
1259
1064
1200
1261
1257
1059
1198
1258
1065
1264
1256
1204
1063
1263
1260
934
932
144
1262
1199
1201
42


[TRIMESH_CONVEX_REGION_TRIANGLES]
REGION_LABEL 70
703
804
789
666
615
573
162
598
368
805
558
705
572
571
569
451
575
342
485
648
577
486
565
576
614
574
552
599
567
566
568
554
564
562
563
553
559
542
561
551
607
560
546
365
538
557
596
656
633
594
610
597
503
608
606
668
595
468
570
605
682
449
681
770
505
491


[TRIMESH_CONVEX_REGION_TRIANGLES]
REGION_LABEL 71
325
296
293
314
281
313
155
292
294
279
117
305
137
306
286


[TRIMESH_CONVEX_REGION_TRIANGLES]
REGION_LABEL 72
1240
1285
1286
86
73
1276
1274


[TRIMESH_CONVEX_REGION_TRIANGLES]
REGION_LABEL 73
1116
1120
967
1119
952
128
909
968
1121
911
1050
903
118
910
860


[TRIMESH_CONVEX_REGION_TRIANGLES]
REGION_LABEL 74
274
1279
1188
1249
1277
1282
1275
1185
222
803
1189
1280
1278
1095
1187
1281
1248
1190


[TRIMESH_CONVEX_REGION_TRIANGLES]
REGION_LABEL 75
106
19
634
664
672
613
5
15
760
816
203
92


[TRIMESH_CONVEX_REGION_TRIANGLES]
REGION_LABEL 76
1224
1129
1223
211
134
1225
1226
1227
1221
1222
1084
1215
1220
1015
1131
1216
187


[TRIMESH_CONVEX_REGION_TRIANGLES]
REGION_LABEL 77
28
1234
1229
1235
1140
92
1230
65
30


[TRIMESH_CONVEX_REGION_TRIANGLES]
REGION_LABEL 78
908
1146
1290
123
1291
1289
1145
860
879
1153
903
909


[TRIMESH_CONVEX_REGION_TRIANGLES]
REGION_LABEL 79
885
52
264
265
850


[TRIMESH_CONVEX_REGION_TRIANGLES]
REGION_LABEL 80
192
400
428
423
422
401
425
108


[TRIMESH_CONVEX_REGION_TRIANGLES]
REGION_LABEL 81
219
1019
180
582
173


[TRIMESH_CONVEX_REGION_TRIANGLES]
REGION_LABEL 82
1052
1181
90
979
991
1051
1180
119
104
917
1179
990
1013
921


[TRIMESH_CONVEX_REGION_TRIANGLES]
REGION_LABEL 83
87
1152
1240
915
1155
1285
1286


[TRIMESH_CONVEX_REGION_TRIANGLES]
REGION_LABEL 84
2
44
68


[TRIMESH_CONVEX_REGION_TRIANGLES]
REGION_LABEL 85
855
753
699
856
165
857
652
556
488
700
547
555
537
752
67
459
395
801
684
489
534
56
799
536
647
387
300
548
457
460
51
386
375
541
458
388
783
800
381
798
13
261
781
366
390
372
301
363
59
394
455
109
389


[TRIMESH_CONVEX_REGION_TRIANGLES]
REGION_LABEL 86
477
255
248
473
249
456
583
650
601
246
584
655
723
528
728
731
732
730
602
478


[TRIMESH_CONVEX_REGION_TRIANGLES]
REGION_LABEL 87
323
545
468
503
543
542
559
607
550
549
594
551
605
682
365
408
557
560
563
596
160
448
450
639
608
449
480
554
564
452
470
656
668
638
553
606
681
570
567
538
565
770
566
505
562
568
595
569
546
561
544
576
451
575
633
597
571
574
342
491
552
827
572
577
610
558
368
485
648
666
599
614
703
804
437
161
343


[TRIMESH_CONVEX_REGION_TRIANGLES]
REGION_LABEL 88
276
266
893
267
1043
1042
1041
1040
1046
1112
891
890
1111
892
887
889
884
1048
270
1045
850
888
264
886
1039


[TRIMESH_CONVEX_REGION_TRIANGLES]
REGION_LABEL 89
178
74
740
167
738


[TRIMESH_CONVEX_REGION_TRIANGLES]
REGION_LABEL 90
995
959
981
969
97
1115
258
998
1113
1072
1071
993
974
1243
1245
1244
987


[TRIMESH_CONVEX_REGION_TRIANGLES]
REGION_LABEL 91
232
793
227
792
132
1163
949
775
982
1176
1174
1175


[TRIMESH_CONVEX_REGION_TRIANGLES]
REGION_LABEL 92
894
714
854
494
696
149
226
62
842
945
713
495
141
481
721
628
641
148


[TRIMESH_CONVEX_REGION_TRIANGLES]
REGION_LABEL 93
1132
1086
1217
1179
917
1087
1051
1088
1180
1131
921
104
1013
187
1216


[TRIMESH_CONVEX_REGION_TRIANGLES]
REGION_LABEL 94
1020
195
200
802
1211
1026
1109
1025
1008
1023
1007
1270
1097
204
1021
1027


[TRIMESH_CONVEX_REGION_TRIANGLES]
REGION_LABEL 95
1269
922
1214
1211
1110
1134
1270
797
1109
183
923
1108
834
189
833
1133
1035
620
831
832
205
778
176
1106
622


[TRIMESH_CONVEX_REGION_TRIANGLES]
REGION_LABEL 96
8
913
243
1068
837


[TRIMESH_CONVEX_REGION_TRIANGLES]
REGION_LABEL 97
581
254
512
225
514
511
113
510
539
275
508
126
540
91
101
589
220
509
84
515
280
18
181
517
284
506
36
11
507
282
60


[TRIMESH_CONVEX_REGION_TRIANGLES]
REGION_LABEL 98
1151
1155
1147
1153
1149
915
93
95
94
1150
88
954
990


[TRIMESH_CONVEX_REGION_TRIANGLES]
REGION_LABEL 99
645
61
642
626
646
751
800
51
783
799
750
116
781
801
798


[TRIMESH_CONVEX_REGION_TRIANGLES]
REGION_LABEL 100
773
215
742
937
216
212
936


[TRIMESH_CONVEX_REGION_TRIANGLES]
REGION_LABEL 101
262
926
1288
270
276
266
893
267
890


[TRIMESH_CONVEX_REGION_TRIANGLES]
REGION_LABEL 102
761
24
1033
872
27
1032
25
818
817
673
634
664
672
613
15
635
816
760
203
663
17
14


[TRIMESH_CONVEX_REGION_TRIANGLES]
REGION_LABEL 103
660
631
749
524
667
523
63
671
630
878
438
632
376
748
441
815
367
382
651
439
629
440
391
814
670
661
899
389
109
555
169
394
488
390
547
537
363
386
460
300
395
457
261
534
13
813
536
375
59
381
387
301
372
684
548
669
541
366
459
652
700
458
388
47
556
373
455
489


[TRIMESH_CONVEX_REGION_TRIANGLES]
REGION_LABEL 104
1273
34
73
1239
1274
1276
86
1237
1285
1233
1142
85
1272
1286


[TRIMESH_CONVEX_REGION_TRIANGLES]
REGION_LABEL 105
9
39
1078
10
1011
33
825
1
826
1079
1127
1126
1128


[TRIMESH_CONVEX_REGION_TRIANGLES]
REGION_LABEL 106
1083
1091
1297
1016
1298
1034
1103
1100
1209
1092
247
1104
1207
131
245
179
1101
1208
147
1090
1102
1265
1212
151
186
1085
1266
737
1268
1105
1206
1202
1267
1017
1213
1210
1098
1205


[TRIMESH_CONVEX_REGION_TRIANGLES]
REGION_LABEL 107
1157
1154
214
1156
212
936
215
773


[TRIMESH_CONVEX_REGION_TRIANGLES]
REGION_LABEL 108
1094
1190
1248
1278
1280
1283
1028
1284
1189
1186
1275
1281
1277
253
1250
1253
1194
1282
244
1255
222
924
1184


[TRIMESH_CONVEX_REGION_TRIANGLES]
REGION_LABEL 109
859
242
207
1038
709
710
756
1037
754
654
858
691
810
692
693
164
689
591
593
435
653
688
686
519
604
603
690
190
185
522
592
590
521
171
520
516
518
193
191


[TRIMESH_CONVEX_REGION_TRIANGLES]
REGION_LABEL 110
1089
1141
112
50
1085
1083
1091


[TRIMESH_CONVEX_REGION_TRIANGLES]
REGION_LABEL 111
76
1238
920
914
221
1158
912
100
1160
78
852
1161
898
929
77
674
975

