[SCALE]
0.020

[BORDER]
0 0
51 0
454 472
892 102
928 95
940 0
1143 0
1131 151
1182 178
1472 511 
1700 320
1842 229
1957 171
2000 141
2000 291

1592 650
1893 1000
1906 1060
2000 1063
2000 1140
1924 1135
1922 1154

2000 1162
2000 1239
1921 1233
1480 1655

1775 2000
1695 2000
1435 1693
1288 1818
1215 1869
1144 1908
1068 1934
982 1944
978 2000
771 2000
777 1927
677 1901
600 1871
492 1818
400 1744
306 1656
216 1540
157 1414
119 1350
97 1254
83 1114
0 1107
0 905
106 914
150 810
202 726
292 616
390 530
390 522
0 72

[OBSTACLE]
1553 605
1801 389
1765 343
1690 400
1508 554

[OBSTACLE]
1440 1136
1506 1128
1616 1130
1845 1147
1844 1135
1616 1120
1540 1111
1483 1099
1443 1085

[OBSTACLE]
990 1889
1067 1874
1112 1858
1162 1835
1210 1803
1278 1752
1434 1615
1842 1227
1614 1212
1531 1209
1466 1215
1426 1224
1402 1284
1380 1328
1350 1373
1308 1420
1263 1461
1205 1497
1141 1521
1078 1543
1042 1593
1018 1670
1000 1769

[OBSTACLE]
1435 993
1472 1009
1552 1029
1847 1056
1841 1030
1542 682
1377 823
1401 870
1418 917
1430 959

[OBSTACLE]
1345 776
1505 638
1461 588
1299 727
1322 750

[OBSTACLE]
1252 692
1425 546
1150 224
1126 212
1096 621
1150 638
1197 656
1230 676

[OBSTACLE]
166 919
497 941
518 877
556 809
596 763
660 706
738 658
800 633
853 619
886 612
923 151
553 477
681 661
574 748
430 568
311 684
255 752
213 815
184 871

[OBSTACLE]
781 1869
800 1632
794 1576
784 1524
734 1504
681 1470
636 1435
599 1394
566 1352
538 1307
506 1232
489 1159
489 1141
253 1124
279 1295
309 1320
361 1345
367 1368
286 1396
404 1584
398 1663
462 1722
533 1771
599 1809
690 1845

[OBSTACLE]
950 1415
1035 1407
1115 1382 
1176 1350
1222 1308
1259 1258
1289 1189
1305 1122
1300 1036
1290 982
1267 917
1235 860
1190 818
1145 788
1059 758
1014 748

[OBSTACLE]
903 1413
913 1313
907 1273
894 1230
870 1184
843 1147
809 1118
762 1089
710 1074
621 1068
628 1134
643 1195
669 1255
710 1311
759 1354
818 1389
872 1406

[OBSTACLE]
623 1020
696 1022
763 1019
809 1011
844 998
876 979
900 954
921 923
940 884
953 853
958 831
966 745
922 748
873 757
828 772
789 790
757 809
715 841
682 875
656 912
637 958
627 997


































 













































































































