[SCALE]
0.02

[BORDER]
0 0
2000 0
2000 2000
0 2000

[OBSTACLE]
302.536 1992.89
576.989 1990.52
950.813 1801.19
938.984 1751.5
908.226 1730.2
868.004 1734.93
818.319 1749.13
773.365 1760.96
744.973 1749.13
737.875 1720.73
754.437 1668.66
787.561 1630.8
806.489 1600.03
797.025 1566.9
773.365 1559.8

[OBSTACLE]
986.303 1775.16
986.303 1723.1
960.277 1699.43
901.128 1675.76
868.004 1689.96
811.221 1699.43
815.953 1666.3
846.71 1640.27
877.468 1590.57
860.906 1547.97
827.783 1524.3
1206.34 1226.11
1246.56 1237.94
1310.44 1247.41
1345.93 1290.01
1343.57 1344.44
1319.91 1410.71
1319.91 1465.14
1355.4 1505.37
1386.15 1519.57

[OBSTACLE]
1426.37 1491.17
1390.89 1467.5
1367.23 1432
1376.69 1398.87
1386.15 1346.81
1393.25 1299.47
1388.52 1254.51
1371.96 1221.38
1319.91 1204.81
1260.76 1183.51
1568.33 932.652
1646.41 769.356
1660.61 653.393
1715.02 684.158
1745.78 762.256
1752.88 821.421
1795.47 866.387
1861.71 887.686
1726.85 1266.34

[OBSTACLE]
1885.37 809.588
1833.32 771.723
1812.03 707.824
1802.57 643.926
1752.88 598.961
1698.46 584.761
1741.05 480.631
1814.4 255.803
1892.47 123.274
1970.55 109.074
1994.21 568.195

[OBSTACLE]
472.886 800.122
385.345 769.356
406.639 724.391
430.298 667.592
491.814 662.859
558.061 684.158
553.329 759.89

[OBSTACLE]
801.757 482.997
782.829 433.299
827.783 338.635
915.324 357.567
950.813 428.565

[OBSTACLE]
290.706 1443.84
125.087 1285.28
214.994 1237.94
394.809 1121.98
472.886 1221.38
409.005 1304.21
368.783 1382.31

[OBSTACLE]
865.638 1133.81
742.607 1065.18
775.731 932.652
1002.86 823.788
1099.87 885.319
1043.09 1015.48
969.741 1060.45

[OBSTACLE]
1293.88 677.059
1192.14 684.158
1095.14 546.895
1296.25 440.398
1457.13 277.103
1502.09 430.932

[OBSTACLE]
311.999 1869.83
113.257 1801.19
250.484 1673.4
449.226 1609.5
472.886 1682.86
453.958 1753.86

[OBSTACLE]
702.386 1547.97
832.515 1439.1
808.855 1361.01
704.752 1344.44
548.597 1443.84

[OBSTACLE]
1054.92 1219.01
1083.31 1145.65
1156.65 1029.68
1239.46 1022.58
1227.63 1100.68

[OBSTACLE]
1426.37 904.252
1350.66 856.92
1433.47 759.89
1539.94 639.193
1591.99 717.291

[OBSTACLE]
1002.86 1981.06
924.788 1928.99
965.009 1876.93
1043.09 1841.43
1218.17 1810.66
1187.41 1919.52

[OBSTACLE]
1305.71 1782.26
1187.41 1723.1
1284.42 1659.2
1445.3 1611.87
1452.4 1694.7

[OBSTACLE]
1573.07 1597.67
1532.84 1543.23
1582.53 1472.24
1696.1 1410.71
1767.08 1427.27
1741.05 1517.2
1689 1588.2

[OBSTACLE]
1828.59 1346.81
1804.93 1304.21
1812.03 1226.11
1861.71 1159.85
1953.99 1145.65
1990 1263.98

[OBSTACLE]
1982.38 1074.65
1927.96 1024.95
1944.52 951.584
1970.55 875.853
2000 854.554
2000 875.853
2000 984.717
2000 1088.85

[OBSTACLE]
1296.25 1952.66
1270.22 1907.69
1296.25 1836.69
1362.49 1815.39
1386.15 1827.23
1405.08 1912.42

[OBSTACLE]
1518.65 1789.36
1492.62 1742.03
1506.82 1661.56
1577.8 1652.1
1632.22 1668.66
1622.75 1732.56

[OBSTACLE]
1809.66 1559.8
1802.57 1481.7
1807.3 1413.07
1852.25 1387.04
1935.06 1370.47
1946.89 1432

[OBSTACLE]
1483.16 1990
1433.47 1940.82
1471.33 1876.93
1565.97 1872.19
1554.14 1981.06

[OBSTACLE]
1686.63 1798.83
1662.97 1720.73
1722.12 1618.97
1800.2 1611.87
1885.37 1680.5
1776.54 1768.06

[OBSTACLE]
1939.79 1668.66
1897.2 1576.37
1925.6 1529.04
2000 1503
2000 1618.97
2000 1708.9
