[SCALE]
1

[BORDER]
0 0
34 0
34 34
0 34

[OBSTACLE]
9.440032958984375 10.240631103515625
8.48101806640625 10.560394287109375
9.280487060546875 11.8394775390625
9.600311279296875 12.15924072265625
10.559478759765625 12.15924072265625
10.87921142578125 11.35992431640625
10.71929931640625 10.40057373046875

[OBSTACLE]
22.080230712890625 17.920806884765625
21.600830078125 18.719940185546875
22.400543212890625 19.99957275390625
22.400604248046875 19.99969482421875
22.400634765625 19.9998779296875
22.400634765625 20.000091552734375
22.40057373046875 20.000335693359375
22.08099365234375 20.63946533203125
23.03985595703125 20.7991943359375
23.999237060546875 20.4794921875
23.999237060546875 19.519989013671875
23.999298095703125 19.519744873046875
23.9993896484375 19.51959228515625
23.99951171875 19.51947021484375
24.95855712890625 18.720184326171875
23.039794921875 18.08062744140625

[OBSTACLE]
8.16046142578125 23.5208740234375
7.840667724609375 24.64013671875
7.840667724609375 24.64019775390625
7.52081298828125 25.439727783203125
8.320037841796875 26.079132080078125
9.43890380859375 25.599639892578125
8.799407958984375 24.640380859375
8.799346923828125 24.6402587890625
8.79931640625 24.640167236328125
8.799285888671875 24.639984130859375
8.799285888671875 24.639892578125
8.79931640625 24.639678955078125
9.1190185546875 23.840423583984375

[OBSTACLE]
18.87969970703125 28.160797119140625
17.760406494140625 28.48052978515625
17.280792236328125 29.279998779296875
17.760498046875 30.239532470703125
18.2401123046875 30.7191162109375
18.55963134765625 30.559295654296875
18.5596923828125 30.55926513671875
19.518890380859375 30.239593505859375
19.0394287109375 29.44036865234375
19.03936767578125 29.4403076171875
19.039276123046875 29.440093994140625
19.03924560546875 29.439971923828125
19.03924560546875 29.439788818359375
19.199188232421875 28.48016357421875

[OBSTACLE]
15.359619140625 18.56072998046875
14.400360107421875 18.56072998046875
13.60089111328125 19.52001953125
14.08050537109375 20.1595458984375
14.56011962890625 20.79901123046875
15.199554443359375 20.3194580078125
15.199615478515625 20.31939697265625
16.318939208984375 19.679840087890625

[OBSTACLE]
20.800018310546875 9.120758056640625
19.840972900390625 9.600250244140625
20.800537109375 11.039581298828125
20.800628662109375 11.039764404296875
20.960479736328125 11.838897705078125
22.23919677734375 11.03961181640625
22.079254150390625 9.600494384765625

[OBSTACLE]
30.2393798828125 10.559600830078125
30.239501953125 10.559478759765625
30.878936767578125 9.76019287109375
30.239959716796875 9.440704345703125
28.960906982421875 9.92034912109375
29.44061279296875 11.0396728515625
29.440643310546875 11.039886474609375
29.440643310546875 11.03997802734375
29.44061279296875 11.0401611328125
29.12103271484375 11.998992919921875
30.239227294921875 11.679473876953125
30.239227294921875 10.55999755859375
30.239288330078125 10.55975341796875

[OBSTACLE]
16.95947265625 12.640899658203125
15.840423583984375 12.960540771484375
15.04083251953125 13.7601318359375
15.360382080078125 14.718902587890625
16.159515380859375 14.239501953125
16.159515380859375 14.239471435546875
17.119171142578125 13.439666748046875

[OBSTACLE]
7.03936767578125 16.000732421875
5.280059814453125 16.000732421875
4.1607666015625 16.32049560546875
4.3206787109375 17.5997314453125
4.800262451171875 18.399078369140625
6.23968505859375 17.7593994140625
7.19921875 17.279571533203125

[OBSTACLE]
25.120330810546875 25.12078857421875
24.480926513671875 26.079864501953125
25.440093994140625 26.879180908203125
25.919708251953125 26.719268798828125
25.919891357421875 26.71923828125
25.92010498046875 26.71923828125
26.71954345703125 26.879150390625
27.19927978515625 25.759674072265625
27.199310302734375 25.759674072265625
27.35906982421875 25.120819091796875
25.9200439453125 25.280731201171875
25.91986083984375 25.280731201171875

[OBSTACLE]
18.7198486328125 23.200653076171875
17.600494384765625 23.360595703125
17.2808837890625 24.15966796875
18.560089111328125 24.95916748046875
19.199859619140625 24.799224853515625
19.9993896484375 24.639404296875
20.159149169921875 23.680450439453125

[OBSTACLE]
14.08001708984375 24.8006591796875
12.480377197265625 25.12060546875
12.000823974609375 25.919952392578125
12.80035400390625 27.03924560546875
13.5994873046875 27.03924560546875
13.919281005859375 26.23968505859375
13.919464111328125 26.23944091796875
13.9195556640625 26.239349365234375
13.919708251953125 26.2392578125
14.87945556640625 25.919464111328125
15.199066162109375 24.960540771484375

[OBSTACLE]
26.399444580078125 7.840850830078125
25.120391845703125 8.16058349609375
24.48089599609375 8.9599609375
25.120513916015625 9.759552001953125
25.12060546875 9.75970458984375
25.120635986328125 9.7598876953125
25.120635986328125 9.75994873046875
25.28033447265625 10.39849853515625
25.919464111328125 9.599517822265625
26.5592041015625 8.63983154296875

[OBSTACLE]
24.319854736328125 2.880706787109375
23.200958251953125 3.20037841796875
23.680511474609375 4.319366455078125
24.95947265625 4.63909912109375
25.27911376953125 3.200439453125

[OBSTACLE]
28.9599609375 4.800689697265625
28.000823974609375 4.960540771484375
28.160614013671875 6.079681396484375
28.960357666015625 7.039276123046875
29.59954833984375 7.039276123046875
30.3990478515625 5.2803955078125

[OBSTACLE]
12.959869384765625 28.960784912109375
11.840576171875 29.280517578125
11.6806640625 30.23980712890625
12.480255126953125 31.199249267578125
14.079498291015625 31.199249267578125
14.399169921875 30.0802001953125

[OBSTACLE]
13.120849609375 4.480804443359375
13.28070068359375 5.59954833984375
14.240081787109375 6.39910888671875
15.83892822265625 5.599761962890625
15.199615478515625 4.800628662109375

[OBSTACLE]
3.200469970703125 28.640655517578125
2.720733642578125 30.079864501953125
3.680145263671875 31.199127197265625
5.918853759765625 30.239654541015625
4.79962158203125 28.80059814453125

[OBSTACLE]
29.1201171875 17.28082275390625
28.000640869140625 18.24041748046875
27.68084716796875 19.199615478515625
29.119964599609375 19.9991455078125
30.559234619140625 19.039581298828125
30.559234619140625 17.92041015625

[OBSTACLE]
23.36029052734375 13.440673828125
22.560791015625 14.240264892578125
22.8804931640625 15.51910400390625
25.75860595703125 14.7196044921875
24.639617919921875 13.600616455078125

[OBSTACLE]
4.63970947265625 11.199066162109375
5.59942626953125 9.759490966796875
5.5994873046875 9.759429931640625
6.718536376953125 8.800262451171875
4.640106201171875 8.1607666015625
3.2008056640625 9.44012451171875
3.84051513671875 10.71942138671875

[OBSTACLE]
9.920562744140625 17.12091064453125
9.600799560546875 20.15875244140625
10.2392578125 19.83953857421875
10.399200439453125 17.280487060546875

[OBSTACLE]
9.27960205078125 3.520660400390625
8.320404052734375 3.520660400390625
8.000732421875 4.159942626953125
8.4805908203125 5.43963623046875
8.800445556640625 5.919342041015625
9.759490966796875 6.23907470703125
10.079193115234375 4.9600830078125

